1: 83 95 120 108 191 101 128 183 65 93
2: 176 27 197 139 149 25 8 87 34 61
3: 17 158 41 84 76 70 60 77 97 134
4: 152 100 22 37 190 48 143 104 181 15
5: 125 163 173 32 28 166 47 162 40 35
6: 4 46 117 159 131 151 138 99 67 147
7: 106 129 174 66 23 31 52 177 107 6
8: 187 26 141 105 13 62 36 167 79 116
9: 51 10 160 112 72 68 86 38 1 111
10: 192 94 98 171 73 88 161 164 58 14
11: 92 5 115 30 45 189 18 130 133 29
12: 102 123 80 165 122 179 124 154 89 33
13: 172 3 109 155 43 186 63 140 198 199
14: 11 126 12 64 56 193 71 142 145 50
15: 136 118 137 127 9 119 74 53 85 69
16: 82 132 185 78 194 90 182 153 175 156
17: 200 196 103 81 110 113 180 2 49 184
18: 24 135 96 42 148 44 121 20 39 168
19: 57 114 55 59 19 91 144 188 169 7
20: 170 54 146 178 21 150 75 157 195 16
