774721
316263
432128
906323
989973
379582
144982
529372
436086
118623
835217
911309
288788
995055
995588
363186
709169
87406
612105
391292
218057
104645
65407
615804
910735
951282
697041
626382
438350
28739
542867
860675
923571
949936
385389
462857
920599
80216
813377
422113
708861
475881
797047
45755
921642
85006
735602
558718
219058
415241
97090
959974
856482
522391
286522
697857
328994
210394
337370
132703
533816
41244
887288
348875
309107
12749
589359
826932
113485
379178
318444
764733
287048
363006
236754
56718
198428
71047
287113
741678
851542
195775
162798
182303
814625
703209
730017
648086
398610
528895
415354
785438
609262
499517
779070
23013
175465
142723
397856
186768
952440
873398
596700
928146
573505
243618
142832
152371
796444
674374
79006
838941
551084
178283
807215
579082
2544
10422
116908
457436
554191
18572
862082
414936
678155
705361
541348
858000
387994
992188
363285
935978
410908
639899
535025
463188
500874
839673
183224
440743
587805
310520
735964
611217
940608
476064
121131
5896
576091
745881
889553
793703
451153
363219
25121
468302
627252
479315
552650
251327
95607
224252
415103
758660
765503
232097
988289
126143
790237
933292
434019
304600
677110
993815
838456
553555
364523
459490
837155
478464
961093
672480
180234
767099
893510
998725
380775
290517
799493
84588
139276
971857
624885
693776
861856
719138
703817
488670
43216
671507
188998
371677
55176
317639
336277
404952
60634
214070
477977
473838
267740
684604
401749
889776
91655
813383
474688
519951
946574
919204
597711
300873
844201
139182
795223
119767
250749
883272
636851
597120
223014
136548
473622
538451
68163
250583
50220
608755
328658
439497
609355
934532
889972
816117
891900
842983
448599
594807
799634
79565
484417
949723
155023
515091
418911
407117
273376
381545
226176
778645
61553
315395
370564
366811
545689
197322
307111
163648
35643
801753
647945
41228
912672
316675
599675
670949
203654
95418
160291
507649
645586
882306
967638
230638
124641
149237
608843
531566
953244
19914
271328
263631
574259
400463
706597
303623
882850
243233
764464
374205
305186
679291
717526
519800
690219
978439
759644
596074
453435
221263
922719
672868
115307
196995
911045
878162
134060
25515
480805
268969
788879
1951
286141
434156
138239
288182
912969
894712
169618
683866
416743
456584
180651
956109
720542
614942
406130
665072
168431
966950
677010
512415
710213
706410
451830
628617
437445
667150
288599
347126
161046
385420
46376
598869
841571
261386
548721
32817
239875
443187
470386
651081
721651
242235
223572
22092
411185
386959
99026
383686
679084
267778
845203
833375
135558
976520
440898
456234
782255
47337
589482
638978
748478
221351
17088
663422
758286
165197
152305
668468
387794
3825
328080
299299
145351
743628
927079
61673
333847
393644
105283
633498
529626
707408
280168
3388
199831
785879
296785
784626
303285
724131
926704
617189
877629
521537
799687
539602
648892
252905
177733
165590
500562
140236
517813
796167
698367
319071
525286
717303
281849
670550
801761
880459
519354
589856
407506
956036
176181
162243
758223
940659
473743
350983
289212
852277
388562
493404
474226
417457
68812
880466
77001
181494
472175
77915
826785
856906
326519
68496
8728
357275
357883
90842
191750
315026
275751
66405
799154
954503
755790
983034
55172
103740
956632
103911
344748
812682
12161
963783
217607
514021
355189
228811
229531
354150
76519
982456
541931
224339
324259
609946
134022
221091
376680
43609
127703
603479
40041
312954
987345
919511
433952
207459
490017
943664
218786
120291
931660
359618
980591
391467
598697
433721
839183
65815
853389
740195
4825
246582
819713
954097
202567
190594
731367
918499
378473
364026
280631
219320
221140
710595
651724
275399
714449
203418
671089
804216
752080
960052
795012
972395
231658
242775
478381
706255
563271
868376
444764
881446
650557
749086
881444
174370
769282
15993
838014
47759
837041
6107
850375
581871
496767
78898
285239
134185
97132
68315
481772
731786
568094
812164
23830
950744
283359
765413
209306
227794
451986
197072
977336
637268
866448
463968
12493
480901
440036
872368
263039
682842
506854
297255
665153
726539
601878
929055
615730
808716
678669
277709
898344
20861
4744
453
816373
196664
611145
766963
583672
596540
70966
646095
792732
600062
163998
270808
365427
327176
918610
738661
514882
778880
782848
839105
243493
177693
945930
464536
334182
771301
994293
191980
516149
765116
541769
360317
729163
103757
361233
177526
383971
340245
928017
63094
57508
522036
70622
345777
399597
454504
607485
637817
927815
555383
498217
117320
573472
776808
373355
277264
534157
834643
489753
709826
903869
796320
962626
733259
818379
208414
253144
774037
869773
174716
411368
318838
158184
83930
918401
874038
333942
301567
100885
216479
438049
176702
174616
908242
601995
987942
409094
58261
962103
844950
473226
24827
122376
922288
398138
953387
224967
660371
444773
321432
795015
812952
992919
114759
974764
694594
501274
285242
978459
56181
656896
351416
967304
552100
142101
102827
712931
993421
732933
788776
322509
345655
754007
544107
54861
455224
846981
838220
304964
345709
931490
1165
565667
939584
438476
207358
387752
56128
536513
760573
331598
867357
864788
317891
189274
602032
507279
443018
47093
153798
292831
36229
724260
390443
384879
567698
644782
942560
823817
318644
811420
510278
889923
202961
594686
7099
446463
275503
635105
891386
236236
997729
509857
724055
943947
924142
303130
341048
140072
674246
198737
499872
544670
736898
310778
960268
350112
412574
72556
968818
333697
191479
483320
842852
235193
2229
680678
539251
260594
412698
182495
502022
180953
809818
536690
215387
799958
241719
375528
181527
468693
380063
797602
797595
413860
411909
389568
123196
139785
848481
274994
390525
997830
74571
655503
363546
192319
68034
208838
268717
547700
968342
312091
622982
363476
329025
469201
621049
230662
83713
516438
518828
971122
942669
978908
683086
745944
925662
731446
157367
297006
677768
445905
577310
117700
254888
460917
236401
293174
625100
463801
527333
594124
508120
875884
462236
474509
591172
261459
417946
536002
756722
42050
237294
767140
245286
130815
737947
216161
219479
353058
881583
364751
821553
142585
410593
427420
15400
479165
799022
91434
324799
803648
998537
469871
718122
479256
150718
741776
804663
492577
549398
784923
793804
892003
445766
836899
679988
203511
559051
389420
912994
775248
884362
157919
462250
906843
656564
651709
226199
931672
100222
386860
704353
827587
821882
82040
153380
6118
487440
672665
51397
137297
595896
195582
602612
688623
86799
845422
569363
796046
717342
667754
585514
251279
185571
697252
258350
102487
386946
771182
599079
982664
663847
7567
404407
136457
624413
233726
11534
821585
682419
884682
757259
891350
659240
208064
717676
153381
117088
912340
215209
296604
104760
752443
287716
774561
897962
915922
179659
588155
331159
792514
285729
786777
431282
441802
921336
352446
755203
167470
659120
544313
874451
887285
189783
612248
269063
390168
415430
301750
26810
544463
750849
33250
56364
148743
888879
395558
186719
368979
672225
257399
791035
524559
800352
40070
208758
378650
3816
848919
812676
892816
624587
226484
480373
327284
308655
753073
51346
812241
770906
862070
18485
840625
832226
843596
438505
11182
855641
317912
833539
168783
465932
826318
445421
817887
871004
552234
204751
61763
641457
717405
673324
755726
837933
389402
469348
791599
678799
356303
781235
851663
781023
417694
129844
673573
873241
83855
570784
113098
503952
828836
185747
485017
372079
594373
853250
882905
290881
659535
243204
977168
91104
797087
900655
558541
104840
191251
811455
782242
75766
222912
816076
140205
904773
494520
770852
942671
857793
947043
844242
853564
100641
350446
151485
546664
483087
7376
810164
261241
194526
458057
783857
775776
6841
366313
487120
605711
2321
288272
520385
491020
50028
188496
217663
706068
331033
834519
764973
209401
208852
63110
479798
810866
640122
41406
176287
113893
584132
396143
384701
553110
771427
212487
957921
435797
785185
140267
723371
859384
636707
828603
468615
108808
842262
605049
291336
277733
736863
925297
245630
519568
834837
612772
209975
816684
484447
867177
28914
579301
685993
932726
626942
960806
62727
932637
337655
10634
966182
430807
325200
81665
462789
144901
368886
122306
453496
762774
172596
135426
776774
692991
539708
22333
465509
770365
624288
350188
947084
990745
191563
124943
321699
147621
919316
271200
488793
824500
196307
150614
833031
876036
523167
142442
920169
113450
16201
430388
555150
225984
887938
287832
422180
886311
278261
802910
458201
676175
191436
614210
785191
766579
144054
840294
133528
248281
955559
699813
78714
654544
971555
564978
792699
406806
329804
355941
565028
259467
572011
445192
988721
7329
613039
702173
902111
706832
504146
218240
739226
310438
344182
321572
222426
662
968748
560719
5622
417235
565538
538037
178623
308326
22788
963741
821434
774606
434814
228202
357949
589055
651717
706516
991206
131947
432655
639960
577795
993740
277670
775742
409564
409863
694403
933226
348610
429044
91715
302941
982283
719528
795656
342080
598136
299911
186267
401043
85504
117232
925167
111683
387754
268362
901055
537952
939166
700034
996283
584312
607004
266563
236861
865075
630026
717797
178608
321864
93121
28406
22238
30603
952629
914386
392976
600350
312197
666569
293646
249561
665796
802849
145265
527985
71397
655482
689615
392818
733440
801520
535045
64685
538593
635405
419178
847407
48524
125407
194507
590894
563753
3365
472674
649119
77826
865406
991029
301627
380366
46454
273247
446436
373144
74801
673469
160804
693683
22770
766632
117898
951072
591825
62092
674001
560498
932287
998239
884430
940619
830933
547604
741401
112027
940017
622176
444544
217061
912922
95486
927269
119635
82036
825710
853273
455945
804166
515360
779793
330370
861346
19525
829876
262506
736617
413267
955608
621771
548410
197657
9933
351497
488497
619727
699899
422393
473867
446279
837484
897440
879012
532718
251028
438339
570943
825210
750331
311660
448982
722792
506381
847059
67173
899792
871079
200521
949188
601901
64068
665845
576170
194056
720742
529434
696570
305877
484217
117739
205667
865099
251603
659166
788674
760093
693841
57578
181164
278817
713436
306639
865689
41561
753579
916526
518222
935150
811930
850047
300508
940720
772761
183560
786639
899773
471377
532033
71502
398317
333631
37877
231986
680313
382927
542759
413106
332920
20328
926670
18934
539131
926584
709954
86007
743464
946840
758088
126801
574009
601808
611381
262959
551723
605992
583305
984709
343875
502410
275501
956234
639228
147927
838670
906534
356709
165337
440338
685163
963125
534197
479573
57314
232881
483287
753694
91139
351862
323808
394638
88046
431000
974857
610243
1146
153315
569523
260858
433522
873512
941020
321600
777725
544975
316887
602653
96185
155182
761686
564958
107519
618475
228007
859041
487135
772261
104812
535158
35729
763666
936433
798785
998599
387338
630406
882169
858626
866208
75193
414151
688687
523391
821717
818291
821662
986526
707664
887806
169186
510275
586930
662449
220265
589419
196823
609687
797616
951432
649185
351996
256872
930073
623346
941240
155376
180418
587710
526565
820092
524568
631837
77968
392502
416274
114297
989322
425954
531602
776932
863213
598789
608053
682247
367196
562109
225132
184222
421594
48034
351558
278564
539107
286114
639425
535171
575716
961643
861550
225802
231529
197475
224312
401209
912640
934863
312355
509658
617090
952300
108321
7416
665674
109565
438970
767361
676236
199847
589755
621077
961965
869729
479138
161617
208677
620921
871769
926267
966057
452461
208216
536452
984727
20607
591422
775065
629643
123311
100423
350833
894507
539250
432046
300232
315835
117173
337020
457130
920208
368794
687409
545654
537967
928509
524781
491718
124357
362629
960125
893945
360698
37806
867157
63471
662312
29095
744687
514102
467735
236220
491456
140294
995558
440660
61333
139134
456649
157100
316629
741226
737675
682061
790459
873777
963648
351902
187660
125992
174452
622722
15925
440663
250875
708977
739637
942947
584703
962864
279678
88036
165743
218539
31708
90546
361056
804471
348089
935339
276758
821670
932489
672281
975933
978725
83447
392827
656559
448222
310249
224633
804858
75350
183531
977563
807954
592200
406677
674136
268212
298635
768738
640170
224670
200248
717394
705692
435352
391203
285286
824937
107244
246840
714472
601770
179126
752546
54747
543097
382302
123538
375310
948625
924165
513976
329312
851473
154009
530011
346325
394891
138253
277576
467518
565419
743475
517226
210993
460882
104744
906782
985441
285679
909976
117623
744296
193635
672369
630651
565936
162698
177492
542443
187540
41098
751094
436988
367702
867541
255949
850238
989822
589093
395866
827422
407626
904819
874020
436305
211276
39864
512990
75264
123356
379737
560451
827714
975079
309902
147189
916261
616061
895816
788922
835173
265812
474456
914617
152800
296944
807204
98425
90251
728260
575415
762373
554652
746848
212968
774745
156108
649821
497704
105927
533934
944950
840845
133482
439983
622347
656092
653284
471729
301206
375710
963050
934952
966845
657123
295510
586451
126951
977752
133190
33647
732077
233169
459343
698317
159582
843374
268272
160977
364148
989959
657267
931985
143048
973797
944575
738
391710
244550
906480
163564
37054
409286
206918
800349
116206
67739
983750
702539
254301
3464
472964
235482
518729
260082
123319
895932
131866
812715
684346
836889
419582
938332
911442
251637
667127
439501
912567
373784
230371
262876
206948
799974
152968
870861
115439
814319
314464
43282
655531
197287
289455
423367
336319
430323
225855
485591
666201
219015
402344
246288
950058
650779
431460
327659
709764
181428
686653
61688
491069
903156
96023
368513
786817
311369
273101
894826
272132
295968
129023
893871
111196
38511
151014
141367
32626
783520
204221
104868
991458
218601
504591
456712
327594
402085
471395
122493
846205
393509
470563
139557
697456
217795
955144
536127
600757
553498
157807
148629
522856
795173
326399
135580
2995
71377
856881
27878
945368
769103
348584
437504
136416
345848
384542
903459
398753
593621
81945
389356
987180
415459
598890
814856
18167
186039
820880
150592
774144
766695
528697
89505
298723
427432
418060
550466
581519
974227
683882
454649
259887
135575
292022
123315
566913
793526
987793
146005
679552
677881
344641
825447
793305
983786
288961
166266
491168
396036
970886
308056
451052
550978
17489
375851
970288
121639
758070
770404
909057
879973
543861
553159
382756
101820
173689
805790
51765
100140
122531
313239
312353
170950
725814
243179
730783
883514
980963
123423
864350
343998
647011
418399
432896
885009
624703
240985
813956
220198
521588
899147
318995
996527
853305
271364
154747
432977
973571
665599
857467
287869
574131
2895
792421
279195
922848
193488
528344
335045
6525
433732
758282
158234
142361
590950
579179
291352
592189
318548
989800
122330
694909
248019
539245
31898
485668
270165
68522
547078
398120
569112
487513
746070
381555
253742
893240
328015
264554
29259
390038
415515
457263
387357
202824
212422
356627
319485
775589
261113
559319
2239
509841
199152
567697
327277
102756
455583
950729
255312
936047
336020
121260
364494
122903
38160
518755
804213
272444
705118
973125
698644
509243
887425
888460
707796
179397
762391
112609
592850
77751
957912
158896
731904
803388
596666
413081
347733
830544
884849
346123
651853
134448
263198
409498
603528
908586
222313
469044
190355
679045
665718
537045
555338
347517
823987
98212
818309
89725
540935
388638
661429
997479
378154
500761
650298
451574
200579
298971
13260
987614
983260
352843
582463
908560
249198
643213
625971
978703
890908
981740
648034
28766
148748
486258
543154
558237
60310
902683
264505
353559
576852
28085
224974
326296
115877
95782
10786
95016
372240
113163
507665
998514
661242
159685
861841
693407
235338
371096
211129
126071
127433
929308
754367
562952
957950
767747
880141
13876
259242
952350
749194
319276
487154
838908
872773
338758
304457
173792
518249
458997
842142
780191
840451
85012
665123
38316
214169
480598
436077
549735
999631
303252
683050
705298
180842
152136
975390
778162
845404
170861
501681
768848
112256
262777
795948
766530
424145
861246
83605
100661
733056
858222
914160
870341
408220
280566
838454
929960
886240
387637
581461
277837
663714
531192
660188
908351
761815
952716
17618
452529
544044
193561
237578
79638
745432
182774
607802
33953
243236
566434
939108
983678
7648
487193
970836
278320
460581
803283
557486
773953
697863
152939
632723
524381
404962
513509
274523
421648
499708
396412
463731
863429
977793
310547
494610
939907
85518
745645
361391
977078
688103
383442
335266
663900
194768
377925
443634
258842
538487
218412
795361
209625
248082
115262
854959
324036
964825
729974
534168
619865
346737
32931
205003
659745
548344
567103
145501
379668
199804
467294
972205
849621
672325
409288
845027
865482
508413
636609
551662
455229
302418
819508
303180
661465
839943
519490
179854
192329
554403
294608
684658
364484
62538
81628
584482
377524
819145
679775
879196
654215
51215
715669
691413
494252
794404
968269
384176
355638
900668
562720
70523
412007
960477
926023
169024
917595
645143
426051
674691
303679
956728
204410
242007
420713
419907
392412
848917
552187
393360
703652
83486
974286
62241
652405
740498
567663
18862
105238
953393
260878
593881
355243
170366
669338
415414
165081
108230
616083
813090
898871
293744
500300
737067
205954
986427
485649
266244
518650
246072
520732
776416
814554
450320
896592
59527
288458
252036
957036
770996
168099
733933
418891
760213
117351
849901
304883
126740
282139
888250
977818
37577
981148
143800
587331
381146
436221
536239
884770
163995
410771
117769
466095
205047
283797
291439
313260
479411
80891
101384
827862
457617
619679
321797
501341
17295
622325
1491
742663
888835
869574
393277
66003
924499
732621
977181
212456
217028
408109
619433
616514
138603
379202
596461
217939
650950
152430
870665
814599
11069
519299
21734
242527
676550
702105
507705
576065
823669
499328
864150
19783
889642
687045
844419
115248
510081
340430
222140
498732
713072
246608
164403
481392
133326
988181
277419
766098
427643
840019
359369
977794
187305
721703
329250
173607
441849
441166
941380
474847
606447
453784
479964
355290
595059
646465
974332
799216
558549
197751
87487
196120
445844
969906
32110
171271
182218
49008
681185
908596
113890
464426
586122
759856
368095
498497
805317
230691
347494
412246
607960
295811
25068
920510
903482
888566
15733
446328
184321
171310
486720
133843
427044
260229
686186
360216
149721
607958
881077
388364
854420
26680
328089
255253
632888
885170
797016
271904
832737
983164
106623
855624
835534
41261
521166
921801
278594
566743
892246
29529
695006
531051
837547
603130
437177
783345
152618
766868
491621
805521
478609
23131
832341
13295
121009
968815
451421
935623
962762
230590
854480
216048
733952
351618
284537
440451
231422
578626
317365
331056
698602
26358
928938
955180
969181
584743
849894
362030
564328
635483
363351
207544
976694
618562
542356
418357
117834
761712
583264
85345
555541
53475
958170
545653
607677
517113
271669
587180
876915
283313
424981
646188
452549
4742
428334
131971
473018
7062
780155
909863
329220
155100
403426
560668
249186
515482
67789
404330
634043
30199
543347
813389
37571
98141
940910
256783
123122
987314
237108
101106
984934
961930
279233
645756
634235
248914
885261
893530
712648
519898
107632
486041
123385
20681
774639
856231
954490
460793
765124
129383
990001
684874
280490
889911
711804
721881
509817
598205
472797
199429
911970
735226
766472
396265
212569
850950
413820
548210
222514
261982
984496
820252
940621
168149
788124
2568
902061
419902
862715
705952
383705
837835
277234
30861
832110
288076
453016
709969
942005
950118
446219
916108
828124
887457
720735
807671
366267
223068
668972
841768
772451
134951
659163
921175
331371
305447
533233
522947
399017
234127
685860
176122
759976
832486
353154
642655
843477
650405
703857
858041
202751
382440
483162
446195
209526
611329
810366
98225
345341
139303
756223
784701
521978
890174
368871
97136
838830
97528
944270
850226
278343
844160
14695
683488
741928
592317
752019
799138
597506
389772
843952
645903
52140
613797
659682
51655
416414
939729
543336
211356
952856
875670
860590
694798
795367
568390
479737
294272
494401
370189
775896
838168
77973
451489
431493
474058
247599
293796
27239
783673
128533
812223
42744
817160
145591
356543
702382
759530
211990
842940
795939
989706
942491
784557
450065
81106
139984
159803
880663
798413
575260
413827
184816
973921
816708
88427
561475
283496
777878
874435
812118
181930
735588
873941
113902
998289
760914
394768
378757
943323
450583
284313
539263
619772
437304
633449
29055
643343
39568
775298
356719
523711
772110
892493
287425
199974
844948
484079
65595
6929
266242
956635
596545
869024
555901
518889
484101
783465
51104
829963
174712
929435
172912
605163
646710
462438
411176
164712
447676
602081
394348
601611
13951
23184
411931
55097
867667
380
822521
636796
290947
715290
457555
66595
446413
56970
811979
691758
805049
694935
588149
242246
286467
755133
449418
305061
982002
798915
202064
81179
387475
375099
219882
562969
833846
224773
261866
69164
325482
253086
723822
885935
461907
140191
691563
581969
747135
101781
446548
707937
253363
293880
889908
814687
922268
520512
309427
98662
363936
583278
931257
928210
790430
30758
153518
494050
945691
669251
978876
18000
721909
255500
466683
210152
503221
232137
682446
933175
299970
182920
784172
541821
189134
669649
769378
433816
586269
908021
760081
301910
385099
903630
28837
319233
163038
846778
983680
221943
424178
834964
624347
451323
227780
811842
219190
83779
724402
233020
883498
924055
966236
464586
744536
60591
51523
548807
433312
381902
215851
961347
108815
443985
39533
591016
813022
923632
636001
549967
782405
87666
457484
57985
710424
57123
852546
430678
406600
18260
972679
933719
47752
588800
44134
910568
551500
342498
221225
338091
551720
114146
47714
919242
740654
740738
142315
88718
143092
773196
49374
774541
674986
140488
506813
337460
153040
459158
660990
383814
561208
669032
459617
996970
101389
215893
80675
664193
129893
884003
207372
589385
947083
188208
207099
949467
516655
985257
716280
420776
74275
301012
900459
190986
114451
687647
682406
141891
969014
257746
875966
310966
435648
194591
714362
530431
8236
440983
366077
870651
217643
714821
849745
307618
161552
753130
996550
203421
275852
335734
320120
851132
227888
81045
256551
74148
802007
602026
282942
150681
329896
411039
62473
821324
469219
888485
574357
390612
919676
195034
42794
871582
568667
570219
711377
550953
381648
416790
455925
599805
782229
715701
143346
707861
886524
648522
153600
17459
129777
922227
644579
480425
822845
189556
22940
351878
287630
822429
797833
906469
629518
351230
178777
107027
765220
526433
982934
906135
635037
502845
272636
847873
693208
994819
260807
795929
490102
193046
579615
381637
880133
702610
731853
681217
451911
172004
912186
591106
694035
738276
425965
291405
165215
643487
621586
659658
118167
359599
395545
808363
614850
999911
282105
646657
527502
977262
954224
572691
952937
113153
350355
947399
767160
685199
337610
850489
75164
873899
367562
13999
704492
212735
503287
368668
899340
719787
404875
686057
75309
128731
151860
968006
210318
925704
948853
21873
289027
517870
68923
580970
90292
567776
427943
355657
89376
133504
883278
705824
753497
72879
417481
258476
612922
860465
552836
51693
47417
488586
144721
429631
331499
69918
799869
335766
457131
991247
117261
387895
418865
230888
539242
238252
7909
114533
967283
419336
179894
790716
797855
92453
886221
532579
128156
85889
281414
545686
383925
293009
511573
726227
233099
933499
624788
151581
344104
796590
593803
102163
768948
843483
378943
981650
173814
667418
523143
855714
735195
593252
825537
75386
369128
932151
508026
852074
726859
148030
197002
169368
392775
614442
951443
154691
655818
287978
330238
896825
182950
737830
56466
988322
180162
459141
571435
10588
703003
964949
654992
645997
133050
356336
730300
871817
776300
939255
989207
667499
874433
745190
690121
794377
429241
386266
661253
804937
543015
543459
48688
314924
155190
572521
859859
84740
302282
73429
482367
510355
279765
814586
749024
764894
447007
550567
469033
237123
382167
260867
365985
764002
957017
489857
472113
354475
22216
234087
931848
952906
717764
825987
806568
221461
716704
273930
244426
633503
470420
968004
100871
208038
999871
885472
276343
369881
393895
94566
671346
971255
739332
205873
804847
812200
570472
902156
915820
805388
569286
754003
414449
707305
762895
952061
688129
829829
941612
109617
621542
582962
265768
57014
1118
156437
653550
466307
544443
932555
181921
459747
748695
529369
324726
570130
49341
745909
425048
632915
719792
205292
986354
684199
612427
938455
661392
17288
880721
659746
452085
604837
211025
313993
232249
704970
488079
17517
851553
31658
825336
275997
487328
465115
113638
945635
44316
119598
347304
107946
295772
61980
23962
765500
260661
487793
395244
483157
234122
342735
67001
455898
684720
531776
100746
404342
508717
589468
684822
607968
812729
600715
275328
750967
511209
64577
94244
480746
199739
893237
819764
713701
313527
1785
261148
954419
186608
426743
497670
889463
229078
811866
840515
532958
316495
926580
431107
255158
382789
876815
113808
463434
639376
814483
103960
148844
21437
368233
565897
713882
917173
890746
809741
179694
341382
325793
283276
16448
583700
806248
190580
301216
116591
803582
826628
411409
748862
741839
683459
318943
167968
59239
720353
486882
750664
618814
304300
865849
514688
227714
231121
442252
665651
406397
212591
826332
549616
934375
293480
413649
468417
436576
883414
789271
132388
528784
828214
977927
144127
446982
735516
401575
9002
354088
927695
311852
885223
987146
240877
914897
269530
658447
50599
241902
765474
739644
372458
594791
682784
758469
951904
895747
225847
30572
113291
944822
359997
316583
759443
824645
668369
406843
836942
73516
609194
447446
815867
878279
879654
350086
45944
310680
901018
380774
248826
438673
279184
856304
464043
924705
815355
345347
284419
504163
302824
718973
133295
592181
344770
490693
132193
488249
854293
297019
120587
558711
113305
567135
563743
325217
217904
556766
78455
445100
4156
444677
881678
18610
581360
451451
999448
105262
654620
392420
903026
708722
390579
702700
619060
502345
766689
910668
647794
190302
293545
41945
805171
409809
695519
141680
990343
668145
343520
574072
655122
770543
783693
630530
568220
936166
687168
790116
998055
64413
142661
643477
96572
170011
736213
920357
961610
334104
82570
268231
778112
102623
274863
255992
110517
177027
530752
188700
452736
712755
858321
493759
242098
140896
813482
314196
334330
939968
248157
168823
528625
320183
408460
330406
29811
622780
497274
167160
234650
451459
880274
360628
467623
747121
999115
533974
746798
958399
675448
231129
85610
63405
625577
544922
130200
62298
844935
355455
84849
383229
838152
445308
123542
45374
78326
568559
961314
407069
618988
363685
637502
320690
740601
632622
365186
33475
561421
588172
588854
750290
924798
596194
82821
171219
104259
617456
411745
457733
817306
388115
373726
755007
242918
785610
835336
819590
730699
754681
445679
751843
97489
60468
133904
245355
568967
557499
808027
901095
648882
930844
787612
34989
973796
76060
176142
560743
674953
901538
783534
540866
634409
889947
538238
268308
783940
239882
483490
164856
800531
744792
100555
85251
407260
123481
980401
249642
409937
205317
228892
26660
495220
725430
381249
758482
200132
547683
380492
914847
483143
638472
905922
192470
400723
55759
210908
843411
491758
285543
772895
402415
608962
214815
482740
248012
480538
417670
361864
603774
415130
294701
136453
81552
331067
921105
378580
251546
385408
924191
229463
208578
827762
362404
652365
56240
752313
43109
912310
397988
658216
764909
252877
669168
923483
851658
676689
110922
7752
311321
993744
652523
194546
313094
354273
633928
181344
451534
117201
914014
587010
639733
578367
592904
336200
433961
21499
593742
828256
977062
713329
591126
412104
473697
368456
46296
503076
252639
404020
996296
77235
758275
883869
874497
712535
375162
141703
724371
299313
880863
336219
687008
382651
136050
270127
876661
608103
474065
746530
72865
664886
142180
819933
866726
375073
743686
543210
615765
357520
452043
211387
922915
130097
922625
57758
646964
197396
12059
297391
479622
749422
251075
882490
88475
108505
602090
627665
807296
784349
80489
560088
780482
617796
344013
322625
60857
879663
382833
275133
407108
738424
270432
96389
136016
656598
269103
391343
353763
621438
483825
518802
104857
160293
88182
87522
328585
213224
739728
677668
150540
50194
167557
819736
298198
602342
974042
987037
582720
999143
281202
282292
380558
31854
467404
919766
626497
179502
517615
355484
84153
323669
827721
496427
76871
983265
729465
440139
881905
391262
208270
471103
753128
607364
387908
531930
487606
705704
3821
749116
297533
697834
508217
460276
418198
439841
585625
764971
970907
730352
665549
903655
699200
842754
422500
79736
856604
167667
898083
314303
569459
607866
560098
815605
341096
24645
986565
78942
834584
719009
93486
51315
565166
120045
264512
551570
881669
547037
474037
829319
10324
243312
586988
881421
158689
288435
297809
961510
722595
149081
416939
186772
53370
814097
381837
878957
958216
256337
29244
179418
434591
137857
185167
82214
370014
192278
650712
464997
808141
195740
335981
945851
800902
271679
739371
581954
1543
78699
149006
701695
808769
759568
476135
222528
620912
248314
505994
135183
835871
635748
255667
251571
772282
497385
138823
510876
455551
245669
497138
978354
255033
713829
232110
438634
542608
47763
575098
752487
774474
122708
509572
494617
237642
669224
615834
625047
815336
652539
60148
266766
884381
271429
427325
811862
736288
400546
480841
756332
357755
197565
212833
551170
560328
917834
690673
858852
656909
739327
774676
357180
883784
715845
751567
25552
239008
50713
612056
571388
996936
40462
309919
65236
947177
432938
243026
199896
626841
4246
688179
84771
490246
911294
635895
463692
593956
584218
330482
143710
139666
839843
18015
122697
404603
851755
621059
470350
392205
355459
146987
174210
579712
109017
902826
176575
689491
318888
504843
294771
275341
774329
801390
63338
482223
147994
423320
617538
859540
816139
640562
565683
948887
885752
346966
995355
694920
331146
487725
106774
618503
797181
301886
761677
992011
56307
27155
655988
252699
892924
512900
267876
479173
579784
202778
577856
191664
828759
114447
681056
48307
299941
88529
800838
347991
218000
923702
668642
97967
613503
835769
795498
440765
807291
902192
858056
312615
326699
646166
932316
583334
780292
270202
955389
598791
755573
246925
75194
203254
169427
224495
636255
452045
926013
988201
139068
843664
700927
8295
874780
210291
669767
553779
604104
842924
956058
750219
754866
51550
23880
432183
299060
448689
33648
792537
59353
71243
642490
59610
367368
869310
837910
622177
658438
993431
530107
99560
198811
740012
374678
888032
310707
89498
781296
589943
8940
159972
113216
539904
810344
266162
138618
567614
661424
198079
604213
927878
170208
653523
693956
367862
314409
110943
347007
717682
86705
487313
676981
839852
96005
81488
114944
76209
854238
166343
557159
336589
514733
510265
648847
901461
968383
789773
200280
592529
275264
552577
840236
695154
886902
920855
923415
720774
939945
135160
556343
160259
177726
865046
329952
998946
263416
521365
383795
742010
439726
540430
302364
76636
303744
151329
922276
346909
244399
217952
790037
91103
683466
717493
522498
555400
32824
220469
47912
102429
644885
34471
83535
263862
509336
223959
234949
181155
381239
532214
473487
683249
778785
753811
137003
687582
527839
803082
775541
963307
301833
134280
154036
493093
391514
769851
228441
57996
192845
224197
283344
391876
109071
608025
726640
170149
881997
973344
643331
863511
588770
960044
505239
382140
287437
810972
759475
583855
682651
676326
621022
513296
901720
471289
201032
785612
384733
996847
326563
692824
388499
214303
998618
221862
125221
312326
882770
841301
210987
560761
370957
429561
134612
565640
339304
882755
78663
2875
525826
908950
597106
847660
549126
145275
391874
336290
687765
562758
356189
990917
527702
958348
77205
349264
760845
1665
405978
655491
126487
950882
599320
494611
223949
920257
87797
281030
352865
102002
514458
644378
475496
416283
953560
972068
341863
488020
625376
435223
420287
438920
52172
852293
165334
838274
246575
35848
816030
976229
799029
322501
328321
266926
191674
460726
953984
427178
371880
988773
530087
333741
888862
767002
489993
516466
587498
435999
909531
443323
957701
391988
522963
93385
94117
512202
573390
804161
643786
467037
717264
115983
198645
616804
887083
668231
913238
340072
982803
484923
115482
274254
32509
441078
166461
704358
97302
268839
194494
512619
324448
172966
709842
392999
598028
334876
468871
796787
51706
45356
489091
191611
269346
465175
986820
796951
42299
100126
899831
280338
275708
232240
335370
199451
323154
310619
386217
418943
744332
983264
63134
982968
161079
502997
452360
455425
257631
878125
5307
255879
280748
453492
951691
496215
847621
552336
104447
454459
746107
385696
600907
598775
46573
585643
912243
557571
478024
619731
862686
189545
763748
667643
943668
860200
691358
316829
84604
905822
320206
431868
864605
954759
85568
245827
225740
5092
532690
639488
2082
504218
918346
202736
24973
161828
529162
970231
545452
355671
280399
320054
857343
645543
316286
469869
948007
297310
861268
363895
899973
143214
445918
266235
531966
30502
679067
671931
552060
612745
228494
668710
527677
148488
471873
642464
432889
852343
566949
305835
671073
991981
203541
565418
955950
601945
899678
45420
864037
292283
592897
554159
708079
470810
350015
93972
34360
60650
347340
226395
401629
191902
166366
508954
25753
71497
959100
203992
181490
102935
323504
821886
979349
415951
817335
675606
82234
815490
908523
936843
930061
396855
93426
832476
944966
656658
204011
990674
256834
639435
884224
290120
678334
645432
818341
337787
187871
510211
311862
999049
982078
587437
517625
960581
966450
896477
667138
643275
299448
13981
757318
838341
512529
912987
517600
20229
549141
291332
169176
446897
614982
463249
763406
858536
519915
532083
491747
92353
740297
750690
335897
557473
16513
525530
578430
573015
985631
168155
384136
912380
745916
42125
874232
34060
829801
379953
463296
851245
840328
366560
80140
226186
189286
26852
339332
397719
190472
898218
579078
601340
816578
254123
270002
465889
561796
448649
852981
981268
90992
300240
672137
249550
752413
664847
209427
738352
950175
270267
259592
468503
46466
541714
205287
648438
304895
405312
711239
209520
528804
510955
129085
708300
225547
66388
853038
841351
655655
129606
910043
979805
846191
449357
456949
858170
642085
723568
892393
209103
535216
310103
698556
426175
938529
80368
414295
792617
191079
196954
12265
360695
380636
622378
971530
88392
247807
109100
187568
364914
224747
581759
12103
425530
877339
822526
815251
9724
577096
79480
522329
39319
728354
950519
854177
373414
196599
236617
948520
223003
622033
816047
526799
869662
454972
713251
875976
658211
541276
972366
455894
534766
649440
413899
608619
445267
856856
678859
341524
826898
973520
30255
172437
325970
74197
13878
346648
708616
966033
340378
519052
394504
473734
31566
663719
461462
956083
728254
194415
484100
618289
586919
12506
930427
420109
969560
239252
544033
556319
224193
655141
285114
230735
520047
181881
958766
439842
88626
804402
358262
556954
225542
630088
176478
207016
118969
804043
710825
144620
429765
896819
604553
153404
92488
335497
837851
445835
238483
93967
655396
240216
263238
603988
214513
329517
552534
221401
856301
186019
88781
737580
832763
338629
207680
675087
129913
687468
73874
858367
81246
594619
354409
756402
163116
379093
586030
23129
518603
858419
735248
874005
73435
105717
115293
791031
77306
426820
109424
827867
591633
877790
35765
772188
821854
876028
674743
294555
184725
819368
466520
256644
380217
924262
942520
137368
755761
670743
259754
812894
983901
538693
66704
636799
923191
750544
784963
39858
421571
972787
323118
676324
832872
435224
72220
683637
832533
76300
390496
274138
66
470749
612535
761505
380210
142952
993316
654916
910462
554290
43933
932648
109112
616236
723036
840521
341100
162808
697183
374844
862105
686650
622359
113774
752026
813896
77188
25819
38814
627545
768933
347436
897303
775648
837785
345113
327056
3509
546136
237135
843995
993045
544905
743374
799867
745001
100231
353839
142096
657628
665643
675600
360121
635974
747715
416763
172777
908073
342914
412988
143068
897051
481218
881087
10583
175630
150922
413743
816399
303034
15427
263671
658599
848014
570763
288593
355797
672034
30048
906781
573293
902880
761083
114104
174555
745189
594564
498690
122457
575393
941673
239107
274496
999308
590257
977520
782800
309739
576126
416636
176089
893042
273606
324180
769015
110281
470198
124363
438513
656305
401538
40337
295853
53730
776003
672291
983807
495657
398299
818656
850400
860689
441945
859037
498822
44214
736386
905672
946031
425210
441648
911424
930668
517619
112635
290609
528050
855702
97629
651581
170688
89893
299180
948995
819075
709647
846116
724450
344520
879630
264035
440244
4826
714130
513634
169850
821880
948182
758479
380416
991128
308533
138920
435826
333610
910806
761577
524035
406921
747260
186230
879921
477551
283227
521610
949474
450852
566295
330700
706808
122643
655624
788358
817931
860092
452923
918492
564262
151231
106245
535245
966686
159955
342559
294743
110612
388369
619901
852919
263541
740357
717285
350416
543157
260655
568329
85216
279534
264909
261191
457070
946381
187312
234486
359480
369834
225928
809378
175759
172535
782346
899946
532493
605400
183723
834816
146306
379590
950559
406929
489160
23315
14094
645044
454692
489180
81856
801461
420699
936942
348380
819904
98422
47996
773657
191742
359368
819011
630483
491685
476861
483168
246974
379208
710685
799321
289888
899052
878741
761286
344215
276921
381381
418987
952623
917406
321363
348081
480276
539470
404215
414386
994776
190175
959897
368295
843509
817871
933143
619716
795415
670750
799314
245442
558985
300575
525925
785156
548525
732315
267817
3429
940237
572699
74990
547821
521615
528361
711692
155874
197972
572702
886836
835737
758121
538853
499609
718942
92837
693666
507800
980
264990
944949
527346
34702
414082
9663
176480
410747
727805
919447
893715
390024
619176
273652
74226
602243
917250
54397
339742
110477
237946
669913
282239
973780
211137
4973
701193
253041
100865
172829
190747
684837
424260
488932
573145
913417
168604
855625
261039
799355
609483
68651
364483
986936
838661
481718
466953
890169
496743
889219
8073
403635
132569
158804
734810
587801
476235
600007
267456
463435
324955
949102
669038
32087
859789
363391
538775
115011
77602
387352
963556
216651
977554
236854
355771
842248
405528
5701
741216
221667
757030
41021
74423
773969
697313
375743
255233
821846
877510
413338
330910
649753
863334
736165
733676
819639
328913
309896
687817
799299
755067
705514
593626
332227
54154
456110
141426
556967
848843
625727
774384
710430
265597
517573
691118
329225
758263
64830
200560
119566
820602
701921
107303
194026
179185
999423
269986
505945
89016
404240
11294
837837
184083
367359
873750
263716
840283
120554
850985
602611
868515
245200
258259
689402
665252
46612
675447
385810
405949
210971
957627
191293
430819
516815
765807
312207
770310
334323
223915
170582
746558
647231
777228
679808
418632
196251
689181
93813
342406
82905
340639
694146
588969
595826
178911
828743
209387
84992
33386
909705
349114
275408
186182
615655
406803
929660
381583
262914
10625
886417
748494
357464
629610
882228
276676
379136
947397
941609
523891
915391
300098
351357
116556
526618
681640
305438
621133
31384
197174
356720
781668
289984
335596
653966
522202
302222
187235
892674
320024
32870
910468
204996
795487
314940
375980
999335
848541
767339
536081
699251
712478
586369
533281
172834
69437
601724
117560
141375
354527
538009
215320
290184
246447
687978
520461
501460
942471
137911
916986
126524
873259
196299
821859
807249
854764
852425
725682
519024
189411
350769
205917
321143
64315
512051
416641
160173
473149
559246
227828
425950
541212
281878
373779
17052
928615
780129
504329
94060
44571
167956
484714
774840
44200
571813
686295
589507
708503
773156
761102
67259
600336
222542
49124
159232
177042
147285
922412
796388
435560
481757
506177
876324
640117
786366
296823
201228
895868
213751
197981
37338
161987
639612
539150
741643
918117
500818
125725
187915
877844
980881
963735
16883
974878
532476
581729
111840
106800
290103
823593
556040
275668
533781
597808
275064
280282
875288
150304
6427
704393
221916
496514
31444
554101
643879
784786
426788
79957
220765
812056
570930
331672
124158
644910
667887
2901
717646
291224
643446
33921
126146
46582
745930
798066
523346
984595
431875
784290
541187
908364
594740
942537
968416
738747
898549
648189
137093
629089
731282
728406
520281
521165
708008
333377
467198
795234
420861
5358
330137
420955
432292
796950
275182
565934
482174
465607
247034
627148
651822
443525
99817
608990
15472
844516
577
72588
285541
688813
241604
501525
455288
310337
152981
964446
289151
799287
966902
15604
36646
904930
431824
750166
253173
328575
15442
178697
900652
76051
407277
602064
901839
1353
608172
251689
440029
379694
520392
142511
372209
503687
623280
255170
430602
917442
363283
664873
762823
2888
765054
250760
90000
524230
831085
598138
999700
891080
720619
165510
954447
832245
531635
619689
724790
660296
152433
984814
81845
365812
188490
391523
782596
759047
132324
957656
186987
18372
485720
314017
436201
133437
178577
150776
574006
735973
99736
217517
951115
570640
936804
200002
693183
66364
128278
563902
648578
516193
398227
709361
341079
658569
206680
488551
348492
324431
501409
800115
474351
268641
633364
847445
119244
966216
391885
19809
773486
258253
274993
192292
633089
58875
573159
109826
877942
792030
18658
819420
534951
264198
810154
777225
218880
919401
898928
652562
656116
995793
864503
720605
498889
199415
410063
41033
110972
565109
628017
689343
413184
214013
724418
771637
56592
297345
1145
531673
74020
457193
658371
720273
73220
475226
928169
572986
714357
597056
785647
672715
512509
700065
712540
565965
794150
809470
6877
181594
833802
186218
33197
959469
680522
87955
649831
584657
211266
271322
196964
434242
118521
638766
584436
979494
603529
983527
55272
288004
60567
364549
377350
774085
972042
654536
474795
919412
179172
7502
772415
809087
234906
90521
685437
445648
115143
998277
725760
901685
165295
720136
932941
507654
774653
195587
711655
795872
969777
808771
282781
551626
28002
805930
62405
397846
392837
247911
211988
744505
777376
106051
951451
557169
572726
256178
748284
266280
887925
609689
97739
162721
338224
461317
652757
993065
637149
335799
882792
610954
349245
767448
630182
707490
884167
158721
414816
387747
659154
706600
792954
27709
859020
965402
808645
243464
44589
344428
855795
930631
932800
449558
6620
73427
798757
999180
857609
676885
624574
251685
755469
550692
398881
852876
711129
336299
738298
372798
279318
159440
950067
257296
822544
41286
396470
680629
839708
429190
443437
165531
388304
115445
12024
575558
631819
702781
395513
662092
200763
257918
580627
881482
761476
805383
959162
867424
451382
283173
373065
217489
617068
450147
155301
13001
96896
602732
691325
463780
497845
734400
709958
442417
495267
227867
555098
948775
9735
141403
461517
538737
382129
738828
694429
575714
772392
59105
265511
141394
491785
221379
60158
613764
248121
889629
320939
551545
276999
881099
782054
954880
42258
384874
880358
142642
850605
833919
829978
240864
441155
928480
195209
493924
238846
47172
96826
988865
313351
217964
303482
378947
812347
809673
627481
284876
781454
437
203328
889323
891387
817843
375274
7979
261032
248124
500870
171683
52213
683777
656062
941438
631809
235351
691129
550496
120494
825272
975107
86402
75639
890035
405435
232794
792733
161285
783766
648192
48551
796229
187541
241195
729713
591822
425444
121964
636970
758173
40568
314535
467146
612240
499034
587418
992704
255106
7397
973442
479563
552332
691447
78402
696665
905582
384254
397408
752591
782225
615019
28480
514804
155244
946038
695091
636051
916937
497439
218646
276937
300405
354235
371230
122001
139480
922516
175993
671739
888633
71416
451089
723536
679145
723813
257868
629707
220949
188644
233385
910658
876116
192538
434877
261355
247416
712611
625357
819315
678662
376316
715363
895341
235154
650406
429838
950894
124414
333450
853940
569172
117309
190247
348465
162789
15130
623323
538240
828289
194499
761998
380657
722180
921312
206417
929093
192885
312023
420587
927005
164622
281547
199554
445899
593096
415270
744633
237569
747252
779068
130396
712640
90449
306527
100481
953257
371444
996688
571154
980160
903949
635187
999011
280848
369518
847165
86307
730498
188204
823872
617255
52239
806497
116870
846489
864073
83303
501380
914927
788339
725468
730456
760998
470519
600081
375993
17690
473556
803223
709622
71109
325184
932639
826849
670925
140095
54728
201710
184468
619131
955075
387442
406190
173572
512090
496958
145254
754691
108740
802612
657843
960066
724504
415746
202863
183713
166746
360290
762684
741890
369167
49684
283880
718279
465980
987282
881443
781397
545744
738807
479227
488928
160555
861341
454111
150140
824147
200254
171695
566310
701746
993525
836740
629219
948315
745964
950777
412374
620392
517047
992511
13349
214621
185465
212286
171599
39008
607900
277788
150562
284436
722502
849737
454788
642416
863737
438831
467004
388574
441768
730357
17822
163969
148627
872365
273870
834481
544077
50044
505887
131574
194464
247940
861347
967583
616852
912757
858173
526852
828770
621528
917962
278471
303474
769534
629118
605706
471090
494142
293362
582917
541797
64735
745762
345063
199364
648556
195918
307122
923511
695570
221058
694362
598388
2197
453687
328031
882931
354388
579835
455248
143530
87524
150095
186929
831968
193876
151362
308328
712395
981583
274747
616048
171996
798843
684935
311527
302875
560160
200877
257430
594799
120825
705999
167102
155144
266591
917404
339099
101517
618983
774119
652819
9387
836038
620764
469272
518791
279040
370926
625611
469992
883648
924081
401686
402890
971860
756466
433711
220118
97156
205353
777817
385509
517201
569485
305519
655066
395098
421891
868211
88203
419169
972119
168602
365643
160456
737127
326688
951055
970473
48684
561542
699253
167829
387724
389935
268884
872649
984228
845022
744010
542200
504017
841859
731027
141326
750152
996536
53971
472028
246898
387193
724769
667749
776444
867689
975160
559515
402145
293380
811897
975936
667710
679583
828191
457138
768067
903107
264087
452314
638296
271341
333087
396144
906723
176319
149179
959431
543581
101977
955832
921161
878776
990509
209564
715637
913186
31728
298012
112988
654600
924775
196416
744002
541414
784807
220907
586100
898062
156438
941418
218555
265288
373129
571662
232363
348129
790102
559387
129833
55380
71686
4781
825666
761202
902021
470430
333395
60164
32874
215400
880925
172651
685736
210702
966088
93324
853798
199417
659184
861333
384348
182995
977600
18672
166393
429599
701529
617021
680050
979024
760593
851566
233104
631378
491105
772031
523055
254398
886482
403222
954951
884262
177588
263939
938890
460961
236632
361421
722692
868646
362546
244411
794452
361413
258760
971268
788174
342721
985473
249571
55426
210557
962311
818102
871349
543205
554793
204439
962583
19022
835545
982752
584362
445454
663797
228862
556427
902064
73549
981999
76847
887904
120972
799014
333952
852278
658456
831199
380207
66447
316407
523221
962479
523913
244839
639807
595058
894693
539438
734026
256840
292847
634848
169375
266216
597741
438282
719275
884750
567129
78652
791417
554688
230216
24615
850342
624385
568296
378532
88416
516934
77513
828861
970150
229832
241997
616911
936069
868887
711778
752125
240035
147620
828053
335319
757663
802749
871662
285369
278858
411871
303651
516669
703492
353462
677465
830993
343267
198930
223430
61031
585518
770611
779100
970453
928874
561808
234282
607766
550776
545574
56853
89415
963036
902343
281665
218293
386693
432796
739971
482501
928092
860874
813709
116554
275868
781960
300424
993777
294855
18319
654283
478514
342707
32602
567835
572467
30809
347347
500919
840868
781302
968098
937865
232851
269858
925867
903533
441999
309937
458332
895096
341123
476201
606109
812181
242534
953214
528402
257428
409013
851635
329055
583695
865241
264520
545458
198314
577730
26579
977623
838894
25824
227640
680180
475386
672790
476902
185580
425393
389767
473939
158995
188909
618001
930284
202910
732201
225187
153980
60424
270495
785479
305751
3657
479286
911241
351184
181961
130728
406179
949964
528090
207314
699586
377432
206639
304993
672977
311313
65485
462572
77907
291512
454346
976214
282448
750860
221082
390551
288305
403520
808904
203774
794398
959023
114431
190287
654143
116488
472810
474943
603705
113992
11153
280679
500867
215264
975889
2117
751217
290925
206008
598115
162834
743534
183144
364934
376716
990117
406501
893410
729991
772475
12962
66283
60197
433870
152523
775267
414977
757928
345249
575139
774667
659295
813751
401157
971716
372767
60030
717232
253984
625148
610516
479462
868110
965763
260279
315235
229335
72788
272871
527937
48451
996772
819990
573298
868628
484756
989002
191862
737897
437663
144769
827742
886065
654194
987522
348493
81531
466232
799134
742106
614417
458476
979807
167506
313030
177411
639591
850118
61143
604591
171747
260648
911845
475597
287053
283191
768952
28252
461629
505296
972506
276604
97736
832005
937281
254296
296968
29567
848475
508772
734398
312877
680059
777612
569152
572728
946557
878458
402244
256924
24883
517432
282401
299267
841773
837843
178740
197658
254953
257624
893483
496207
617736
357713
82596
400183
965238
21423
57165
190044
877544
909560
500590
646993
237688
157579
209744
772499
131340
981860
65935
5013
315436
604985
116125
911085
566736
913908
849833
485379
645829
718747
284852
986106
934025
511182
461209
919471
51619
553064
316664
402403
91512
356267
844647
678520
171923
499213
284433
727914
795394
649356
444071
143441
409353
440313
745580
507442
150735
526915
877338
364550
213511
957308
729635
168589
789013
29433
658586
667519
24965
744263
814468
842621
752510
335077
47534
137803
782755
57964
244747
114981
403847
576958
603388
173358
344752
723425
769030
173115
201175
316414
264834
271482
93204
639823
485481
772758
906540
907268
731190
14649
404321
912833
513215
652025
583014
158113
607384
987953
844262
844282
80456
462350
821409
956504
138151
380976
173244
386638
132390
19545
795045
852840
361390
971012
496817
464195
85556
920701
426091
487903
895653
615329
413321
791119
178918
253215
27027
52928
696554
625240
463729
908819
882299
610041
283132
32753
564538
601961
411815
291857
272353
253119
900841
265727
289485
401669
337746
167781
155563
699087
178036
383612
960630
657474
942563
15505
754732
51135
849158
346108
831988
556689
171346
370111
298038
245574
190781
136763
471739
563018
788638
753329
679378
191603
405461
584189
164146
985718
707562
292084
573493
306402
645807
982219
308840
305254
859083
647445
629993
58454
379284
662035
388116
134445
206218
53444
201617
145460
223879
951962
109254
191382
241213
551415
931904
392219
280066
306056
111853
477394
389345
347886
760248
77080
717647
716962
272028
441416
481483
827503
403371
379722
841457
256743
421815
968281
643472
955815
554237
952659
473442
629725
554132
900297
51229
403176
810732
560223
561431
216903
769312
515921
845020
218928
207044
789787
406147
373716
498720
919418
50310
124020
789312
596228
685435
401347
865010
888821
780911
144292
288008
190360
312233
630103
849863
26369
925338
102375
64805
754286
489468
664838
934908
396979
974095
582237
157383
930350
715251
775775
73388
32116
862183
277938
184168
325930
124145
800243
810536
285429
237992
94296
825110
588968
216993
699248
567768
503079
409387
385497
873391
15559
603581
214272
890935
437169
701619
157778
135594
814307
484942
915964
233090
565357
601700
503059
282298
860522
600236
408107
742320
309337
940973
490657
493964
175914
519305
56929
688503
147323
689002
91818
583546
822654
498516
111622
96734
10242
907972
569365
239777
875842
116362
225885
74866
507255
10672
807524
751519
287244
826414
359108
749582
131341
62549
398886
578396
348863
728617
667346
130766
225661
75995
551503
984129
787977
349956
729702
393905
127578
161606
489251
625851
943056
659678
473091
76877
93148
794215
46083
308440
16131
807000
361735
486161
814743
118002
583101
427525
253551
676579
539448
426563
686271
31227
141166
825225
625991
483489
397073
369755
417220
361486
788819
250800
235755
881207
543442
591759
594407
387546
665645
304761
25982
818555
175371
614689
722435
64266
90367
923242
104175
181391
763684
101891
334047
571298
911474
974523
462995
632820
667698
757268
909133
866703
793016
782241
242597
219726
625622
347907
212777
72116
297346
288488
729771
451160
693731
802497
834072
37089
879253
117689
412122
418668
884999
567839
930650
965999
997115
252153
756206
283091
230886
961084
201283
799063
291454
817856
101679
645050
262520
295316
548235
676949
248204
738332
10265
138908
20841
531322
93914
539722
407716
715179
591133
637994
15940
861728
758901
104419
855240
848234
407138
13221
815276
449487
599954
906919
264172
562425
431317
197063
987704
779963
314147
1473
721598
260700
506464
123933
313984
964143
337194
346002
175675
341046
587115
506591
667832
96830
451231
398904
244497
578814
385956
930215
228131
324584
218650
558374
969670
245466
934479
561132
11554
956246
844943
13023
882245
698742
418139
122933
712494
249459
345683
900892
833818
21418
913930
657386
650777
131666
638588
533283
163652
102782
823405
313309
349823
305564
991478
691541
554420
817279
269891
640223
978134
244834
492559
70292
986546
156805
461877
360530
604580
525448
661802
763432
623106
642248
290527
831500
733971
873824
461838
910921
277057
4857
466414
863450
562733
462460
559889
328901
729637
349884
812616
23266
809152
435465
564810
580284
858618
213832
806704
964911
159675
823997
594763
134295
234764
784161
258678
970688
453127
314691
80028
847522
629061
66540
78456
623364
693266
734739
352340
894512
66066
433026
28826
596486
12120
556482
985626
554957
549350
383003
735085
97541
409950
665770
863194
249755
602891
892730
710671
426580
697847
771737
971206
596543
804194
74181
614158
108698
177168
25764
877874
251155
260405
400985
22813
961404
190048
113951
987492
234160
700562
882421
531984
840068
216550
526272
827889
721522
630561
985698
614307
214408
507588
446061
551190
764856
456593
427146
890982
485999
45739
260257
883594
907650
272463
600156
706129
233687
827833
755952
852869
814378
507387
712895
793074
389346
380786
92398
126491
606509
768542
977166
962296
756130
467219
578869
105121
437248
2015
292412
427387
725583
311751
981345
26469
267813
509012
735933
541694
583638
196107
543590
472770
152148
346934
114361
442703
845815
510142
795459
889174
296623
629477
311526
271163
107159
355133
96103
82941
472413
507419
550182
96071
119320
98925
29822
271277
315422
208935
233921
549467
723635
768781
263161
545306
123148
985528
662728
235632
500462
105335
395081
302972
681934
190233
113734
355272
668090
264716
673038
283483
770505
947056
57956
403542
962525
947031
390886
224041
514323
884487
286214
766552
192203
6268
441757
992487
319401
849949
927008
960406
521874
498858
73530
431951
313661
270447
381063
166947
807737
532970
340712
74825
890236
40903
310762
4660
653155
361657
267157
196947
373305
153274
289773
332314
798616
607716
686902
753575
440382
589148
847835
268301
134819
15253
612227
518194
813249
771404
686043
664848
165041
523120
578725
823297
711889
368867
161860
400832
286121
602626
749857
693221
977392
745052
734451
34194
277040
981816
168685
146479
447369
404852
153797
268324
312182
511694
724470
428936
906633
42116
547549
934483
507148
574175
795689
385376
963518
550532
344777
484834
727833
465709
804314
394183
226018
525554
407851
87072
615166
833298
599667
174846
456331
69203
457849
542678
788576
751805
436309
194936
581975
774052
336522
306229
89981
11227
24192
209043
799055
784599
412690
748785
713489
121246
402656
260848
398200
200911
501815
618435
251591
279060
8652
24606
365602
711898
247935
162723
756777
208287
375856
536629
580249
864615
129215
552258
127919
193171
173989
398414
935653
825625
212351
107839
291913
485864
171173
513603
756365
514901
55540
253073
131321
916167
261492
331074
86524
452366
37780
16196
818324
515809
690169
560898
988476
52792
406390
903124
384941
486807
280954
679783
296126
844114
780686
248646
489783
897438
680025
292213
503353
621575
251939
565592
268664
770811
790527
250323
340501
998749
585626
537415
305175
624743
800711
346663
376968
29455
620479
736081
274557
374440
501843
222026
642825
211570
184314
183743
365373
962266
607681
989244
794177
721603
459689
458230
833606
119827
413859
401542
282967
955897
207178
13190
126934
31919
44642
922666
689987
168440
812450
944140
915272
716955
809647
393081
87695
25010
69131
200270
464351
926125
316408
176953
122869
676816
828885
404489
905459
380470
283172
413404
154985
247111
823365
822241
440636
147675
628792
297411
126416
515109
813887
678179
710942
305437
873894
702571
184618
27831
262820
550966
726058
896512
288515
691747
696928
69304
93574
428819
965358
463336
296333
347260
752028
22577
547741
490431
86915
849604
412589
764669
414833
710469
550192
122867
673866
22633
966155
926539
875343
435221
806285
287424
936387
988953
238531
253276
208045
411498
460758
893906
702312
932615
770055
117880
776047
134014
162220
174235
548402
561933
130128
888060
781264
737152
515008
533780
455028
112447
822242
578528
355249
853006
775418
41554
333446
67069
867474
270450
464365
698241
469436
922726
469902
238724
916414
958868
837730
602494
898560
160144
619517
616171
572887
582273
74675
9078
768775
595748
493312
794679
990312
501076
901844
456227
205939
435661
239816
810657
866427
616140
847764
97256
863715
615177
499160
41341
865575
850633
458068
88984
208352
82113
249000
410193
51283
700813
469154
598477
697437
257753
181719
682205
227816
616079
753
617445
225995
101721
137493
332311
805782
305594
815307
904486
724499
920095
866280
881336
761658
390819
574350
961351
513103
345612
271947
250673
421614
400008
513355
590373
233782
254917
547127
99547
519285
716873
934153
449818
874731
148337
984923
9520
823004
980951
509906
450168
19296
521256
735564
910655
379838
396423
539895
237127
106369
568202
984191
228576
891658
807438
855121
407220
213039
277148
218626
540812
419259
49189
131736
593161
121869
355173
690769
642770
976578
135658
43191
662595
401461
736738
394457
628039
815055
875555
929920
183744
814434
167842
867823
291555
437525
724712
444340
844133
961001
976767
550674
331402
243448
9485
358421
126313
810382
10153
619205
967054
636319
534938
111408
316976
470276
328632
946453
10164
280378
690654
768317
946690
852404
570762
818829
876013
311390
260269
835537
537366
388868
94426
150585
472786
778732
540178
397899
433736
956177
981342
94586
476689
771522
587152
258136
595401
301017
947111
250530
749093
658142
218791
347166
961229
865512
950532
898867
922619
560798
673445
550085
202661
143764
773817
570998
84346
714609
344373
31834
126687
102915
717004
472808
140411
973821
821622
513714
85880
274452
988837
199975
469971
415464
67362
228739
539228
553181
673572
280530
107851
196768
35418
682864
543022
588621
784084
198564
706333
461192
640039
282883
80429
996509
689767
631494
854900
838497
340136
830616
719534
979490
361618
217791
494778
146772
387306
706223
915290
687453
661732
394134
502205
658647
214785
840386
76774
135517
652554
342459
135062
964595
297991
425271
147773
60025
793270
421708
282573
549487
118832
745139
985358
624485
720753
809537
287792
923764
595138
367260
118296
82269
280133
756992
673642
284952
869238
361267
383904
48375
983628
848755
523803
510503
2049
476192
95798
834812
175105
280633
437830
533908
160993
877348
65872
955101
270417
467854
37455
298548
469957
603526
755745
586085
17969
782193
852754
892201
406246
406462
620619
753599
104356
11505
637339
263646
122695
41740
645612
283578
573057
663420
277613
230068
545470
321390
887178
293197
212609
566002
797056
926732
833261
342704
620866
925352
337647
591725
561625
687060
268195
309035
495620
511545
26819
393141
559666
404765
353274
374845
59877
677567
211646
409463
18923
384061
223046
531134
442588
667813
917626
378149
428466
933784
764182
604426
906257
31096
154476
122466
171946
88268
52950
797209
438334
229670
909583
257055
94474
838881
651571
788787
260761
957564
164339
226909
574609
180922
826103
150811
65168
861161
388703
472879
827320
349584
910106
869277
726885
981386
190077
708493
739455
376546
483908
133608
53079
497651
435389
956060
718574
635042
1608
373264
423314
207461
4042
291791
52156
805817
643369
809543
528434
444337
638476
603179
145454
713335
500507
92952
708474
112468
491883
914499
96346
677919
185510
289150
273028
463456
464704
877910
726044
142117
334993
164588
491719
895748
267580
458968
25356
727630
36867
936683
315685
513748
840108
346203
481508
122911
190313
196611
810130
346965
713946
408515
173915
378416
649884
711638
891429
156743
87352
505906
42836
470154
620203
159158
185136
149865
530991
201512
452716
307461
149381
189680
190651
230541
887508
263090
968286
981038
667905
850627
712690
924212
52382
784590
45856
207791
462863
945216
414154
158562
640219
766626
928620
984917
501263
389067
637469
305356
398484
318512
29426
165720
74770
175315
587136
71241
865787
527613
488552
458576
494947
770048
598337
442633
364705
203762
881340
193313
655332
960634
738131
554254
55083
496819
519260
529579
809233
474395
747499
280714
619760
367237
244654
648639
261905
65033
236140
23788
615288
609865
267638
992295
866229
99981
582268
310513
540160
357337
735908
4518
432504
791414
594553
381644
774321
420262
930279
937923
988507
183767
813740
493088
590609
503782
749815
476752
199432
976006
251725
425330
971107
867208
613836
825655
208096
731239
446711
655370
337158
531622
384850
693924
352055
671347
454223
605522
478055
634808
191013
876193
743855
893844
521067
529662
665786
590277
206963
367662
74134
71966
172350
246443
470574
904382
759810
173534
112215
846814
849992
582
501951
117218
346797
907506
256850
701389
935600
273137
579556
33675
585059
142881
271970
93271
211742
954979
264294
315913
986320
55704
876016
801686
83375
866037
896868
925726
10348
233486
639595
543281
183946
763564
954327
188920
282666
779097
910502
70390
575917
788599
713140
284378
391760
579950
270415
988589
185843
762418
316821
395856
936023
873772
943395
46839
68175
864802
904277
25734
369677
841052
255621
891162
517028
396438
795345
550422
272894
98900
29344
872564
731325
434392
355013
564939
21199
508048
582528
229625
341222
8294
845453
951173
617913
157137
387211
184352
890753
487035
973301
173183
599077
91762
754824
356014
815385
844993
962144
544705
668938
617617
490280
113695
479789
960113
11261
609595
516451
466058
603630
872932
393150
721106
330777
66693
283884
178992
290688
628247
742353
771068
153674
261422
24862
656408
647143
409680
556493
755105
498026
223869
122029
225162
982939
529319
277946
598676
10017
372245
675035
288032
457323
992283
389176
448511
577439
534017
136153
797461
663136
117964
380097
404915
836166
833783
557271
807940
395280
202211
490691
824606
567036
286817
51183
541913
342171
846719
468098
794587
528214
138426
762087
15585
941064
381827
555395
579964
165764
354373
384212
845629
755861
309933
737609
457774
106535
516321
71336
30628
869686
284700
243521
838553
298957
934576
817862
492923
378055
427541
69188
413389
614228
926421
800566
575725
480106
483357
485887
662592
901634
23783
750385
441986
986497
751302
167898
349633
766183
914760
620995
448034
123294
235337
201214
51345
62258
88640
426596
514541
994179
814000
836187
161109
562047
755811
497754
81251
637301
388422
40853
233770
234234
651815
506972
927064
673408
663830
218154
246752
860216
901855
590158
377782
929123
978831
702184
958516
568305
116538
490023
417573
123351
641952
909693
78084
925202
675484
843535
811807
297624
16841
458436
51751
856555
494033
536052
708997
551227
183618
577505
620738
282367
325291
692797
106032
651422
969502
867753
279170
329473
84232
226082
877599
562997
453425
115172
722340
501489
247527
309514
392463
266350
498746
851526
561798
197172
867722
700273
700250
629625
604268
909312
369952
359068
220120
8140
898763
98713
815094
950941
769107
538003
356089
370262
388421
515903
300957
298876
400033
332762
876366
475173
366100
362516
839621
991777
169736
687683
195348
278286
352927
489312
939279
532496
192096
105917
362754
425008
363348
689020
249830
567180
213149
932586
3175
332368
121321
757136
640168
730255
39795
725406
804622
549262
275418
749438
950660
901190
35449
917232
837238
481385
112889
873007
937364
93505
737560
369968
297227
721213
873801
999961
255363
633682
988014
486396
663743
937332
6248
179839
760681
233038
767174
120381
460608
516991
942919
501176
404460
324647
429456
571295
333153
884044
594106
537635
549684
387952
99841
695828
438316
734297
718058
640751
93841
249588
428480
422158
975473
800483
280234
187785
488493
964749
373328
767744
411699
557944
84423
560853
5169
808188
915119
573355
556393
382805
414558
760164
352818
531196
373418
561006
327462
932491
190674
199499
255622
228190
721374
999880
721666
867934
460079
448682
316125
998736
414575
72122
117285
189962
572863
155285
132617
560241
303462
661556
324480
793887
260707
708159
385102
529591
884659
937766
977347
202450
272110
516403
574998
397999
611976
314808
838435
433471
988212
49936
303891
735053
986925
801593
719803
767358
515088
593728
801391
117658
903924
631398
459744
795036
446071
817368
524537
885287
302350
387859
878461
652532
142890
827635
925985
500602
212649
787236
434460
460184
688727
592066
675820
603674
827707
64148
375894
910343
50256
10811
618048
441663
574096
559931
338954
395344
351064
937189
588857
343987
639090
591469
464842
555034
750782
89224
304119
29039
458257
786974
976319
786869
58638
104358
825355
146533
10712
477819
428781
952957
669551
713614
940164
276477
161770
723858
943709
315018
664883
390510
53458
250315
133819
285183
49461
642860
340138
509093
401845
26640
4026
973969
995369
593114
941052
41451
927990
30506
715996
587017
336302
545554
509705
246355
10380
407116
316615
90477
957613
295966
410665
77050
60108
467622
88081
880539
335761
43795
942065
627841
115210
394801
756621
829757
960861
52703
483635
343265
688361
740225
825908
682957
615406
270091
57961
468652
650296
676295
919600
511150
70889
666593
420185
969216
464110
624510
269179
11443
82100
63321
391005
956429
766170
759883
632133
13330
847708
530097
520183
904188
783639
406299
674526
19057
620998
163807
49933
585770
429147
954945
145453
126052
79280
591804
253288
691927
259967
787635
891335
868314
53395
952334
129225
422348
969060
375853
304651
509460
349825
429485
96554
865222
490558
785490
865397
780206
447905
708204
486017
973998
887246
660806
872961
359655
290088
563655
319632
175069
584386
511598
614066
324051
359571
348316
35431
621170
915454
878943
188517
527779
781321
245727
362229
810483
951217
467805
706672
729195
869683
252571
635054
864947
903130
300716
300494
302892
392574
345632
966837
87877
348746
776994
940949
393278
442658
307669
977496
938870
253474
458759
410411
79797
496326
871238
977746
949154
68482
40548
966041
181098
427474
458688
805177
594597
481652
470222
126301
183643
685037
710349
223129
282129
661834
64558
395108
295066
561748
447576
28025
901594
404676
368836
436853
617039
98064
959876
475512
298044
40239
662258
211858
392787
749740
1555
219101
855992
753476
743167
957888
313110
377761
597186
526308
708718
402597
43719
750158
318710
151225
678463
233582
953185
264772
971799
641479
896480
578
615249
9953
851909
814769
350560
981303
854709
560674
965924
303617
622321
672683
720872
812540
639735
76710
612577
657553
791189
666783
356010
910950
833216
365614
55550
578878
847157
96094
629569
769210
361212
953523
442527
816548
545211
864535
177834
483657
347549
607521
694050
919804
170468
571991
693459
366803
531503
27799
96059
489359
147565
468850
771118
81104
651440
977773
845828
57823
982774
196318
326135
367528
607315
931100
683149
122140
852052
921434
491918
496975
695803
892341
902551
294352
378834
433838
807270
501445
415366
28240
695979
642172
107507
865936
574664
327268
414597
193470
57752
894833
903912
672110
165291
901829
380460
60296
185976
887955
354298
982641
754233
628392
45361
989038
911886
999289
676216
307554
415581
103801
659429
569970
972293
116116
980685
859266
292021
566549
609534
938170
722826
796766
682572
619986
619302
881114
323745
237954
156902
427622
768718
666147
229965
896332
6067
954004
820676
590875
428526
361886
810169
460263
652957
17189
739589
386537
174633
291944
928502
429922
934770
804202
839981
141524
915209
527516
645348
237830
974850
528931
854543
210914
40121
40873
299770
425420
603602
482133
870721
44849
476886
637864
355341
698520
251429
361384
29557
369402
554225
238156
86257
821862
796049
950427
520717
345281
448005
529940
649730
351298
349172
674165
807288
139967
875940
160767
713015
783322
35885
800338
685799
359164
392241
869201
788170
711569
730853
959570
39834
115876
365147
793336
832777
883374
299882
705151
447754
585716
806449
444666
998846
321500
844214
