240974
462803
26726
839373
691440
791712
68478
599707
564537
282216
64822
971594
734573
114796
487186
258523
696363
158133
594716
90202
41614
550435
183338
838487
917171
19657
743086
745990
670804
402873
323676
167914
203082
490500
766113
254113
524499
338660
826198
35604
66364
182716
360375
191240
923013
243650
756219
902920
253543
370227
340909
305000
494966
214114
871420
641778
9915
596568
53845
650897
949060
782082
465183
530096
340400
755734
842544
848015
895069
386657
323168
440462
995935
768766
374667
420561
385346
776275
879751
539571
36741
86010
825697
321837
466472
790818
549384
421208
445669
484003
343581
962347
797438
991011
417117
268170
484728
879637
72168
412918
626963
973037
264163
468691
962515
657259
573034
43389
418286
436378
925509
727890
688543
36598
935236
830718
32675
787815
968844
585887
946123
69439
680750
6177
844347
243
286303
458059
508976
534950
802348
82467
465734
482378
255647
61969
542411
282087
554850
45773
884446
454165
545069
65306
587086
521638
978591
365140
199906
740439
361277
564696
575229
45311
462004
312710
350361
799557
220636
998974
465813
830914
829544
502637
380794
372237
889304
90777
507219
706738
431414
543711
907771
782969
683418
370933
40714
866181
863157
404686
268302
731271
395205
531746
193167
746899
862599
917957
360118
606664
262496
459933
300358
439776
606736
935333
74885
983982
372859
308900
235842
563254
931568
444218
113770
766903
348398
166918
141782
577278
280493
382485
165478
141204
197747
325325
515015
456604
275170
522174
278050
384963
147643
351742
982380
671141
927364
617866
894713
662675
867685
828399
615528
438134
972692
447143
272700
918332
224289
213679
9302
597947
52372
740228
315090
823108
955746
106598
138554
199067
125777
1376
87079
624049
747777
3877
370265
624539
513919
949216
794090
513748
350452
541010
991772
512647
607029
434306
243341
557994
399045
24473
935272
571355
7733
279130
453491
799227
851870
868843
707874
148653
382421
329368
44125
471441
192957
281682
852802
762929
89563
388371
472724
620168
438577
758939
23927
649105
612424
940363
264818
577403
415676
855130
994266
291446
125098
60827
340015
965385
370341
974706
480703
344198
771025
670006
385629
990553
588823
92934
13284
751208
23416
732673
295393
681894
639225
798499
466343
452630
630908
522830
16985
232791
833275
575923
127754
107853
641199
957296
738454
193025
556108
83777
993455
38357
177917
658787
37952
248818
153343
97218
249740
380867
520476
811073
17745
97286
956618
418795
553843
155402
766703
472964
310556
20190
560975
233218
98866
66435
294204
148196
156853
494377
295540
989518
834509
787074
897560
642871
598837
42111
50888
376851
507768
39047
860611
57580
3915
930101
225217
494716
713421
829774
52488
729410
336658
225903
617283
9942
902756
406393
971576
217973
98710
58247
360754
851652
558269
859727
583790
12431
887329
332388
207860
937779
799862
923002
518994
813295
68430
372301
112190
774805
445588
724143
327086
71899
936823
956312
302037
424774
504310
317861
600103
908231
85206
213428
362200
331512
228532
296293
488259
341282
442958
62674
873786
930414
226986
751505
777338
653036
917439
452648
356188
721940
193728
673140
811551
106925
537798
775842
144208
682715
648931
427847
264282
564058
414187
443312
631809
513542
599108
640824
893944
796065
706303
127384
163428
942280
93554
825853
630206
568199
182416
752464
279169
34931
638715
265
473929
805860
604898
669356
864050
452443
843367
127554
149346
831057
760409
353836
949082
633529
910017
341598
866450
517060
737657
215110
686476
457460
641519
801239
166303
252176
276322
145510
533742
992288
633764
448856
469630
468647
157578
273769
602052
487971
429213
236684
594444
447622
492150
28212
564801
301934
255539
31417
454310
408081
436474
285682
234089
19682
36058
224153
627249
183817
432104
937613
557477
974072
666186
75621
711284
443864
222527
856142
378666
317634
176898
359329
777129
328807
963785
817173
851921
491090
172746
980268
562482
739360
647079
742756
405345
250914
343849
290357
947975
302608
667999
998500
878101
787838
124199
232406
387407
761362
536418
534648
245120
679675
48985
290426
182526
333815
566453
725053
194417
323325
943445
639656
245195
572352
12170
782145
445661
635148
741001
777160
541698
259224
29734
789101
284995
492061
551437
204349
742993
925757
278440
814819
844053
10940
373957
446866
995685
872365
35980
164752
194035
143394
943736
729114
911956
671468
331115
424150
187918
737650
174805
575059
586787
939951
284148
685135
218254
487049
493557
668535
856111
283758
691470
539943
132226
745053
224241
301391
473517
47525
174732
36528
729548
906604
562392
278130
864258
206016
154895
682594
271068
391416
621358
278342
47538
181347
442620
198422
981756
165712
326202
825109
431682
149245
105640
642860
163982
333898
541272
65479
645849
53446
113430
539182
799427
55740
898812
931430
58992
53018
392747
910088
948190
261537
636741
826396
462708
260265
955743
34375
364184
729308
900291
686428
770109
254193
720248
105102
535124
887938
28349
502405
499395
619506
765856
928614
335527
390276
686542
902466
7495
177207
762241
15316
128238
569950
315075
543133
380813
445671
247007
86156
456502
879192
944719
60647
91025
258300
587394
511821
346049
60010
684315
894293
108525
99810
735889
461283
328808
626021
243989
161055
845071
308492
613303
865995
994535
223926
476690
700118
165172
972698
395596
687871
46046
949695
628686
20153
988472
354095
71462
425469
606547
443025
631568
839522
829878
250573
872671
117211
730167
422949
220210
282173
460724
280003
547675
811217
437193
81706
783754
657793
205066
200699
501050
642772
32026
989866
661895
252591
861313
829726
274742
398225
422695
612829
75383
390423
183243
685966
361453
30579
404948
891308
158461
146403
420662
167565
679036
397058
359801
708310
639503
665423
156103
988158
784660
838934
689519
928720
984898
561131
195886
661635
194758
379090
872831
334243
96401
988932
186699
466102
648480
512019
244542
229178
325413
763437
929514
521386
972016
197187
759774
405129
343076
291226
229326
698143
64734
95515
744459
596139
25625
173111
310842
723738
300228
852699
233649
832311
672418
308245
569294
342626
678674
313654
64609
271044
27101
56758
404437
652911
150641
277230
329443
532085
197743
204829
859442
516922
229122
217838
840508
714303
10514
614003
582874
984965
135913
469816
993565
764437
623426
124890
379205
404048
7448
850404
20359
913253
9288
383046
117853
969480
836617
870185
58609
342718
13115
473430
263412
625710
703818
927325
77021
524081
156746
564526
76658
313437
232490
120901
852438
901712
286384
445837
97336
810152
753067
601591
941482
788585
111269
629864
933357
993260
957163
148524
825003
406229
661578
795592
869365
671667
138813
816760
425207
108678
356567
810403
165885
501964
792019
961864
569309
483027
685730
812817
30506
51631
664489
902622
933450
587217
944345
276853
8180
517222
271562
493720
636011
394052
583367
765386
423306
246049
404745
483957
455603
693040
338428
237514
458905
397315
801970
819773
271560
655430
863516
409374
373683
63993
649799
601674
282827
992012
616689
299832
579029
285812
214223
757729
467380
273160
421759
499250
912241
975981
380693
290506
465113
113337
514036
7782
315326
169892
333136
253776
632124
219760
411623
888723
700104
761857
733777
800190
554408
708498
529872
471014
129758
275528
80855
176207
456308
72003
488849
704787
780203
892347
221183
770375
429674
85899
723701
350248
931496
739050
39173
366442
200067
964748
657555
962973
678486
564298
736354
31479
897239
122681
244869
228834
633868
612721
762
662975
500758
881512
531962
194687
496282
219395
59395
589767
480920
252849
13725
268755
344506
475677
690621
485433
959340
572589
581285
960337
4669
297049
680428
188458
215045
970176
539487
849436
656740
712732
676909
690432
391402
272853
561108
847853
330079
744648
230060
413929
74935
35848
289258
268130
963901
570930
167476
485081
450464
837058
508597
741511
468721
127496
293861
277619
943412
270530
811381
795907
734992
217262
360707
88632
796876
68116
415229
254782
575878
387833
337419
69502
225737
761848
669825
825208
117488
93948
924490
750085
465845
908548
682958
85844
119790
674468
521633
80975
866548
111109
316080
612197
270839
150343
708035
199515
322127
852454
980436
662988
40380
117282
773601
457082
231446
142466
347084
907225
796201
15309
244162
704025
46666
100885
771681
146085
495235
728424
125215
354928
326942
892904
153264
983269
16220
786997
452955
836628
161084
788
104050
301030
443788
14345
930530
326732
433609
997953
597061
410669
854396
655107
725643
139355
770056
637866
734683
98358
43810
696391
853253
675525
875317
682083
314295
618960
13170
780885
71837
828736
93446
622103
871768
703816
59536
163816
266709
689115
978976
60609
488858
973055
665958
15244
375498
123618
583009
125814
889705
227198
885643
495587
782753
820369
421603
114174
515440
399840
219343
817088
640132
105177
782308
442182
480998
214534
870224
254413
6313
995941
562970
228052
185968
329163
456803
644373
259421
939337
251853
76945
449492
242504
79012
835170
568301
633256
139225
234085
88475
797310
619625
440459
969117
245404
482852
113854
799475
176105
960237
137332
799651
786665
550882
167328
991392
771717
175376
432662
134597
644173
793384
55450
231221
366847
972891
898404
984970
72574
827590
793156
875194
138261
135100
604275
211838
436457
291523
280072
864583
224240
756513
264657
81741
635616
257209
407878
917838
884375
875657
238704
994418
850009
923298
624308
311001
28203
745730
257171
37994
889729
226323
505411
636840
542402
286845
307529
821787
266315
788313
629854
844619
991390
658426
766508
15520
784372
851641
73444
551869
610118
635578
633867
288828
287889
452494
38890
198229
818978
506716
165759
215214
255741
748716
47723
292049
444363
89924
5826
837509
8038
3991
366431
697437
806338
134347
562282
299009
680665
53761
522531
972566
399711
922580
473572
579867
757532
645088
913221
370344
741658
381332
605451
288348
549528
708833
393247
443610
724737
712832
616796
686000
326456
469671
78065
400151
313839
595992
176171
203968
697252
754191
18388
478624
991867
552748
232970
977634
731216
825457
791187
573403
341948
816251
485144
16159
112767
602613
226322
779208
712672
314606
809721
484190
377396
904588
741368
533887
181951
151260
679968
674654
272327
390111
331521
607651
476137
535106
359668
929581
258763
466391
170750
252471
719634
301836
978840
688247
950323
229741
310302
623942
96409
291454
279894
382995
372271
616038
144173
938661
423834
2736
51736
103040
215674
167315
294006
588765
988443
826310
959339
85272
772889
120695
817296
67259
376184
432615
648783
256272
854311
232341
619185
577309
573707
573580
577575
828060
375101
354047
908425
941897
767966
964444
913276
38209
732744
577619
151208
351883
193861
784722
84520
699097
431381
661891
469474
53085
965947
115490
173514
30604
339672
242684
573837
839635
471055
462806
869773
722042
645789
969542
591012
168780
442769
806194
833756
706164
782214
63315
177402
185867
747248
607337
498269
566253
410229
502031
240627
604637
417591
914868
43869
356479
416792
532977
316931
374647
278037
869112
522912
278311
711505
94895
470841
59566
525580
708798
938526
953872
335321
201123
955553
395537
45871
656351
933234
35300
710159
473567
611114
967655
884240
454591
924419
267123
902040
243586
110022
631804
786842
944843
124117
875912
903580
375431
453191
559022
538861
581985
745557
806230
37814
457188
324366
127535
906928
682504
842871
860709
514397
462133
518197
180223
851593
480359
249066
988885
842461
786600
346147
348126
999003
862863
496685
538195
296210
386608
396066
115354
190868
649770
930263
87288
592674
679015
424511
326783
839781
466456
507671
400365
352020
17694
899487
534150
346195
275123
238891
608558
761876
439898
362102
580885
152213
481419
104873
294953
160735
865809
196008
494455
474581
892356
534089
668279
311480
435754
871069
299149
3724
131959
608009
885330
530521
723830
960900
282082
889287
185214
440796
252730
4735
395193
58883
621027
460471
646639
531334
514561
893088
545516
739452
181970
234083
517619
273367
422702
430655
523363
104146
610526
82367
514190
492827
349979
378378
202099
265487
656405
145013
66617
973697
951400
308724
519940
314202
346497
22729
449004
322575
574025
979628
440841
35726
924814
356038
72625
467108
612411
87611
700261
919959
295515
906332
853982
631692
883814
508039
515363
955290
57119
766237
461907
354822
238373
645227
940626
982685
588961
392990
242978
701901
521973
54103
843193
79648
605614
724120
880111
469087
578459
546984
1127
594658
833993
742426
66876
790062
444912
509589
907460
345584
962535
546967
767838
447682
893470
242513
319206
915631
731878
141931
997243
102179
794250
537057
753759
869884
444423
648871
643154
405126
749029
779269
509276
724461
217520
26911
297654
214321
841721
588058
863191
640396
276244
372933
356445
193615
249467
583581
541364
959370
474408
727490
922362
451871
184083
989034
207446
199217
642719
631549
664994
701388
407452
313723
556419
876851
886103
467852
513586
302016
156469
314041
706060
295002
146952
348869
99251
289516
778928
718392
575192
856347
608592
105407
731069
459584
480877
632460
653659
756459
84941
692924
715632
70559
738412
420624
83780
602098
125199
577960
108910
787298
736123
611311
774773
435503
335765
300093
370297
444477
500201
357851
341593
601867
50046
379108
135335
516865
720240
20070
297631
283594
162186
558737
17960
626400
733867
994815
899803
86627
1901
95718
435367
37254
967001
827589
422992
6173
667329
23896
90132
526857
200888
891791
434996
483046
726862
227981
3020
223824
696214
384952
450772
492252
456301
451152
278313
260310
613089
401684
387016
346103
844063
63614
481411
352115
293609
889139
5364
810693
278129
88714
578330
938187
165269
298882
953017
345220
659390
350541
558105
886989
792205
982641
93328
713339
456698
6772
221652
899073
576071
261328
693358
801011
49484
416931
213822
929598
18356
569109
485305
804231
13004
423875
249410
923150
698636
150505
416089
351598
2637
495294
446310
904042
796482
532371
536200
313782
874468
389429
879472
208639
594623
614692
439241
953356
42992
709125
764268
318579
744372
264765
269758
481167
599082
689273
332138
665743
505031
77441
554875
791472
596154
974127
388027
703784
475255
482183
592451
734729
750457
828235
46969
369057
260559
806922
10193
103635
541592
866723
659970
456299
685548
981660
564836
124996
822516
129832
634050
688586
539580
596795
284356
346204
989125
368423
757134
824360
871695
829867
486075
292665
18916
720990
620741
853202
735335
491392
341243
188793
496413
434728
566209
380086
645954
386681
204003
876424
376565
513337
42494
184845
618386
745157
2588
726833
588591
919542
13580
82340
207060
841060
204337
285473
33471
845227
765839
376948
678428
797509
637074
828658
958808
93940
509113
929734
463529
365802
459392
606262
226365
199752
511282
27155
270069
411291
286431
886275
506268
116334
51797
204548
335454
943368
673832
84999
170600
873942
137383
755906
308383
633775
850539
480066
832636
644853
65790
776839
734332
954230
107630
456758
533015
489291
975785
462508
228903
797365
597837
228552
486523
559735
292961
387250
893790
920636
371566
203958
425770
822724
832041
991857
949188
165180
252995
894206
834102
945690
344956
845302
836729
480583
722091
675362
541764
503808
316392
153271
388106
81109
562706
41827
809883
866887
664336
122704
261767
76564
872751
883429
923572
299444
88636
349760
677541
47524
745383
522966
846379
745468
498253
863633
734122
686575
156507
44185
624111
967121
582854
606889
121621
556615
33523
120139
933128
914462
662053
189584
426927
708717
996527
492689
649943
878293
132140
131405
765703
150929
717964
47966
789842
655855
662673
634231
745980
404727
413571
566995
899637
686680
905215
437121
209782
655354
860974
718595
963570
709424
523726
299993
658492
675202
315102
163877
510415
735258
523609
862390
893441
207358
937464
556320
728734
310898
994919
974519
283520
428487
327392
897211
314495
723825
537576
286140
763152
95029
463915
850022
350809
292876
184047
38746
441167
913838
965548
893397
903492
549434
339391
264716
427395
622714
780495
699616
320909
601879
480827
560822
817273
452358
570999
645154
795508
34532
259696
649732
867024
124337
56379
690874
360685
776212
756225
713392
868990
25546
98297
4667
411519
133609
691088
125058
218290
120264
813489
490915
732832
670277
319359
594606
329197
462951
533843
118458
533922
64047
117202
37805
693677
122934
345137
948211
166866
782204
641744
253345
335416
950480
280763
255276
78547
105700
528554
307450
982963
805577
67973
898752
509231
646658
631816
572708
187572
84352
819528
133861
148986
662318
846967
311217
462875
300365
829073
870465
622379
287782
921196
449766
692214
739484
489345
243359
846094
255274
788280
19466
440360
889668
570522
803346
334905
118787
661045
944043
793503
594666
303964
134688
642362
490104
709491
916312
36108
652270
427669
736649
625279
251888
672763
896914
956057
844429
646659
929927
351376
641060
349541
694813
226348
334124
140057
335329
688779
684122
882800
886324
517474
213441
912450
230624
693063
790509
786321
193382
903936
627641
364495
611975
88819
92329
240954
120148
132567
984925
50992
688432
47304
800244
122029
596118
282367
572620
989519
652131
831173
540127
942741
404388
53967
196801
458218
561763
779766
338513
285968
610629
65501
656866
772738
598423
222003
128052
892579
832251
528078
697358
312851
590060
217695
382979
793348
780633
343555
849285
924657
382275
676352
661129
966903
680065
559043
891079
185073
190761
538989
423068
866355
589290
459337
267146
743235
491714
416600
276494
582571
583584
460138
633254
376899
829030
804930
14625
778874
545653
345902
384849
764025
285126
715933
473868
622592
371886
498234
438205
725926
334401
471848
633327
894984
985980
923024
906368
394507
847440
560655
776883
9092
668509
845038
990603
862223
647433
65780
333331
8846
413211
473182
597598
501106
974204
908281
459073
119365
367703
148014
997719
231409
229372
186733
248073
49901
942516
477219
87706
66990
213414
761915
639373
234946
454164
946429
709549
606421
753341
845387
9426
268072
155792
955241
841877
938088
415306
613232
969638
694154
477371
206266
698308
259726
361203
452405
266231
927249
764661
34463
333086
226747
18776
406797
509552
227481
602492
393484
295622
474054
246960
710286
634824
714098
553247
364770
899613
986918
150383
726043
105412
669055
772009
845684
689228
261611
649875
291260
30058
813881
98310
959929
456087
9591
426171
643742
607971
638046
141318
491432
472688
121381
920593
911104
549182
632981
74424
53925
14715
284296
395744
885224
446498
65463
898824
630722
840891
322336
98947
891057
53806
130909
935110
785821
199475
696507
180733
461242
677882
664280
481785
758194
874230
332865
976292
25448
191862
376139
817017
719410
556814
432702
431656
992053
245684
617859
969293
207773
282642
803849
84903
302640
81971
931707
634888
987770
999590
622770
255466
616405
214712
823238
173426
516070
986885
527244
728631
18328
915053
626913
152497
769603
529590
654357
688594
319390
238824
213338
189323
506667
450637
532711
643657
603027
664602
551186
149491
876150
832447
492506
601927
413619
227548
745954
176046
444244
559691
563295
754161
785933
303410
150772
90927
419066
672748
948756
489709
589546
68247
560794
229184
549112
484063
71602
967094
611104
215913
678753
347809
611026
443196
314026
820802
966731
286908
167977
24338
214363
315620
343084
118180
173262
400611
283458
237340
352059
581360
770522
23619
232492
76990
252007
684530
421088
310395
579458
195982
54966
828961
832431
870564
174282
605089
27979
509509
166311
161633
717575
677020
39459
942991
225991
463157
523150
659538
457336
784213
80912
817834
651274
874587
528503
731672
916772
606793
378953
691040
455870
851539
233281
441861
388200
338996
520907
707658
597732
247414
496744
896322
466194
656928
85209
828039
52994
100596
615217
699407
306544
275709
722760
104362
898767
126250
162877
208126
167043
741814
935998
883581
709222
502950
21067
512798
785546
14631
675479
554685
277428
219990
433335
760488
673087
768837
849852
804292
244849
419502
721135
710583
582215
306495
449229
101476
993277
461801
905628
797861
770835
531903
126816
219519
605933
323418
480041
639774
298199
822586
563282
261791
32265
370211
606265
354261
185708
101631
873196
101407
771596
733513
639850
44331
145608
205981
813292
227458
23743
398430
801572
283751
172548
306119
937511
929913
508618
835322
726443
593096
579111
404857
96779
118420
53769
363998
54807
599933
759617
180707
34257
151685
973972
653256
104060
439868
673077
72563
854692
581975
721186
791872
160858
19176
100878
392645
420690
197167
322221
878506
348845
109514
933179
478745
29582
84031
729637
121131
713113
915344
523086
588502
201380
569429
692484
423595
412365
212853
981782
44064
86716
595326
258651
830919
9677
624386
580710
433233
494331
547242
55521
939569
593413
627543
806876
458483
629576
785252
96605
698770
305815
688184
364397
843187
833200
703740
727293
160515
483688
960782
456654
56751
949745
5465
399689
199005
85774
957807
309296
73084
834070
378629
808447
362282
858686
99980
597834
579898
965229
592686
994907
391903
19565
7719
195459
621947
381701
330936
383483
695595
506913
892381
389402
725780
288429
106123
283879
621936
142232
277013
804555
340455
788301
760784
109813
671987
860412
649230
35596
4893
625538
615153
445163
312470
348965
49521
790539
404534
59048
719252
616726
393820
596376
997253
140242
876106
286018
482555
955639
633164
957775
920624
336831
986735
895560
250677
694840
570801
850311
648704
725140
500847
544832
424340
785344
551935
880647
835509
901178
484974
320304
521587
595128
889820
979999
684265
693362
770868
871752
269425
727394
140017
674277
803117
543438
526105
514483
922260
346872
268845
188518
171692
561099
120478
941749
407096
266036
676121
450922
13949
991703
177531
526960
699970
912620
460737
585112
742202
534407
467582
734599
521329
552273
3565
39662
638717
567029
448971
814827
86204
16154
807951
838555
601464
256736
710290
186554
88053
757691
674426
698299
988670
707336
589803
13662
174802
215471
12907
400322
594076
63874
238850
312357
479913
661415
675368
262642
168664
153123
44403
79084
290112
366127
153179
691779
359146
395083
866069
598143
546804
14506
947043
307264
93189
565886
390767
457246
499372
311659
551011
433095
633322
353751
231898
134088
899329
782846
725537
69550
8284
698389
167154
305393
938889
98068
888767
788139
405428
605183
497121
781087
798587
556775
753578
514349
109614
574376
327363
690346
84540
46773
680715
597716
899714
496577
302583
819178
122130
874369
811447
844113
769771
714743
853813
33709
842972
644307
955111
298064
899044
727244
763272
849403
988951
144687
14916
633907
759358
626816
825420
502250
415472
180858
818585
842643
404572
38236
450252
261362
332658
141046
119890
133151
113987
62266
242665
361404
425525
64754
83683
206498
141
517073
473871
254674
933575
414628
183940
771573
390196
11760
669635
705576
788675
568101
633453
322147
443832
241204
657063
472969
608394
90639
906124
965848
531525
534488
85260
206742
616294
890938
174741
264918
505291
879155
502181
872054
468296
158115
488695
67682
435445
510070
831086
72642
485799
925197
866125
855972
14276
884566
373158
614418
929886
786738
325304
922676
669673
261329
842411
908609
186069
374099
459011
995152
336599
63032
320763
172962
998760
102077
714312
212436
291329
823329
491503
206607
594488
424308
704670
652371
19008
99135
50034
463000
644662
734878
172549
651718
990378
306149
342584
535953
900080
320375
954684
551481
680582
227209
196037
956430
510355
14339
882094
962382
65378
276151
273068
475833
194486
667377
838135
279811
560928
70133
404152
434066
251845
93572
471336
218633
788142
514564
574868
50991
99009
176292
168403
719468
554193
94540
584222
263764
372253
739579
28429
715889
147040
673366
771239
405414
758496
702837
580898
180401
789475
529518
746377
911488
980466
635961
923076
136963
491684
712097
686344
848439
351785
423383
530823
103776
2521
645747
163158
862851
568333
974464
306350
162313
308776
935767
170964
475487
231314
22455
680470
531593
816677
997523
899200
628635
752013
67815
728207
260871
215926
20283
134924
571850
571736
535730
194200
672013
684051
288897
772825
576362
694426
531388
853280
851477
568476
800865
922622
697010
215935
133761
789694
177820
204444
254132
984663
15948
209707
346417
500386
880803
729118
462598
517876
509793
811965
888589
776022
508837
396156
716973
688069
506607
496923
277841
847165
52253
539106
446439
116339
418912
63240
688456
402148
289776
474476
955194
112483
579258
406892
196006
803624
337018
342128
21572
46691
702261
899383
689402
166335
718625
375924
402727
351750
838704
479541
810195
80124
273608
539161
193339
159686
267601
691447
532498
424285
893860
596750
412008
207130
862496
266233
786756
975907
23457
375163
56324
942899
983761
242330
50280
644203
960855
632139
920523
380112
276770
952203
316402
675397
400424
215311
193624
171999
752241
550577
866408
319959
264070
26551
265294
692045
614152
621114
688605
972966
467472
310991
182222
589139
781849
295779
363449
656412
989299
773496
210234
276672
404246
104629
174703
458492
495168
33281
194514
318742
158223
806567
20387
875503
221429
497395
475774
596091
283492
881815
150032
93779
67039
905390
962565
196109
606691
500695
247689
693088
211065
575563
378824
786747
665750
324125
280207
111025
487155
585462
961778
297190
135904
199181
760978
246164
771847
853151
631435
309108
746029
170517
793045
341537
700446
775318
607000
242111
889909
369136
683617
124838
133101
503496
287634
607983
23530
967214
640254
806554
751423
278582
471599
243416
65717
427953
922645
908005
909641
877652
605073
217167
327444
871795
919518
601516
469320
246454
70109
580519
836932
278473
213788
809861
895029
453351
531338
837767
670421
507172
492381
64555
496793
695169
792308
535712
795368
693720
746356
893218
872938
521102
35085
875167
835906
811877
234315
956501
570107
675190
732318
681728
921077
193444
906631
588875
411863
271824
3576
449097
766972
590202
698816
881031
368184
395058
613571
807471
714889
145578
809512
819020
725975
650041
32375
798301
680636
747688
504017
5125
52816
515411
949345
189315
408117
606276
304461
291919
345962
313114
372591
308474
945024
52911
194439
515183
455952
515226
298604
457115
454311
118428
110942
6160
748112
695341
875563
536317
236834
663716
10266
593369
896430
744679
195926
495267
759874
172883
173453
595328
73967
593092
419722
262182
303767
537096
92366
156571
939734
354790
235974
586230
523952
642627
45870
298178
94284
427813
863647
940663
569863
703144
57801
908037
30454
690686
649508
374766
177705
638524
347122
995329
847723
571182
192761
447714
648225
473350
778834
313205
853800
260419
484667
95362
597272
99510
608077
462076
956140
137937
117412
469991
931737
345686
435380
24830
104351
161176
480243
172550
672934
529533
714894
92317
993924
208170
212636
31368
939968
236919
343310
476040
869717
303042
353811
529139
33105
513156
991440
688080
392515
267744
477394
197065
231091
983680
720388
101585
8189
905805
68435
617593
831180
519500
600896
909840
704555
874884
649416
132264
406654
11646
604250
106588
769173
142027
977053
218281
279941
917810
222828
853722
341473
220809
816680
8859
685844
124021
772667
112817
901654
910822
443044
664794
616943
199640
346576
287417
10590
804260
500027
836138
194525
842786
503143
569151
544899
69135
667195
619875
367710
735822
910847
678251
530452
147997
89000
321331
806719
743707
381889
949709
328689
949702
435898
3062
526566
130282
789141
552860
603506
463918
784742
924836
268024
688635
216752
601140
521999
259473
242258
638169
166977
788070
811102
754330
948732
600357
199108
456954
103461
505668
704806
635464
887238
746524
40261
841523
848360
182407
601738
471105
214270
570794
335082
92823
193850
147538
646996
512188
826667
583284
506542
828501
70617
379582
167108
908453
429688
844004
372168
966972
648460
362285
149838
720413
768316
824433
613877
802110
714149
572512
165961
228184
52340
660212
432588
140110
931488
816775
956841
245514
322242
671285
531778
631425
67865
35032
954157
183490
108922
208324
359875
691177
772600
616605
773261
556759
938622
655428
87509
728888
541781
283573
871931
986172
359824
293008
294995
222570
712837
102039
551352
931407
631404
749569
365786
930857
709484
107570
966394
917759
87651
392662
102579
247874
915953
681213
421698
485728
878846
446442
615523
328189
666133
909326
320324
67868
419846
215514
397242
37079
969363
817460
821528
255082
830376
730280
799143
38857
21691
999017
787248
300169
206924
598190
461307
572506
62389
411857
337432
838823
194063
679588
576174
405580
534222
292995
535206
577459
226749
100279
976857
760397
385381
514171
588877
777135
967103
706687
875236
826880
870892
847200
793989
454149
9184
650523
815591
758240
259173
251645
896010
57737
747842
646290
515003
3315
499642
721614
533763
951780
613192
574777
919403
307466
965212
22150
662943
583592
802804
958712
649663
844487
157765
452864
54604
569542
66128
742922
236403
332784
194077
474574
315636
358747
890008
383318
334356
498325
562415
938537
705732
349383
464234
536314
14510
237294
294818
458305
168989
464088
416552
248982
191204
602219
956076
119898
710125
743641
601109
30724
54128
154925
604814
650120
438827
218516
864683
625424
304042
248214
267839
132909
436856
93211
697146
170328
907200
351161
58544
656741
300400
813737
109245
521846
692008
120141
57243
432473
515836
493214
23886
572232
306219
115957
585688
636272
879321
31133
899893
204875
349580
745622
461319
358917
181323
492092
948699
175203
471468
227545
177538
352293
270963
488258
418781
449099
184811
665262
974953
978075
960173
708
242636
794732
2827
233705
651945
281201
545820
22308
507926
927072
465270
823230
200770
415411
110631
53480
601572
756442
337614
177910
935230
481057
84331
827253
14782
446982
811845
352502
829671
9987
536114
767165
632323
378455
568853
775478
579474
161556
887934
457227
503817
166181
61429
44254
604338
906405
148817
335873
262169
610773
223088
930917
107989
364222
637003
321578
372511
137154
590338
45304
476681
67532
714846
594280
43943
600413
675129
961807
641846
159907
218658
134864
599912
259127
270843
362291
654315
745927
503475
288716
606225
164321
736047
707608
833166
989239
506576
136989
348859
581353
455676
791286
416787
449824
531086
242134
356953
161897
967877
23783
282535
724633
222630
751759
837194
438418
91467
545297
636782
715407
36079
667238
78370
637870
710644
87154
598632
7047
238408
204127
938928
922552
782722
23959
746875
639652
591424
966925
99755
596010
612425
998507
367314
635565
122857
988656
361870
652651
68630
772319
468379
63899
8951
477846
673806
561128
734905
897554
12695
187532
406116
769117
446251
724935
817632
434075
109230
11813
321702
211671
246384
699314
906636
444120
115971
744441
17549
965005
791149
203036
448593
953165
865676
702297
590874
819110
198861
591059
932238
616746
849854
505750
980346
151919
861641
132799
815907
373618
979600
531445
645888
261514
77755
588616
452553
926102
470968
553990
968923
665809
127830
931943
34745
56756
439871
586713
605287
779538
225684
602868
649568
779324
360592
280338
841054
665013
304284
308994
11289
929800
86639
841044
120018
753396
339235
877945
591867
765094
87655
728963
626587
177256
494694
159962
513152
83433
825946
355933
560948
591454
313378
138804
90977
456124
424081
286414
197243
187145
319846
123805
512269
104833
118251
372032
334690
66336
119932
456810
905928
459516
89135
201274
986750
697572
289093
396294
715724
565377
470204
796146
320362
468756
820178
381323
790043
444854
689903
310176
251584
727404
480439
949176
434567
885151
433744
988405
550748
110703
646470
806412
323593
603477
429033
74754
854147
407717
710994
593564
765829
400408
458959
241648
962217
448861
368510
71072
294440
208888
684707
433154
165733
627869
644181
475117
764219
186206
274173
314985
941828
62762
894078
345640
808527
587922
729374
38513
1965
292124
370876
721859
105547
687307
669447
834986
195318
108325
426471
750279
990279
759272
60532
717653
413849
336389
492266
806865
502239
425545
408407
107038
142616
699112
995403
790773
896030
149513
929605
267103
998530
124401
592958
182946
704100
95744
698741
329410
248594
575902
148182
864477
557442
799832
54809
333459
740419
939991
816507
586923
407281
356985
89684
189857
164251
743743
447590
239767
369589
932767
738103
296880
994894
479789
308258
11424
719604
101824
439472
744344
232226
834169
828173
640675
971325
499192
859629
781799
924762
603483
974778
919987
268706
838476
755090
267104
661554
663799
5335
149338
703961
659205
563649
375593
39346
877433
791424
589506
222932
669226
708061
783002
93527
497286
546501
613526
895612
564834
495590
690980
612377
867565
770545
38892
905023
992586
8843
147850
413350
844572
691552
64932
416679
6270
731643
115290
299468
711683
121895
598272
632394
994979
85422
444145
473476
81003
866033
739624
657399
44024
147251
324972
705132
655182
339382
144985
69335
17366
859790
847544
714144
826302
518331
486941
138925
304285
664601
573566
841881
276115
7737
128942
537600
67389
763124
961060
500192
692203
434321
62765
855742
531808
115755
141018
650445
403942
469753
191684
987775
514314
788597
128593
476141
966203
78708
16971
269775
246572
925170
189123
872795
894806
766614
35217
533216
674711
422092
845535
254888
937670
890393
290813
801865
644775
18769
16732
377382
589433
575943
739490
316136
905950
597950
203705
992888
806621
176047
587598
27068
282517
767006
748645
598921
230227
592404
996619
450231
387921
938649
484955
520725
459141
970279
165997
68686
341722
974685
285932
968269
896479
850632
293054
934552
248864
324745
982031
388315
554668
446657
607738
743755
51370
943826
271130
675401
555305
423203
57836
134819
106225
200547
615975
459329
481572
971401
531276
493924
222622
500509
34325
955722
959366
36844
249448
613977
787026
429641
898384
851459
3044
792197
856361
989253
240139
506730
672839
190338
205118
606750
527651
168765
568404
250772
284830
425876
364234
883742
700507
500223
241632
123438
138076
525099
939920
439681
190879
580870
132764
331941
961391
755600
966300
709041
66652
232195
20852
646042
489310
288750
500295
698478
287154
339077
158762
11730
228603
130716
475551
318977
580418
262160
7898
885709
12657
321167
33030
533232
285112
530789
234448
366370
225490
219853
422634
196627
501354
764104
861739
740005
12077
199306
534833
772682
857300
764401
808362
542633
975494
363869
10922
658058
680651
236871
393719
466713
836294
716228
385674
1769
986260
899156
493202
674514
331850
828087
563205
676945
337251
831493
911642
387688
717744
688874
179303
694920
611375
357327
907032
905066
944628
388547
130600
472532
232484
835003
785771
806925
969408
13609
137804
372275
59727
898087
289019
891027
944188
46508
428871
437661
434119
766819
770000
954750
556382
232575
937078
506829
663602
392719
327207
875399
64046
207862
419226
150108
879123
709074
340749
603652
870089
587917
145370
618026
509074
521718
114088
299687
819409
787271
602454
363169
874076
907758
987583
267061
230349
795764
765115
166398
626231
95995
105453
625425
940806
557710
568348
371053
835766
257696
615963
962705
224903
350132
796967
331126
453207
532582
160054
304264
377002
876564
801020
851478
75600
487553
430249
568432
320110
72475
667437
288805
645034
733708
919485
712988
898289
695582
907630
369618
379018
909644
456430
68134
416859
30480
879030
170416
608039
514933
778451
105569
112614
21205
936431
424670
196110
121530
16689
327413
695669
379320
925902
930088
106153
291621
412582
703173
727746
418941
266072
706850
737023
739983
548283
875973
709853
75422
25219
40213
759960
182372
615633
290854
101660
822172
613148
529375
931927
895763
114593
788691
424821
965046
639047
328822
346144
349150
653327
194045
4103
444834
712503
415087
422380
191314
339478
79368
192412
413901
989432
899016
536030
773491
3302
412478
549661
414927
887865
824226
518741
528041
704452
215370
345026
189477
204495
668906
810380
10150
296693
147654
805398
274515
4074
522347
580649
719231
413592
407725
197416
636605
425093
116455
553779
243088
623417
873710
652529
152530
560473
984712
537073
406177
118549
376864
56815
421893
911098
194151
17139
831552
798967
213450
857775
250963
267850
667128
826764
813115
847273
818745
29926
546054
836560
739567
53116
512917
68919
718298
778406
421389
50423
398056
469016
264788
710715
316293
223984
54341
457938
949746
954310
476001
375843
640217
594043
799339
115765
893157
965436
380668
689143
15650
434125
424977
517364
49060
579862
146798
69035
736241
516799
745509
242020
86721
338644
648363
992590
909996
897937
243767
855794
2391
282226
495376
8779
327507
505647
873782
589363
751265
2090
496205
955806
853625
337041
611233
131794
259423
512791
199317
107137
792238
689488
517157
204750
701471
738326
627907
830634
541571
734167
946203
396785
294633
362678
703378
838143
318177
858405
50380
366580
993146
744506
560752
46741
785651
498884
657979
350411
689322
139269
996359
54004
457184
908892
469225
923284
554981
215943
259321
449448
46309
940694
374316
887453
591140
140712
756436
92443
907330
362394
108844
404974
339326
650304
888463
200732
536045
946982
367927
621346
942691
563788
809101
688451
972910
762403
457007
654361
773591
412532
548033
507201
554540
664327
343023
932424
900168
769124
572360
151503
580437
811841
398516
571837
331036
627998
162513
573754
293989
409534
661869
795859
541849
378149
882671
635097
669076
787297
944593
668511
256140
69303
617174
397671
554894
11574
671621
95617
80727
388256
37928
111593
720105
341409
186615
901224
203998
233380
942075
44418
378493
788855
708481
103490
37536
970261
854740
389692
994515
33802
863792
234551
89355
107622
518028
16453
113265
160727
11854
755850
308828
293153
148271
418416
114329
775223
334333
503994
751670
268494
682371
806368
859300
560547
462241
868253
285601
72353
679822
858313
582174
142679
198312
402509
958440
73969
844499
3558
650154
865725
751057
477360
701032
746219
644598
246042
72118
296202
484529
918023
897969
89835
522248
408722
3594
82662
643123
141029
794472
36189
191760
371447
891265
423007
718505
147942
550283
441833
476108
458968
561362
786942
827646
566964
641070
588669
536458
357859
345651
550769
561346
913405
723245
948169
519683
121899
476872
609828
623478
508627
489154
638941
403621
258364
448339
887186
549469
69896
107677
682778
352816
328365
837613
287802
488651
977963
526158
789848
162565
535846
627188
981843
529431
66907
118839
250565
362089
871313
290660
319416
613819
631640
462525
368054
252418
448758
353038
954871
643196
821696
746066
423299
494283
499319
884389
445182
901739
821538
826954
397278
330214
499936
743343
786979
967604
618512
10306
800528
98023
917020
647822
470413
431944
486485
493800
492935
979699
873748
553914
318401
162962
221095
720726
572257
450771
597402
814454
677294
531249
811901
415305
148100
391139
502698
968025
879942
682192
660509
581361
201438
107999
68587
592720
185209
630386
5546
263988
852782
349795
720518
418310
311737
708994
870924
303583
209445
822828
515458
672701
360246
929519
307499
467661
811916
92954
766429
495134
397605
231495
740936
41842
982110
376944
797274
359520
505683
735754
862324
528337
688233
581199
125681
880675
971879
302102
285948
943603
234570
868642
710868
730750
222271
761035
995939
662545
770186
592649
520805
281527
211092
260881
902989
722600
872980
157157
23053
306014
158346
766641
19751
280620
82994
490291
702551
951234
206826
173237
423867
383165
419761
981314
513076
429359
803141
921125
209925
516570
880492
241928
62916
233482
875885
124912
258210
509932
229599
670998
97165
422153
752655
39322
907443
644059
755940
16946
70953
297348
706123
627518
321646
662419
217890
594881
23821
94242
498598
456859
608481
12973
439869
480823
794701
263780
345931
121699
47421
68315
311294
685147
651591
413546
693334
408055
66233
910321
827768
891175
291244
839752
458456
548159
411822
515567
244238
37725
314297
270625
457393
507447
821668
974974
934523
373254
832037
54592
97413
149027
590569
109966
815549
108296
554591
558021
250983
87248
193170
150723
803030
290263
835199
969494
972383
880747
428590
146218
954598
702519
956437
786972
692814
830766
185100
13646
711237
890714
131570
203327
858210
374334
188476
854975
101306
896500
193944
143539
881539
524682
159287
787840
980615
30111
423424
502108
915208
56783
247447
414062
775410
860799
280661
805794
785313
872442
294483
141850
288887
190060
44574
508791
13377
299534
58724
786788
751811
91883
486627
125376
779750
787495
517081
766504
718223
298799
272556
632665
416079
419071
664844
684969
512375
419605
265091
675962
115823
391454
587168
246985
292865
646832
385819
286001
147319
530449
5976
668481
800601
808884
152883
826127
777455
778686
747713
102563
47014
831594
514697
493548
622990
308410
265959
544469
626250
399921
327012
171931
560509
985217
885719
203836
251173
581047
757889
404490
870570
36661
85723
650661
489918
585831
537513
652886
254230
194809
405233
260134
478538
821153
306961
442548
15515
922159
490303
526084
736538
759832
535190
866182
359083
118414
505801
389532
931572
95257
588418
20138
114559
109650
504364
617676
59664
425017
8102
292645
989843
668092
923580
822412
26070
977988
648413
451066
968996
3812
31430
947214
625859
117485
347431
589992
533720
688627
422277
502072
960564
502543
795039
610076
218009
678694
971774
870168
835376
210143
277934
113532
788673
819680
547118
645541
164671
890902
13118
856661
791393
473606
170302
581289
640341
446698
24125
628250
822490
235385
152603
51055
523266
653957
544501
437164
662849
930953
478103
569063
153620
962609
853252
850436
981209
191505
837570
492581
641663
242185
375106
765997
992406
313370
160649
694907
722129
768671
199792
363540
359850
247953
468747
642962
70877
480365
428273
233292
393469
860688
378163
217840
420835
653167
13181
469238
469165
37733
569597
337890
483080
653604
653630
350942
157296
614070
519189
10496
489812
391315
919665
550302
656449
664914
255602
381814
655598
964320
357174
202338
511327
576846
42639
468459
640747
390652
431617
608030
536249
385724
181339
447468
907343
425098
901518
321065
142565
774025
760960
143530
892189
143631
7607
332447
940590
725168
872121
843506
724715
73970
938384
952313
818612
838583
61682
899476
12922
821112
807583
37487
265032
840964
84715
958237
388531
301806
73337
285144
546953
749053
739165
264887
635147
13229
560798
672010
85380
380160
121639
176509
19384
645383
242951
661065
558056
426522
158943
86670
863777
113319
462460
317850
507999
341123
191564
155754
235358
418680
684401
254953
898490
436522
470118
579937
364244
402908
632429
863729
601568
187756
190933
472093
938728
430717
608748
966078
650360
96244
150714
423489
343820
553539
520575
639046
882511
573930
929395
410142
58694
319007
174640
347738
896974
691344
180031
63412
717618
165542
607517
676116
811530
708520
756326
716574
214128
135431
773334
501064
315964
196664
710657
501802
317758
641838
397653
634370
368287
768013
416020
987926
544127
200002
481110
824937
852770
168612
508112
874609
18184
288228
936816
101314
173113
952321
12966
297680
482056
179050
333156
986158
324186
442695
950737
194851
472402
814801
523882
203266
842703
842541
337363
934526
753296
563844
338460
746282
430835
631541
431788
49211
373480
640926
21736
874850
479950
716739
617291
586562
994673
277294
889809
362683
643560
937598
418507
429106
925373
726149
758270
2325
94778
704890
901564
641914
976104
620182
330764
898665
536342
861120
93133
168756
480221
138303
795260
102108
998050
309389
41947
171673
136289
186092
499966
217675
799510
678355
133107
407172
896928
12143
265100
413955
960275
402313
981201
878079
429354
55848
252430
822689
782482
26638
45560
953568
418352
866249
364017
648737
394606
588439
977119
675872
784256
878318
974782
340224
189469
705461
348683
232714
665223
789058
515041
481130
679980
4690
337683
359838
789978
819892
687291
946796
365744
861829
231664
314323
530137
715809
748212
39618
524119
584093
251967
998494
920097
809205
794666
210842
357557
36567
931123
480057
434115
879871
435347
860764
212281
256543
738733
800127
779300
491071
261665
302573
588101
467393
161274
49786
4047
923854
425672
264159
856733
822111
472731
109423
319135
44340
194228
401930
615533
809025
667005
418
914033
595355
39412
919960
602372
391744
879079
582008
889066
38290
672166
732822
369075
891969
411480
151276
192864
727723
319596
156421
568542
151700
205025
902124
600421
154839
527642
469715
609098
479648
374654
141617
163386
845117
121374
597677
808054
653050
506810
486308
558244
191494
620358
916971
480275
180067
227866
853402
318339
478465
237627
456721
752070
459856
367943
215985
906742
88104
518512
319260
770481
154726
776565
686060
875352
195809
795696
54171
383311
58506
428957
652086
405275
282485
787998
261177
360979
410096
826314
48724
156829
397712
259363
417487
165560
659433
841436
568270
654114
788963
701050
710008
122557
100516
837024
551453
244444
851009
458498
540292
52536
472068
963242
677713
286635
614523
985361
245273
458692
235197
968344
802783
216762
311814
990838
543654
513058
609353
590164
153703
292531
831953
749639
464266
833063
298563
42175
590646
901513
417187
941451
621660
912974
239719
678734
790987
365639
91190
517959
784029
894053
721465
47661
639684
257681
673478
697695
101671
999420
463021
617666
766443
217726
488438
740633
458729
45542
177363
186432
819967
52881
958526
241728
442619
204836
43674
692558
134816
666958
99876
327035
904582
17952
589389
272559
526755
420238
204062
258377
299356
273412
771848
267467
469338
882617
88329
192269
826258
125051
293171
530943
627012
363969
687173
112353
552042
316732
580096
99705
178732
258805
544122
326976
93206
964167
992588
626846
349044
499460
413580
427187
208848
953965
590797
682734
526261
186372
928795
916974
769241
989313
923780
197258
236397
10803
473166
870749
465172
658907
475829
78946
50113
119598
311920
896494
304547
269520
22370
705715
640723
789218
86040
924789
94631
179674
820084
426225
285205
788669
360702
127428
381700
702632
551768
300986
162650
450591
947125
746751
485006
13782
971114
385810
650454
906152
423868
985155
195877
909006
183965
680538
513800
805348
551516
55874
915671
652932
380417
409507
976847
463543
755233
447481
28837
985914
352960
352388
274749
102325
598833
750993
277017
174634
265648
936416
618766
181288
704932
737018
990792
645132
312342
506821
618927
756591
662586
883095
660514
730125
199197
354195
298537
853560
426262
419774
791094
533477
360939
327722
410528
687926
338080
315111
92910
67970
211560
124491
885387
61938
553669
5482
348551
400719
652424
822068
632914
575729
719386
779068
179443
827162
209644
618962
428047
349825
245100
573018
505061
796261
249786
918304
137486
460799
432300
732276
60187
856649
18364
496367
934036
575567
773790
253043
592622
368812
835986
882900
234836
29360
954457
391464
803630
327000
643384
242301
236126
917915
342841
891939
528957
429336
603562
888242
964634
514530
326355
760264
860045
859994
660482
825888
90963
934253
263300
457392
198243
120809
219097
425396
469976
273380
680573
902706
641495
269695
786755
663164
321517
145659
257782
745772
642269
992890
538719
415812
500310
416720
911299
725577
183724
920378
134711
875313
827756
289166
350008
30173
215334
838561
711164
161615
928503
360447
378785
507707
682029
615101
139949
556315
912473
823497
564920
232261
282866
513824
853516
262867
527066
597501
564844
566068
822941
423072
793019
105893
879382
756005
842428
695954
188725
562509
942200
60582
840018
469247
18299
57657
345841
575
675082
517072
584605
63944
273230
406638
937331
531990
44174
281383
144066
536467
838937
495574
722009
584039
896899
826613
207618
904425
375515
645774
678693
362058
944245
944128
261730
902850
1559
872406
747345
162851
122854
703725
789342
228362
949269
642798
23812
409186
508721
399748
493468
306297
182923
857696
231843
76958
780696
352691
708371
609666
5689
682942
616509
95358
206937
104297
357009
397333
534581
304468
80526
33158
89537
956066
123098
95631
19713
583225
669545
579841
924614
499994
349071
33434
66133
229246
807563
594406
864403
524034
836502
624143
187741
140892
67854
686752
496411
573690
708067
486737
266478
266705
813811
899711
629361
450948
360559
303202
429217
588160
232000
210966
643331
175153
649066
30778
7197
698885
613244
348178
60298
620880
848033
596805
475241
28623
840384
596130
415331
66887
556222
422666
282637
48190
727930
127652
341764
872892
242187
570907
984448
196561
480381
411400
669485
142033
829080
734771
148659
345056
672999
467777
831319
274997
755143
294005
22436
736782
882922
174910
734581
667611
626511
969947
708977
690301
691529
403701
934551
228621
426761
887112
573581
782136
668075
622248
661532
426060
271867
647919
374075
812923
447368
784089
840276
558437
474649
816282
381929
248705
734533
664445
965820
424869
890765
945109
492352
750813
911134
77988
979693
725243
629699
542945
196446
966759
991108
974267
826138
887770
435991
499948
382780
176650
424488
219065
209962
466189
567590
629778
48631
833251
122943
775692
920440
812135
573886
739547
898779
158096
662805
506828
229539
235361
948382
343731
812631
904200
559351
342075
971887
79854
199447
777832
651742
859477
989963
307148
792535
60162
240591
399080
851488
327310
982684
702597
932958
482652
61362
240864
945999
443034
435084
618625
704297
714681
102936
329705
790386
317672
888854
896389
34434
457925
818581
400367
629911
686931
436762
462018
448883
447659
182653
4
911078
360981
174586
784523
225167
218457
677122
641379
735836
576205
556621
167693
332155
79602
109112
568128
953834
921221
813795
611272
667780
264078
101260
315908
289059
485386
566585
550326
105273
229101
335569
715846
758500
723418
625554
827289
536555
11791
704176
797996
832893
526791
858376
131586
584064
864958
281713
37999
111691
282482
410214
352527
587285
77203
610846
461556
833210
948345
16183
665800
762123
285072
714138
613466
517277
806646
489593
442162
139879
898242
202901
83208
94742
291337
323381
482256
988268
161338
529155
851425
637053
329248
244612
410025
856366
534824
735405
332920
550005
262312
312087
444537
813664
383462
180958
47593
698945
719775
41287
832043
259126
519511
863080
738719
101816
260832
148969
344444
686784
433798
423033
463767
303560
200828
63530
609686
107739
812527
640813
110005
607769
500077
76207
134322
713517
972965
568204
447874
555770
640473
277395
282202
286788
990129
19942
684732
99116
869465
594643
42784
535469
990166
951776
356585
731960
652735
950110
93679
666527
665394
537337
451067
578404
250633
881373
802317
989568
105317
838654
799814
101408
627377
513585
644579
33064
368358
720939
715410
895107
921085
133203
630217
201701
231126
309130
145179
649932
657757
286420
338028
726396
375686
724063
987822
839680
93863
129086
181376
384400
263636
193638
467806
461671
103981
897877
66277
19342
546687
874298
315481
998775
125734
774722
524347
744203
749680
273262
304771
701410
476963
918594
56534
922692
402808
267277
615881
829039
707404
262699
51867
524864
146264
808404
919672
460305
662479
969244
137302
681623
974048
744430
464426
512066
563791
18110
702762
947301
364324
854456
882997
788186
265772
320139
747941
4802
947951
965009
344990
178675
683698
893098
816944
864532
511177
124966
941218
944788
369572
132856
246167
216962
917621
263066
815521
234676
185793
268646
734514
619261
978916
789325
23184
404027
730377
932538
113999
149587
806093
1494
557596
972502
889779
453130
898356
596441
19609
298762
208168
512030
484840
316951
700279
276268
594110
688938
878420
447415
918724
615033
131546
748545
3629
288886
547738
139379
411782
464020
727282
502853
879100
337960
36049
588947
915082
943970
667104
880182
138926
312743
280702
84595
280840
788344
814776
403922
511106
840850
578741
887636
743559
931672
876668
35444
324886
412378
573950
884982
675223
672388
969704
392628
257113
684922
891717
384144
371477
853195
567060
474116
907194
694406
681431
372125
331097
98592
192196
106542
36134
318864
929228
406774
942374
695453
856254
598999
617226
110225
133893
159265
11722
413991
866504
299179
649618
74634
190389
199595
470622
410407
188800
668951
508210
154707
107438
235871
140566
929890
601597
421675
330733
959856
180346
552330
333117
493563
905184
806733
724854
846550
123425
171668
920551
585325
329856
427696
742081
836530
253584
597069
871290
939925
292209
902239
353634
312769
27171
154315
727710
614691
412512
835501
179233
116852
404975
834020
666641
809409
85808
979969
728957
383989
7678
655045
736392
769746
326054
153096
898245
34445
132093
72786
110838
837362
451945
959903
160600
293019
266712
285989
802773
933417
393289
804880
163440
659943
944206
995986
819281
79592
974258
257662
942635
886689
324811
63324
68349
857071
238424
303914
941660
372514
662796
816981
601442
722116
426168
454480
956930
560475
595152
615852
851838
301856
964667
614948
383640
17432
120386
193800
891628
411272
586116
272956
386439
943293
717254
182725
661800
359837
783701
401691
256334
556119
638893
834549
267891
113592
409282
32396
249363
806263
844339
80196
430949
632963
196213
539437
583105
221093
134555
421308
915965
71650
635998
284415
202095
852528
13206
10866
403666
266962
651276
874886
913812
265405
546699
957217
186354
894103
355889
804101
544743
765009
328666
284288
620597
424371
671574
475484
782229
478430
38366
291268
982781
103026
441316
872506
416587
624233
204322
818090
318845
702207
362321
987688
799269
703322
838741
359638
553800
969049
554815
128784
280260
140131
274819
834931
497629
138626
52781
712083
809880
486787
589455
686355
787897
196310
649137
373557
925416
563060
718497
96705
432882
13282
121161
227680
768581
737211
72034
871957
582643
132914
530818
107297
441711
315592
643412
301988
21920
696230
477271
471756
745974
815599
454027
300593
656066
425708
967550
34409
144865
239379
867465
849503
717322
265067
220109
12965
323021
567996
228531
518368
690579
210263
384985
303829
120158
723786
818462
192928
473563
1543
83591
670968
879729
550953
216346
651388
882875
341656
856239
283477
217590
552718
801150
911165
850750
13989
943656
902042
618450
160137
253682
557557
791380
875460
270466
743067
388180
73517
958832
812091
137809
481467
327953
466923
295688
766419
267226
765832
280905
203695
720936
770391
29832
196127
366912
19288
565951
244027
413936
446905
806854
331754
755016
890297
471713
191068
937287
247456
300508
130322
217446
362222
437339
113826
794501
368147
34381
850048
707004
203878
442251
94196
362692
402945
943837
168988
690992
477544
204727
203960
534707
644577
748966
676486
499645
510024
230448
905455
441804
199619
900732
238659
447189
469993
284976
947014
561260
848311
570704
808148
737813
428228
574285
761121
957551
113911
527913
409052
648179
160687
367889
810353
885287
270233
519802
607055
396756
603912
272184
307489
231005
857143
855687
981258
771403
37035
363630
796214
895280
974892
290439
960012
737545
348876
303469
771666
802051
517552
390265
144240
271275
498156
116682
79538
533338
753018
263107
407736
445100
541087
816813
633477
453397
313815
825240
770114
418806
582918
871155
157323
291956
506800
484508
105549
901517
481594
752611
968756
168192
498400
695184
972472
556576
272371
864191
397187
649179
342333
927787
28316
545328
676846
745408
180366
716642
788773
837018
234060
948266
370804
449505
699545
419564
458575
824621
110830
501826
196487
950794
871525
1550
464972
966421
420324
31586
156053
872601
419320
81203
592854
280998
787548
737801
588528
766510
602307
109349
111522
203614
456493
836037
828582
46059
182411
723988
129037
434880
143587
726676
23298
89182
929968
182380
224846
980469
464006
843010
389863
875260
678167
119857
995534
639350
504900
502612
148963
747604
173256
637445
331451
141834
262858
164758
816305
201042
440034
51529
858650
891068
230121
328008
602386
416962
567243
988594
458289
358875
598612
293868
149355
925632
289928
712711
247428
413090
24378
935456
929362
655899
305578
332725
793761
391984
113218
338131
648307
949355
868979
570227
154592
2255
7886
680089
214287
425356
57306
179169
952182
988993
968869
872818
793656
163245
879713
448743
740381
620134
985113
807820
565224
758300
858757
890601
913814
102002
362661
460131
205028
509992
146724
696017
696669
367044
527382
157732
177599
731150
268081
594632
618932
943587
30260
726807
658264
880568
972919
609130
180448
78240
260126
522167
53223
557400
208190
742472
512997
79749
580758
460274
785381
970095
518882
383700
606808
940666
785846
630505
633302
724913
830021
751571
582952
819183
284925
115353
447508
60314
694293
955381
874034
324291
953140
925496
481202
823282
895222
211301
914792
206857
596788
955496
824667
864817
261566
824631
478362
969430
203159
735171
577639
314968
358746
183007
760172
52228
882979
801577
145939
601404
116930
777318
818033
95950
791918
466794
323220
848340
652414
867777
907829
379540
998861
230704
24074
604579
532030
829148
895403
707720
25261
405119
767366
119804
491368
97417
794964
405674
753843
558445
81908
138984
318922
90894
827141
556888
744442
626695
641160
598150
293321
174898
27603
417267
667975
330518
935980
660748
403683
134069
884107
983541
229646
830923
297042
602470
233604
574154
478673
31754
168923
112538
214190
552719
820713
970304
321700
138600
740636
135963
765524
364186
974470
470224
896588
650187
349665
695246
252284
296907
786081
665049
56894
224147
495608
806370
134958
570340
454885
741259
788809
219587
690317
700908
677370
56248
822541
918673
915669
346924
123918
905460
628398
967784
125065
213533
270411
403319
772744
27553
803983
141272
256798
115236
706801
174250
549415
510168
653668
61643
864994
558936
61854
365175
150980
54150
325316
516544
163170
413938
206939
211518
661252
388876
972567
523839
473440
84197
219924
751704
354320
493752
750889
186827
923353
667010
414406
839903
769501
456792
847312
159190
986611
189670
525509
33705
569097
166306
719559
174718
145823
620633
437722
955962
758807
95518
324580
935118
705334
565774
91498
945945
360092
892488
845920
302496
607781
64635
138941
783994
289869
834354
308544
706971
502104
358761
884050
273450
881755
59304
343201
17176
485973
836088
395499
187720
858199
66214
461014
604716
265489
746288
81872
548497
441078
186778
511760
592092
859182
346545
125185
453608
727126
188585
372505
94954
365583
419971
876563
736890
136867
514200
264382
233059
164908
751772
17898
148691
131760
27036
799201
626178
608323
907696
693716
192097
939109
53980
389362
341829
882019
268587
201
651814
759427
484217
389242
459154
688735
148352
467197
492116
189546
181340
324787
945954
696764
381082
64710
321302
789353
15043
245092
887906
267431
399229
251856
889513
393145
602691
481328
76338
225220
573860
347371
128050
602293
430384
952823
716735
843843
764256
470589
109351
885562
618465
144080
527337
265997
34266
780545
732863
158331
577259
301315
183249
814946
949770
282054
10283
627604
525306
51268
605338
906350
906998
309586
493126
959928
43520
461708
253045
915591
931347
297056
250766
19589
172588
934569
986845
590181
176036
543948
343091
428967
529867
126640
879159
372804
789733
896778
715903
579983
663432
355397
36178
4509
525933
506944
73737
795733
778280
292084
477237
388706
503312
274361
702154
985986
951663
220369
625367
565880
646306
765201
214375
768186
73831
326203
140271
826418
208772
772049
374864
994042
695787
536188
575582
486078
668079
524952
667670
107490
861420
549919
496163
95170
206215
726697
112737
613090
8157
473160
725686
702631
483624
698818
477732
258723
380454
406433
625977
592245
926927
795986
435446
800953
909099
905578
462807
298834
54715
759957
219609
583554
684074
140132
143896
607539
63941
856370
402524
335075
859328
941995
732538
857843
347175
983731
340787
310791
586354
506102
17140
376916
486697
364722
579456
694549
767443
841107
117995
976042
475821
643980
643900
143974
753345
118661
196552
376388
881588
777500
169786
650593
318440
961783
838016
815697
849859
370533
929594
751029
220822
192078
338153
9553
878534
170330
862853
401715
145150
689983
441816
217753
591299
309791
731532
128913
680282
376192
816975
816482
556455
223909
519284
193670
760316
67999
11828
527496
500820
61822
275886
969649
554845
436868
306214
24357
386469
956835
392944
863988
327823
641367
334414
911703
580470
751040
869326
822677
639782
680826
765038
45672
56939
382909
472953
991410
678466
539077
595450
285973
325018
970433
888852
795572
618649
918786
752095
920179
137413
940349
76269
893959
574289
198849
152503
780769
257718
772674
443540
231239
263291
649841
796834
773114
684160
506504
971287
836252
620887
755501
678549
938170
577735
147456
482954
55034
412952
51334
606506
928836
96267
767142
593642
326082
206388
642476
863240
486650
757854
439333
292148
436713
946201
743952
218567
132822
106600
652970
522928
234269
596517
731101
781071
89804
752494
693373
229434
399181
582466
963533
46697
808811
916315
411193
888201
304645
503755
892881
439131
308894
815265
738806
912235
16506
844009
462472
372051
115127
181541
587530
943996
197812
226285
593123
254920
712720
323191
886328
950513
365149
450349
867173
206543
775496
280219
837952
589505
741397
861401
898150
31387
502408
220798
699549
238087
765527
361124
308
739327
105933
566746
921838
287568
322623
604276
246684
610275
277549
143016
2837
552168
739524
633756
976272
526357
674268
864504
686044
34929
455277
314924
699570
285606
927334
257317
925489
243058
25991
594605
419484
503770
372040
725170
846410
569626
966278
514613
414513
891258
421810
902886
520537
424642
883937
967793
497793
839708
558789
243430
846709
282092
825351
262470
946183
703114
623933
65224
20269
731951
859612
798663
29357
312754
36469
426137
735999
342970
775542
25402
153939
39510
311606
689404
871192
858251
581366
312235
164069
57509
234687
36725
981395
687668
913657
953328
681555
166329
533309
30928
597674
79143
129225
859084
158163
451465
285508
794474
443605
65810
285403
838058
899376
36297
660751
719599
797749
528097
712901
181519
713988
731172
883212
222504
794789
591792
732751
184794
2424
447124
194535
162635
497002
835993
563077
635969
652738
900800
122842
570093
816700
935429
685183
611907
40456
553453
601150
488525
151756
166498
546201
757766
333550
328349
38263
301987
450220
965821
154037
172296
343883
618299
103710
218988
818204
534607
475094
767764
307420
246803
924721
805565
936839
903916
652173
757101
873394
672982
384154
702571
115638
156764
613489
287602
646948
728537
270227
641669
617854
382916
971202
755265
213283
236758
465755
718221
41759
653808
438973
95127
479198
905924
246321
441122
836820
98070
512885
548237
206090
704160
307037
818327
793768
659258
142379
508893
628108
871820
280124
116614
642700
843280
586597
913820
489978
26101
153546
884784
115461
656191
448016
502722
477198
584151
884091
79782
619195
396310
725718
183039
57208
185206
682999
265929
426685
655754
888534
174125
696042
877757
331653
705388
478566
788257
184005
959823
387147
352833
830097
716463
344489
852800
275051
362808
636903
242314
752175
859148
883629
636431
944436
138507
846299
879119
365286
413308
740007
99832
425456
364254
164626
18378
90683
686765
601233
771520
737658
755950
571967
102430
454802
827732
874472
513048
23306
211103
538030
900714
122503
248466
95788
911129
261141
788094
93423
838723
825219
567255
466422
748899
860969
793188
174080
256226
79496
184693
79374
199031
930474
133669
198299
506822
503390
42410
79261
912053
145782
499264
435459
398200
629292
772995
571400
961794
614156
754118
628147
309112
962559
355885
941978
38921
366603
557514
902056
443962
626328
246511
278425
814008
277987
77944
79974
892928
816594
88574
572448
446508
14702
54997
857163
457051
886010
197176
34177
688229
204774
228134
444039
781906
180118
985031
274121
184898
477096
475676
359017
93804
737795
612970
27279
793060
365931
277186
37287
101185
266708
70059
405834
651219
521409
731427
922122
374048
878954
194243
282250
666095
855940
278024
775348
999996
754929
676479
936242
836500
218490
590541
452327
456133
881029
985685
8089
204734
408620
18602
119732
210161
230976
285147
71764
274859
11162
167670
807038
482121
762989
114824
603174
85549
608517
619759
982784
852946
133289
539247
524809
637621
58181
383581
242425
55660
568954
449522
127809
885949
210100
861527
428783
704206
513620
947953
980768
136749
398252
384675
113842
941237
224650
742373
649625
577267
29726
692422
876992
273207
633371
345534
707232
377607
87884
396623
953244
637476
468608
340182
263362
378298
278396
911868
727867
890592
396485
952868
139164
662460
701040
475322
616182
679847
653403
581755
938248
707975
474332
986198
734427
524071
646146
526838
339052
611034
559707
649619
208117
582515
283084
682846
55273
593152
418713
935559
90822
68400
741498
731222
866067
787326
382203
652237
181786
820449
607678
783249
896950
135316
133708
294569
854507
258141
751487
335550
428304
600638
536436
590868
341096
767650
654744
587266
992704
223318
481187
373317
973153
994445
843306
315672
845557
935873
505444
308935
856362
271752
365898
511395
802097
415474
533869
426363
354189
827292
178455
682212
225817
813628
557931
258994
713144
732610
474246
991495
588593
488279
128622
713408
855907
832450
516726
397240
480109
929953
987534
104711
618735
448410
773897
716957
964030
532649
547546
526655
202030
514148
267080
360324
992942
513846
994328
806732
830041
802641
499812
263970
96333
950028
760604
587362
142943
629678
808373
795570
825321
657407
913243
678644
641548
70271
732599
737536
293281
900927
103753
531092
658653
854699
838302
262525
537822
664842
217204
536990
714179
75399
184836
585685
497881
556636
30345
497194
486710
660300
425449
282234
925823
725517
461383
733473
436227
242956
204928
93486
52776
524025
561477
326614
271979
418962
727310
731517
728785
395612
161444
135315
87193
202235
767591
636226
132069
556080
59459
915391
20869
462877
987070
523308
121778
776696
846454
330915
662752
341247
687892
267841
506878
472415
17803
808041
287470
233065
946193
657317
511800
827395
62937
224066
218402
32302
508006
528049
833110
117766
182781
946082
633626
726571
746776
642918
547900
241984
765122
154692
541661
638352
456342
715456
485448
730616
759408
664114
575231
585095
106569
344621
352286
757251
388610
765890
816210
149652
27069
325245
887741
603648
459453
664804
735408
431052
348541
247723
518592
188278
512395
741300
324322
555823
459233
985587
763821
301869
107238
72224
466050
643770
816239
237026
526644
33824
588771
906071
877650
884576
559635
851222
527061
781700
995342
602859
685640
630170
690628
226031
554139
917626
177208
550205
488810
773956
35819
509283
875293
287698
498317
984737
340932
695261
362119
281832
964434
358345
532439
238747
487447
637072
30309
273609
612613
884902
762334
507489
543097
708694
835797
812826
901687
829757
540223
119985
614155
559784
343220
369896
305049
916790
43720
47441
434133
539600
205875
719000
445697
748508
221799
601011
661145
901769
771121
54401
753401
737578
797799
507354
927172
936678
46043
188031
542629
601124
366778
620555
830429
264261
570532
982428
932599
906395
620904
107122
327454
769429
114480
696544
539544
898543
551155
809756
46491
580679
187940
941504
602480
342594
100662
540671
696328
423114
238414
929836
54745
698929
149396
93809
534137
741943
713383
995222
336975
625428
86163
60785
174323
853925
727017
982759
146787
203288
427884
47846
205836
276749
86724
650796
90445
855143
217458
9991
649342
511736
577528
704326
367891
877034
620815
880596
424998
668814
880812
442139
857431
547390
843979
500392
914997
79826
426384
520993
737190
872749
502278
658254
938629
993513
967487
194263
297856
560057
276622
916894
831138
796641
331694
211910
448897
29795
531207
380704
396511
808742
558320
969979
743444
646460
632916
76165
903059
683051
266710
194673
450994
779659
394626
918822
418621
575766
642576
522846
443658
433697
698067
90669
795951
834353
749251
38347
726431
160488
818986
807507
186867
850991
757651
180267
473089
921321
479274
72343
614388
726254
867514
312536
772723
357934
708154
98826
729891
177604
374775
97687
45173
865611
537706
197637
297727
689318
431926
542740
956967
325889
955916
626590
172558
547369
148650
482323
821950
931854
723256
193529
322102
170563
316341
784468
985977
360923
235101
978484
184227
499214
659310
970917
863601
690934
128980
466379
997311
888325
459119
372243
933698
791349
847636
720414
466453
259548
904514
829945
395408
153399
415972
553643
54314
464038
342212
411848
399428
311897
783602
681987
593148
400169
794100
766265
181233
680484
490967
926921
455165
901463
569514
665104
706048
838639
315765
742397
528415
524362
879692
159229
930089
814152
311727
263167
526394
823865
491154
706366
413381
11929
833181
544437
791051
798667
499379
328316
274480
864673
102981
790437
494017
638388
228007
583143
672139
448734
834834
581906
579370
181566
43673
605085
503837
468084
378646
494141
478101
699270
764845
961046
881388
989410
840841
692523
848430
831688
195518
791427
729714
421858
318902
289748
124247
359612
55753
596110
998992
417382
268800
976662
767400
911836
883771
172668
950203
293274
982914
100573
827986
898721
806050
370232
451893
430837
337583
639447
585825
418810
379890
626694
594220
522903
929043
552927
686764
420338
615812
181040
810921
705718
742010
845780
84893
965495
459582
777734
199079
284622
309217
3198
269198
364273
871127
88150
352904
263424
252210
695722
51219
995686
376726
476611
34650
573594
684183
270793
561448
525378
976532
667500
863481
287803
523077
254340
630044
110549
656322
25358
825909
358686
391532
759903
854112
652618
263814
789381
626952
505030
638384
950473
335166
550837
640105
286045
490783
435302
337493
69239
384370
423902
965636
626435
607689
653241
40933
245762
783606
934642
542533
302662
309512
371958
923950
317538
507903
45938
497247
387010
920069
117934
