798601
946175
357684
654628
162846
368666
743803
125685
96608
650624
394882
968356
967788
147407
351884
855968
77482
961679
222561
398570
654919
493209
688453
921588
344755
231067
127043
290288
35015
699895
267908
580968
525932
582671
479192
836898
29188
620080
546160
6656
377090
926793
280765
478327
417514
164447
691342
931766
59379
187558
940376
320651
653909
556260
878687
687179
674736
129311
129596
463702
408738
323691
845845
465490
498662
990347
978917
555788
6103
316642
152766
820252
459517
678239
507648
331821
346663
852327
594338
433721
451411
545240
172937
883348
691981
833579
138807
216463
820571
141705
556244
233348
565941
895217
150217
139713
889712
242444
212839
286965
157049
966136
11067
582052
775404
866316
656551
568995
956619
2012
583670
376169
729074
119914
871337
856915
59355
525014
706333
147318
71552
361406
694680
705808
828575
309128
875181
461899
693919
49559
990964
231021
96682
87961
299313
591741
297403
583586
616336
50934
729646
367778
46682
71375
701725
846871
669033
474277
370438
759201
501557
853006
401460
972295
820875
798082
213175
121061
581953
793387
205111
733236
852147
558917
707308
62513
524686
899640
437089
38169
603166
13869
465624
445455
910618
367987
197002
20346
583222
667161
181543
714341
935487
868754
920273
256269
3094
736822
291436
127931
35529
345183
73877
602491
59982
204519
360189
188933
816590
455197
949084
463743
444826
221180
798938
895963
352446
293533
878397
659538
69989
607503
837654
255855
527482
376472
951864
270703
601739
446981
20870
606807
843068
35542
634222
331233
265421
266577
995182
700160
479130
948299
973027
371149
939767
961136
517757
950100
296216
950330
429652
372798
737084
179096
606262
391865
205071
397824
445959
899997
435546
899055
195914
804430
899513
27269
208504
625611
924692
396397
194403
142374
20831
995166
651740
736881
598615
763731
245318
543303
182183
493475
699261
819665
279342
675430
301720
613785
709145
358916
493920
709637
710490
911708
520276
395404
574934
876365
511094
202888
910837
270981
653259
324609
906936
516923
295748
868806
704696
499467
524718
221214
388974
945573
317575
10012
832212
865729
272944
327259
636035
534051
584757
171661
959860
822254
635503
547765
721305
329622
173379
860752
350362
187724
805701
693015
334474
2822
269836
809851
320935
58829
573811
370925
366962
684029
950948
817480
414858
190053
442623
77706
110759
702347
291148
895189
361254
263621
850310
568019
406433
625580
575789
597927
767253
404715
623921
786511
793602
689674
33857
849240
766109
18585
815277
817010
876772
358593
277201
496163
48025
459773
481393
40516
676553
513497
723018
789647
554730
971741
728696
407823
112806
315961
446439
603517
870413
281450
939182
697138
573293
417510
956243
880436
556133
954723
294905
93326
81103
147308
864074
662039
275813
323479
262730
188804
541226
533280
30002
169310
924598
625012
608695
807644
22102
540721
639542
654773
898992
764837
251678
722419
25557
605541
269933
946691
230555
873585
536268
81076
830804
595100
452655
779699
150735
657108
572518
214633
947513
75160
341862
307649
436541
430381
102900
90804
937670
737177
987498
400495
21009
257740
771767
739725
416612
945268
496903
451683
431232
662076
784746
323588
626184
343208
764967
211630
167454
704326
147426
414871
21634
672964
66863
606439
344821
149489
367835
919037
815613
31266
991057
513775
908232
12667
127878
315261
995741
761796
161032
32125
490019
221478
450262
88451
410084
435414
572646
693837
126694
813148
407668
171056
109204
986846
240324
374502
621430
80539
31687
743235
176638
716717
786029
863864
216180
236882
562318
507991
413514
434974
4934
239990
922174
44777
510467
602990
907177
115493
525130
617570
63398
806728
938567
918661
951530
699958
416548
923009
611486
921949
65563
486376
903691
592503
941067
364589
154127
279606
212158
168037
123624
171388
323671
924244
327260
27683
997800
757830
392741
663857
390724
771281
198001
977268
73691
192840
909651
401031
594065
752811
238084
494183
298844
327509
338019
823205
858646
232694
968121
89333
53233
644465
364328
295254
35403
309373
763876
794059
612721
671995
465248
890456
152798
613384
200624
370340
371316
851927
861719
692120
363898
325504
605642
528079
21661
184947
785209
362804
779653
338310
442345
174818
520640
778990
563883
368306
443170
256529
686622
895128
991183
496723
547875
740859
869338
487017
383090
774382
617740
746352
878515
998536
680369
982606
828753
722055
54995
594380
65367
820914
611352
794099
54251
662758
925189
255178
320945
27354
621492
225342
845286
718624
818061
434772
150466
742320
894
401586
797904
825377
623327
224327
807701
475843
652713
772131
393068
854789
290671
785421
321516
27247
78664
389756
83353
772839
476285
689923
162143
556020
302570
827765
339872
301557
184789
45457
597437
123852
804749
934990
450472
866821
199536
871910
839550
314971
798569
542303
844367
144424
137885
856595
425675
808617
42810
427681
398012
239597
553324
603019
316637
735435
545503
949669
159928
427859
784178
328106
475224
729912
225944
313211
556168
57715
628475
316074
330775
134672
405013
31712
565173
447765
275845
969134
274135
256321
258438
328667
149029
406847
223048
282191
428376
317155
266201
664887
460102
489693
268629
38491
372345
895158
668551
22111
160954
452749
470909
388322
139697
199486
375482
618259
662152
472247
158269
769378
552664
648738
280274
711118
262659
35042
865382
83902
185081
307328
961460
5893
526026
394024
974626
420560
360982
710925
108279
831599
456254
670842
782802
761033
144825
408921
646852
915948
980427
250242
806704
715702
284041
176630
795808
607050
113601
266810
117775
820122
76124
615861
700309
829666
761226
309776
356104
594793
745950
4297
189695
788652
370480
34345
272641
7455
696651
628287
554557
98115
501898
194482
749303
107380
144613
937838
633197
460841
119952
853131
297358
315637
486780
211838
86
855636
266639
365542
334912
879857
794214
234630
207807
533339
888928
918033
664751
531275
508307
911049
815383
370892
285919
809626
427964
929987
916991
371345
648917
857376
308350
206143
60105
145308
374690
479474
989346
678146
444753
901654
290395
869578
312868
345124
995701
634904
935575
374365
428769
263329
376949
773397
435642
640302
571786
449227
84479
178752
116899
559158
95494
839880
837306
203251
873648
605761
204832
934036
506075
940373
661631
715652
224897
796355
456228
422309
949998
16563
791722
792355
542172
236141
672717
58878
298493
719222
173300
306142
630254
361072
89883
424812
437231
84487
108744
948308
771994
312019
809714
988972
416731
560437
948251
695563
705631
897646
45193
489324
376688
113778
738329
379668
316235
293727
515054
71221
645485
548208
295099
941407
737429
559679
24134
660275
57989
369747
982482
149857
30347
526967
941344
969207
651289
441904
276180
687739
821381
926542
768211
100973
665003
533215
417478
870838
616474
224942
276710
636997
995129
449530
171399
861213
749697
454503
126879
569710
351222
387422
619370
310460
340237
290800
519068
280630
453388
286286
648713
249118
876241
565264
428824
840295
301656
443587
982156
881684
369754
768615
546402
242091
765820
645540
612830
636696
529365
9624
538269
390243
520739
565455
590076
484914
800454
661462
505322
679561
651547
119280
368497
927982
979950
718089
525430
941714
41113
198366
575233
49728
628154
925936
714818
216837
233936
235350
138961
279911
260866
196737
462688
783121
971115
689197
393045
88831
636727
447052
986200
813244
62510
736528
983853
981582
881825
658751
903899
158196
977245
501134
231227
232071
237210
740673
579377
399740
779085
352953
54867
120415
16603
626984
459170
407514
778597
679072
129700
683610
382934
45034
608828
883986
998415
175624
832533
333725
709
173138
637197
414358
315659
185841
201821
584769
705079
926801
44498
535354
477530
105272
997667
449474
131293
689938
424382
613560
449747
995145
195171
116365
138888
99584
602578
250600
11663
482111
360003
265276
404588
248972
839471
544796
735596
340013
569340
937970
437302
750301
950125
117539
7080
744278
521775
716932
412840
576312
922740
488303
142936
232243
790656
752311
589742
284472
134190
926748
223868
945004
84539
994636
75662
502804
255492
498830
634807
728634
462533
605204
634900
480445
305786
592432
40654
947007
785704
220435
858387
872131
556544
570242
607974
243980
314828
36052
772130
648535
735567
228906
672469
627540
741933
139200
391091
836704
223736
834581
196545
873243
54337
861948
608921
928687
330163
581256
718420
954923
578388
504218
678337
49907
610120
454776
96679
54563
47745
88734
757232
480762
39802
206102
493221
588597
648233
992535
300608
591071
60960
616544
733746
498410
586986
362817
208903
958559
206618
71129
179219
867574
237453
210775
519632
467672
475888
19134
950412
36577
713059
643994
307135
48852
523098
680206
878763
199060
502173
916726
732457
842052
943683
201436
501436
892991
963612
132880
889913
22629
51325
221030
278408
698300
927511
477092
587608
501240
819553
504897
672325
512156
436051
859959
326250
912967
267266
317108
746947
392598
148087
473695
867692
842934
98538
112745
138743
803678
576793
431380
626490
227964
237667
280186
255247
527246
617703
113841
766308
916273
15944
742117
795093
644693
801278
895771
185416
952668
395865
473333
75911
257965
334640
380494
26573
703240
378986
337623
864342
206644
326162
344424
720474
560006
345615
304600
418510
845228
670031
229637
637562
752594
943922
426636
250771
607937
248410
24026
83138
317785
319320
53166
740663
989092
683983
689204
789497
678620
794852
89268
500097
245833
215340
512818
824087
993363
529970
171238
960902
129124
824016
369795
773186
956327
145260
382195
685199
462304
679915
612322
992261
723195
294960
733344
937794
564573
53733
827086
64905
878913
117687
18801
995897
124113
577172
287090
885388
121079
332013
646734
70078
203073
253651
975472
130835
775491
370105
252554
282044
843866
689445
752471
960640
12133
358182
946593
442659
265158
547246
796581
189684
523438
693322
992588
82124
732255
489280
998114
694307
806095
559674
824281
198689
197201
255839
283846
866832
73565
80711
687746
222011
766792
267562
531044
475312
200062
43179
500095
103884
24401
688472
406292
507088
678751
921783
652288
94821
325509
773
371342
430146
297360
679197
515290
525990
473878
825187
359965
565832
699206
660817
875544
78446
884925
918565
256964
123802
90910
342241
274276
755933
297022
468781
618706
61276
221229
746676
903972
882025
849689
314312
61037
450209
972981
437162
551854
972961
405308
299564
11077
810108
323836
882567
588358
600715
696093
793738
322842
544608
763963
47134
950248
990280
704943
900995
565830
136129
412018
766977
375648
734250
762541
601507
518336
910036
471761
178630
965846
178419
4057
809215
286097
522647
191565
485324
51648
623510
648898
585691
891495
651632
934211
531208
186381
256042
883787
132883
648055
809866
514349
248948
911886
507427
697784
377778
142002
731198
252436
347801
714520
382634
920671
263341
35193
752004
163195
404314
746999
940642
577192
516790
786150
704859
439150
329727
526763
435631
529093
819483
402983
412881
964763
776935
318369
691459
309812
843565
810378
188083
548492
352339
725970
197920
231310
439029
377752
784129
672562
347925
385476
530650
455978
428510
271060
881767
539413
171113
606079
644019
551611
527675
372505
804622
66957
240438
414924
28404
69317
164257
313767
55907
346818
668360
948055
154097
326069
490619
91551
706305
668457
498735
426690
225928
662545
577983
478733
68957
923383
393837
977833
116725
547039
546012
849649
270216
60730
413152
761359
246117
949281
103837
720563
505333
429574
127305
853700
557395
465404
793692
169250
701324
503678
572836
289264
797526
760520
770495
578464
48323
883454
92569
931888
795284
190465
839710
775569
611492
546536
964363
131831
478763
670040
645614
680249
711677
137657
834919
601369
34649
101943
119783
729043
724699
231977
200159
638885
918041
304359
249634
858610
87553
97998
71615
578956
715965
585665
482575
691609
780709
994511
834201
181825
912672
958381
533384
494193
619481
64641
819992
94913
239540
165429
342020
327672
517267
221429
21227
489602
505373
615013
459664
27056
301477
897633
643285
957969
982945
781953
248593
792054
934363
180332
916829
421866
60671
565975
577284
718945
953487
122817
419591
872454
605501
696781
738338
777424
405938
530293
125529
226850
961034
598493
199042
729124
586918
943464
984244
99477
949502
444948
609424
881643
961762
606593
372024
141180
203952
595127
23171
758443
904349
782784
922779
619756
940103
962521
367995
447304
140408
304825
756531
808651
336991
977068
671690
907345
767661
724296
2567
961032
926600
892089
780964
636750
312594
980564
349048
256078
783594
338003
458736
207513
222329
42104
663974
936681
903894
603985
130202
467116
183004
789184
834073
980064
670904
346116
404746
766318
146806
101523
989147
199427
23592
124503
479259
856411
549894
431648
984204
417389
429065
68458
93436
476423
788686
650695
744404
516137
747653
819036
631741
856667
390266
532108
810303
621678
866900
197274
972851
26492
788860
108935
443094
767530
228427
257420
550227
662401
490691
237079
608738
230937
39691
513019
53642
117822
736469
198911
762402
759556
957622
698946
755957
346413
158320
83970
914114
35062
152073
284083
425016
377278
74805
743143
763285
536478
38445
513144
860314
2947
286872
862851
974028
822153
156041
416215
708276
570983
400057
367171
734111
867144
638139
163386
908813
587772
356797
44832
970332
126172
720666
815108
952667
955674
244469
460869
732613
705782
994573
951462
911962
757748
955739
330093
47689
755086
683790
384201
518414
834640
330757
654947
843299
478584
45397
775665
896765
976792
291304
520155
319463
884178
747112
275742
709607
399183
942004
756090
816114
171621
951065
740180
826497
15254
206151
330254
261819
814961
518227
786809
923997
621914
904951
771175
193768
886418
849316
695615
912826
290556
503888
263815
696198
155018
288962
999769
675931
189789
642256
57727
204790
800490
246473
49094
694698
157712
477372
703647
469011
556062
782629
889442
918970
481330
94658
348006
189239
189548
456835
752825
453660
162726
347260
350937
677564
316860
387923
978282
405648
365251
186291
13026
29894
50408
387948
532833
492093
318509
218942
358573
462367
625385
187806
828270
169809
645630
615565
561093
705449
887688
72655
694129
684616
32412
818217
463271
293976
684073
877709
648174
384547
978268
929828
936160
912850
789341
587876
614580
477942
919890
293308
170051
862416
354406
694322
757122
892714
780747
360152
693035
742025
448974
791351
323102
260865
531313
786695
677637
321927
439456
693888
245839
511647
504610
740273
445178
996004
675255
240398
730309
378429
733139
3265
621349
204273
643654
796524
41636
802449
723683
313178
195057
663016
344680
433894
281521
910713
24306
191120
834956
288161
664241
25054
430051
773285
559802
585257
145629
31509
655388
298803
531849
426092
939555
55228
204254
151005
327917
341552
637242
130081
252829
397183
76078
951118
463807
289093
620119
836463
190295
793487
653612
875871
803543
475098
660822
470664
463654
714063
405928
779289
24830
500181
734408
790925
31482
288087
861150
502972
970469
769966
766454
347291
296781
800570
768725
869381
45058
145929
212690
776638
962999
431270
451967
146271
986338
739893
849780
326633
285291
903569
76869
865414
992786
778477
939215
516865
115121
538696
644862
474915
217641
491586
55943
141697
741319
13540
673688
890894
676650
873815
907835
777098
303943
776230
855336
9630
378636
95888
716743
352653
357937
28294
176141
180307
597330
520153
794330
888954
435190
315181
583918
852202
990375
192256
695350
758535
956558
597853
360802
5753
480626
954023
128047
961162
902042
372747
773306
71857
379960
78033
894292
656599
194881
258924
672825
378415
485282
514755
805613
620639
297521
104988
45713
552868
586427
442236
673817
719891
345768
808402
775883
993616
657792
189567
303003
634277
327602
699095
673521
263937
67273
994986
991610
520622
391293
679529
693199
449408
119682
797446
602778
286863
455421
146116
114818
403230
641192
886156
98591
289702
93366
414618
925288
178584
213675
896475
362290
549231
658163
78346
586051
947746
919513
162029
484300
182182
105222
742706
881034
569668
226622
483204
501323
249585
509152
272198
345452
987911
166973
575211
916490
993289
540961
65058
437757
789296
290372
233087
724871
583504
852949
105648
665658
926143
368259
568594
892914
808458
539097
748417
72555
429977
87480
440474
950605
312066
192562
901835
174481
443516
380470
840409
183090
957446
311332
381143
755892
574694
30019
652862
756528
672640
77561
191425
175287
600127
480113
139901
645256
364487
312475
639768
213713
92879
26964
718038
620060
229150
224012
913062
805640
614521
293994
257049
777676
344841
182587
482351
563912
867056
785288
526677
94008
453578
402489
286596
579445
531039
94491
311586
803699
161813
369411
898455
806249
157881
25171
340256
150797
30344
540094
480994
193873
578372
894055
403434
291411
673076
195694
345464
897071
123695
221897
965941
44953
912877
483550
156326
979581
933772
711799
519030
527275
855534
563713
549867
519154
688820
807719
617895
915366
109300
809148
111028
345362
317323
362940
367698
953273
681015
621758
787236
552828
968668
897811
323805
476417
104434
334040
964055
979008
925861
264136
446338
129361
941317
591940
508353
7885
664530
673177
213007
549225
855709
823366
635216
873273
547889
393379
911929
509355
587298
939169
583575
762506
940696
947280
360481
411347
990889
894808
665549
751747
177398
405059
794964
83067
756408
66868
713603
599969
904055
968234
784255
446209
796837
675147
923603
186497
954016
583685
616614
521220
586521
399011
187942
129018
947932
362651
948764
742485
912083
886365
694404
363080
424557
424503
724148
736175
947284
412774
957339
832546
586781
540509
12315
253628
157565
59087
872201
199773
327919
610154
748960
382688
543554
845865
960881
698465
853725
333697
717229
685786
300659
410698
192959
142705
616909
710313
102974
873928
369044
936112
958028
974794
635483
738389
476233
194238
104091
453859
81411
511915
544836
692422
570799
240861
987169
803714
670813
502265
833824
336599
917896
894637
867622
429471
938917
283679
174650
462858
906857
891224
560063
691786
678374
185207
553119
65764
54548
179306
195658
882638
606783
89879
25785
762914
965950
999642
503778
410946
82863
266600
217948
708471
973725
962214
835287
640978
337410
713774
883512
369803
44728
360676
885823
949779
512047
184162
542281
747695
355111
939805
645041
669752
45021
282433
29895
689795
298643
112818
5591
963687
397189
722797
973103
903234
204484
839759
391038
898834
717257
282505
826266
544113
578654
723166
608340
47486
192539
92888
861881
33461
482703
732582
842367
164202
232640
364654
629109
531125
333323
530447
678759
642361
441006
82350
520531
579432
406751
142292
765866
174625
467230
453445
385644
217177
523657
228270
122608
448818
251735
725885
54520
152219
174459
235567
214677
517606
78010
1127
712534
247443
479360
424918
306535
785415
599483
265979
97186
426831
836641
992083
805987
10900
488972
672283
501197
449636
159883
614965
358073
757971
619388
775719
678548
913495
8611
689948
601781
242065
835134
350827
854776
636301
697072
804080
620363
313926
765827
377268
920196
402944
285662
740445
556537
460540
672403
181978
977360
678043
920973
59057
314181
802861
189235
138313
982647
945919
365049
798269
969257
438422
808094
710218
274221
728022
156325
146261
752651
261219
319963
704921
906719
244245
113724
843192
40242
561388
703389
597424
277206
506493
588752
761173
80566
295202
929903
296579
839205
56123
301288
718175
69391
462191
8183
987268
243953
915788
716162
70201
375015
877650
292080
376082
231554
16189
330541
927314
520716
427776
795651
381192
628631
242878
139189
59813
433688
990390
722065
542762
848623
82647
536298
980472
660432
980551
875577
628735
989966
535460
63606
499068
416651
884331
99285
293936
918326
104249
865015
564223
954205
742756
333128
100077
841919
187478
116826
126011
307446
226928
661010
570565
692722
245758
653004
130771
456155
703486
505831
494685
845287
291404
379170
210190
651321
987298
176982
651032
111194
722179
734387
473800
524258
374148
696569
697489
524644
814238
923659
363610
224259
610592
581394
251183
604180
907802
198049
26350
789511
724678
142067
415648
693053
988
329140
680069
423363
536686
515094
478533
398870
13315
740406
563183
602335
584854
974897
46623
627762
939233
148772
124364
120068
943038
937508
937093
628674
575848
76055
486766
122908
782679
659337
863095
176802
862726
310997
515643
592223
740868
504016
120469
99916
790839
87366
76753
799150
826772
852922
92686
460288
912226
810478
408865
561781
144790
241338
366640
257262
964414
895392
924962
863609
935709
908254
112748
747360
719744
573756
454010
143010
782461
964160
779828
625376
80463
147030
252062
6634
806068
490980
734893
556562
900748
232171
447694
532608
671220
897429
618548
890979
788358
141614
706878
813073
741694
594632
43310
679572
202302
117813
752107
804143
903921
512029
582647
120189
289082
865945
617968
256425
127774
279545
469742
354841
345042
573761
614409
10566
716283
933294
405178
795508
555087
482075
802561
129251
351161
763351
194538
827886
643472
152223
885208
313585
938393
201710
473873
150167
143224
939368
634583
113821
502166
452372
342301
341920
912754
653343
574147
711105
591032
895731
289557
595315
184485
852388
203700
92776
830792
877662
982049
292
35402
295663
658343
365772
895902
992427
343015
984051
790754
251737
559336
567597
4227
823119
767802
349825
835044
913927
663457
360516
840573
87982
816014
994401
678909
727446
354460
518980
427176
706545
830222
915850
336829
344312
897313
129278
434125
731628
290895
128110
812714
530699
654019
302023
298138
208918
440960
111821
505015
81426
883911
239972
671468
372162
630223
598538
850627
614342
725712
672236
920920
781143
523596
496648
842814
608506
631004
833891
397630
159007
586858
817262
315433
66565
906834
997699
890402
5490
222769
635144
811234
620995
884194
635011
659947
258518
694981
276868
238842
923840
934181
123990
83753
494698
922651
214700
816733
428164
81198
702920
15663
765710
914613
485080
207124
34181
848238
252411
548922
741053
829965
909470
766436
12069
539991
66766
412194
578533
702543
600108
856656
885575
377918
255547
235016
98805
942599
390963
143724
44698
974550
498172
838620
912359
127758
564287
554121
669141
827139
135438
416340
708881
36229
80741
10519
579049
52013
28222
708925
395151
618018
287668
92493
940548
112177
266875
103488
317905
464387
265760
812939
627617
53251
939541
268946
39657
601021
510589
25663
257047
109953
968745
101283
511490
75377
230192
80626
281915
4384
597375
794361
833173
264101
248747
494284
412369
441944
963807
171889
708071
800059
961900
433901
271870
554474
451409
969213
898549
672146
154524
297259
194221
209345
91471
501729
830168
597802
889874
968781
477138
379337
485128
941070
481313
46735
523451
278313
994357
786197
59778
731374
787664
405642
177614
601700
490463
797118
538182
760952
443510
514634
716577
589081
568502
462783
753579
328087
253254
132472
866351
154277
231096
532353
378172
186278
972070
109192
64065
965412
36034
975190
740810
990314
424583
241788
888045
753812
76712
397177
988277
439984
826148
1388
48407
942502
606737
606706
48632
385670
413169
290764
916333
139648
408687
891040
497198
551091
884741
216542
711151
657888
556000
700998
724337
485770
540532
875162
144285
255544
279452
43886
499562
353555
373406
177963
361472
349702
802869
59019
243506
956541
579358
279795
85899
472318
769406
598688
437164
547124
976722
803787
552417
630995
516962
139240
737014
587026
462922
398827
383383
320920
176845
644545
325710
70348
24146
928027
573926
294780
269602
579975
907807
283821
893985
586421
551365
989826
579497
786827
758137
141279
742840
38795
197739
953529
639618
461057
506055
434197
108273
911647
376726
277558
772595
152246
41045
507121
347016
31996
883386
412846
543838
991738
662295
785840
72058
126059
931471
105430
964868
129586
165789
744551
759779
347796
536492
564556
384469
874934
98675
970472
156242
21219
414380
454702
520347
585708
475753
392804
585993
557146
124150
594421
867762
629091
802787
585124
339138
179744
991579
258136
35415
503217
88227
761838
165979
777917
214236
652810
200003
489905
475842
410347
835595
292100
346101
180159
789787
559223
597199
273932
366190
485900
178397
290863
189008
672855
509941
103207
816221
644723
167744
65426
699843
626439
247657
697375
252011
291635
602984
847982
616442
993323
41799
783969
204574
150820
234809
150638
227646
424597
430107
290269
199648
350105
378929
576073
403512
457576
939931
399631
888603
423304
370275
447208
213298
432258
484588
749943
773219
712616
600107
516099
628417
633678
963132
807532
763369
594247
790560
303852
966993
840773
147145
888009
879477
376638
238297
446830
658109
260974
683796
146479
192616
207478
554587
640547
653354
505496
102599
838738
60317
276152
132541
779903
45707
553762
4899
779087
108983
709913
439907
341479
449282
740943
923385
99963
551650
621474
367748
675122
549850
543025
912091
609276
665895
573818
327952
492767
112851
24343
511429
158120
197111
801298
464132
320015
27792
282359
16970
237603
494976
747122
673163
516354
156679
42492
718465
380901
853697
697049
356108
931157
200415
448140
275257
856154
472307
330158
501937
824432
412012
304549
439143
906912
278610
679786
864123
680997
648334
366194
296329
477472
45541
832152
420947
536616
404208
68448
397626
282438
816467
35085
834545
864410
672497
182342
423694
866426
897741
988145
338609
336879
115217
233762
599915
799409
674512
870467
442266
593348
87185
20774
967342
650422
846297
379000
153165
322825
486532
275056
267187
577455
114824
36141
535788
53240
746378
184087
620745
454163
359500
590227
959794
99277
195299
239624
697335
130968
501126
712861
284610
893044
960577
623739
863927
229140
127077
75148
653064
113126
832239
349926
102584
784460
359226
633291
779614
295623
352508
935752
225164
912336
556362
694003
407577
20075
581316
120990
769325
374448
725435
17840
409114
264698
824462
368353
271356
943265
544262
813508
219116
189481
56718
76175
280971
709887
745348
987502
695484
418858
502
308450
716318
502490
678457
839717
877358
66981
560812
604284
100022
569057
224497
436436
980332
136601
542077
827003
732304
46989
701327
324047
477205
265264
14436
885363
529394
927394
891082
215239
161793
227013
19052
271070
208290
219338
971078
796575
250285
370460
960135
489843
702502
74802
725562
845622
781797
515132
648107
538369
775284
175594
894756
839485
844712
516506
516728
679987
714318
893241
289700
425774
78345
858504
962418
221641
779356
196992
114158
365652
40384
505544
83215
13864
269204
384330
652355
942655
261762
455192
811037
19161
184572
199878
672702
417726
481633
799662
822349
582543
112476
643810
264172
528699
87904
537526
832199
372415
742542
688852
498650
703226
620752
687411
735048
686205
246337
529617
300919
969594
902208
661624
950999
813842
202388
364622
805761
479284
724666
554987
568626
529841
523069
273292
147545
119153
992716
20284
284119
871028
878921
401495
155576
419623
281260
546295
94228
558299
989923
682198
565842
561727
251698
768320
56457
185607
997305
419075
29221
550339
82489
830353
919180
283243
635449
399892
173627
5507
54138
265517
448813
339929
87528
117585
206391
660314
28660
303393
929749
745443
514632
16064
531091
204332
473650
163718
703541
879699
769632
82719
947185
525475
566213
289203
747005
571742
60902
729002
866688
584455
632016
703205
457148
581871
97355
322697
169414
582570
781863
986833
354436
149686
651904
36417
901064
749107
165864
519729
788607
686138
570407
598761
956038
643192
75441
475499
971903
177715
779107
123734
161465
697183
741610
69239
43897
874782
155173
489375
496651
420833
659603
577480
659594
964328
110600
132759
506157
555163
275791
410234
868870
235558
706470
99934
786816
103419
534890
436774
95114
202010
188051
256273
158251
862348
387720
371207
289468
767250
508898
364930
835578
178277
756173
816552
602428
633612
722306
282542
897497
739850
775182
293524
367471
979019
17679
724110
749417
175468
825862
278737
794899
930317
156409
849895
453410
55750
681131
791594
532112
86398
951740
119478
380995
708343
313892
314689
843175
64914
72307
307090
698920
573230
450644
919342
128695
878430
958912
71862
933055
263831
706871
657330
900542
513435
785654
355723
99216
953286
592995
986840
830790
365711
553805
168374
6411
488295
483879
27199
861193
443342
15536
42976
212452
963695
468062
902933
296733
555571
134207
261599
83246
805984
153711
261966
436489
2161
847615
744965
718367
708192
841149
283655
464974
172169
450805
221604
758045
731812
758870
372935
494254
75114
124627
458427
878346
417263
788702
963608
730052
571634
496484
872597
764778
293715
779409
292431
496971
333748
86963
441980
237467
829650
772689
655607
824719
976870
771405
228841
140720
450652
923066
90385
285630
756158
25561
205494
844748
417335
607425
310016
907139
708095
785786
345218
593152
898780
332491
563965
502627
547385
428343
66319
452899
270912
804015
702501
20174
464544
520579
604846
370629
571064
548387
71416
970107
59885
520287
936326
398021
562746
542637
755162
880411
917540
322528
52317
339777
794881
139417
259018
36528
993618
240739
282988
93599
955140
191089
345194
187172
879359
30391
583999
868530
334083
614141
608468
503138
689777
12291
832144
829296
67325
113451
843100
333264
602043
610599
255749
927096
656749
86853
395906
88907
920906
75182
900142
338884
702951
776605
987052
307667
631687
603913
172613
375853
833875
495295
364618
429897
833257
136724
383963
543809
422314
704919
966962
148636
449839
751120
507954
658046
177908
435799
633275
936222
750868
387602
129188
211046
462782
590172
605180
942315
375043
804581
629845
285307
633204
270220
588173
327728
556984
174453
796572
818495
138013
230596
663988
701289
767907
886755
668025
441676
84257
547015
590639
587797
840726
410812
584087
726465
240475
742795
546529
353691
858152
292827
978450
40661
762314
260723
424599
603629
145995
215132
751616
72063
94642
14795
326776
808103
690100
157062
150877
875633
586264
315556
478254
499642
76451
327580
492765
254833
973316
557652
72775
472404
961399
388588
125106
537387
714454
190038
196122
101598
467720
71854
798324
966983
5943
592157
665368
795354
393384
347609
40595
43436
603620
478726
815751
654945
900062
600216
451803
156913
537493
436611
78203
16942
931619
123123
430986
439916
868930
735643
701500
50814
197129
188230
82610
558704
491280
878724
458158
338811
988594
574734
524065
37054
785671
605918
351165
680670
11877
710802
216850
6789
316952
299043
934206
540314
68021
306328
174659
368361
415915
507204
858236
717606
9720
386698
319904
315889
985492
744071
350108
622973
491680
564851
804452
320721
638503
646949
118618
522356
938522
977947
444180
76122
230200
234854
370056
107382
323880
771362
384186
41117
312438
142251
713990
306992
180442
555274
527775
519772
274769
597643
164480
860527
515611
661761
840469
248878
736969
624488
405558
481102
646472
194130
570107
322570
778901
99212
383989
110432
332533
251507
227686
825100
167079
79609
189377
778628
394513
917745
82503
732010
732477
774225
826093
594443
340796
692395
77393
941744
612886
170799
169632
614176
683745
351589
368038
76941
29040
502197
455492
211274
316089
238451
87745
528984
70096
180166
402757
309337
986496
634510
963788
621
322904
798030
758737
198312
428340
648916
923372
296361
576989
63455
213917
47498
734755
576749
92103
212790
499064
302274
610789
206740
698635
260583
217644
990111
886539
84443
169292
498265
927119
665339
499919
209743
492766
130672
612903
1606
952323
642723
989590
315159
231181
604363
68238
163549
684269
204278
266331
81366
237986
480324
212904
355535
267887
720534
718845
799940
264737
382059
302896
122246
351040
796893
982398
259871
584783
42698
703615
732966
328687
194740
814338
253872
77859
585046
553916
832814
33790
17337
244119
269099
802586
304869
291296
856617
286124
637865
209466
544697
79064
370324
437261
625221
291597
640801
207561
885680
348551
347012
918933
199991
618638
43573
991799
977702
407379
515326
149601
221506
161299
768352
775190
285046
495585
648827
685861
354243
504128
698338
108604
663584
659841
538737
985013
331782
301748
941166
70753
251527
467055
954315
534696
460083
512287
617864
556846
927514
234528
111074
142468
962227
876550
596897
50048
233733
135716
521875
129219
223819
692561
278154
832356
459173
720991
994321
481867
924359
113111
620177
741139
515489
775301
222225
344155
957873
841697
368334
621945
208752
303826
207264
982435
740831
412803
685366
83503
222735
359834
361188
556354
753644
875518
358144
874878
342353
700845
912843
596162
275667
341347
377479
502006
61658
199618
723795
437410
629210
184090
576467
567824
1139
362863
1880
307971
642763
269579
377006
140765
727220
308767
683691
615190
860751
909480
719769
992379
485161
538407
13004
179076
692904
66304
514543
804746
824343
638674
374767
448153
405898
399858
426725
662244
933923
399577
860393
822979
108877
948754
302005
346093
32436
401256
808885
706698
650719
808117
862180
456824
655000
848262
529909
540066
556871
227515
838174
611089
678279
200165
159231
43219
233719
73248
420336
454460
201984
525700
116959
813804
318247
932493
619541
870586
292156
709456
552749
935114
381336
664717
639137
483895
945642
756797
960867
211902
413232
978601
981783
496639
234042
941486
517931
438110
965790
998278
81484
299191
575355
710193
531290
602781
441487
999633
489096
854016
561768
408837
883940
286918
577766
804788
546274
781591
908407
342828
913997
115119
29627
721369
464196
680651
283072
101623
801412
197176
544849
115909
765915
557055
713158
381186
568760
328814
291435
142693
863242
597656
782606
433629
60254
1044
391863
848634
759482
810514
409834
65616
126122
760614
312782
22645
416456
802685
691465
243120
341202
819804
646612
86797
536693
89
989615
25941
518192
628621
608709
675732
91032
505476
455107
734069
251596
901055
122655
703234
297738
74931
116860
713278
737385
53171
685591
531922
58862
728384
29053
451378
22828
412401
12417
149747
489627
168180
221444
917597
455647
39437
479123
120718
661125
896484
115273
269978
422394
464612
552927
283874
990289
236006
245528
490323
409157
809467
462818
792618
655135
983997
228366
422715
582799
909444
254328
197740
841731
568895
412440
146671
389742
480000
765398
342266
22566
838459
384856
244362
67449
735742
233228
685331
714475
472096
150634
882865
822035
714108
661560
863507
652327
535805
584600
510915
94825
101559
279128
442958
100857
964045
809450
752668
935391
325610
100019
236099
454867
805036
582728
469224
858584
315635
458776
829649
892856
425000
203342
968994
117489
8124
972820
33362
46489
361015
735293
612099
174407
989725
498555
482459
748019
397315
318989
750681
175108
917051
462996
533776
237975
114308
572046
924931
512913
938102
843000
754060
576803
973175
952580
874280
172031
22838
16171
837903
100018
631713
256947
956419
997306
72881
132096
967423
595927
2749
386961
567291
635123
585683
703785
96194
585215
346032
284668
288198
971917
466003
875727
144471
260869
583674
668391
861408
485297
498796
361813
825937
981519
681650
548609
607917
211475
706540
774604
210632
229603
355377
167690
259457
205114
633338
125195
263889
801430
263865
271539
405565
499144
941390
720882
58237
598787
709889
407503
215092
123377
338907
744672
423104
86468
918827
97621
86298
269304
60567
170362
563915
558151
599097
985406
792548
651077
725971
98166
801322
118363
281494
935831
539237
598721
850384
695512
426083
910323
342419
856115
447887
933966
157623
29765
49055
715975
473649
241182
955155
233048
184372
717944
364614
429288
94645
579117
654434
881509
387270
890040
49306
173982
783419
321973
79658
331386
89903
517898
979420
655652
132028
257864
473254
232093
662313
666066
975821
643440
651161
96700
986196
843434
552478
231917
648318
636530
564053
766704
149707
948171
907440
824677
948284
434838
433604
764637
675996
671605
598768
963346
369043
392263
77061
932422
123497
135446
781780
970985
887294
80924
985987
846028
108207
604401
918478
46589
112718
611517
980752
601079
830510
258395
407810
56406
392160
78658
794784
897940
204359
477477
80031
260907
449162
879576
303746
392970
301738
535823
145885
151926
973058
268352
355605
120210
736192
427545
472697
519994
716365
493078
484797
850162
43647
107954
325400
693909
458657
294073
203453
379820
866035
550889
289840
197833
413660
989161
839105
456144
955893
536101
812167
906425
132456
409321
11621
753483
5672
51718
685003
212962
548344
848190
20608
402459
799142
865878
64175
231475
855245
617234
497801
20632
445952
795447
613767
315960
98725
942449
894593
409193
776948
229255
784553
530562
119491
355836
990780
942527
961121
465975
365
350586
787976
848436
64445
250735
583430
160144
993282
131337
407973
320585
276455
165561
437881
392578
837262
44700
228053
503783
6940
893643
932311
330788
261181
531642
686458
490439
941617
380894
66306
848705
920007
81711
238705
177030
460535
321355
673149
625
44913
958915
567210
820293
156469
386989
641681
650315
587495
761014
259146
72998
387156
176563
204121
73562
107945
532951
786912
948782
827028
480093
10052
334650
834857
660485
399905
56615
4239
686744
839730
894573
763885
147322
391697
953999
227899
369418
912352
635785
119302
350658
380545
818045
395658
740754
199566
653577
719710
726951
476984
587839
576320
497818
493697
424401
782933
670016
70299
588936
625392
66483
121284
320938
819201
130879
441752
722397
69782
442397
132710
908607
487359
312898
631076
904608
32733
272694
772886
19340
218182
857953
215039
877422
523683
780478
171424
39133
951003
757825
829227
48219
267192
937147
475820
285986
898721
701100
870299
611478
587083
212876
314999
263796
806517
290917
993440
899589
891530
959670
305928
676808
460321
71043
190400
575193
516784
141149
323627
719687
981014
510627
512769
15218
466218
913294
600661
258474
207488
404894
623485
380998
54041
389422
212136
184938
434986
185832
750572
951524
5378
32741
827374
406100
627330
861169
806709
512510
873232
218479
454514
535872
811092
976466
369531
874229
832552
169695
871333
410595
916930
305411
311029
578611
639505
423125
754085
581694
950861
99704
164957
679293
483721
427376
485511
956647
811742
966043
209622
351123
663644
598054
366517
543734
256684
966213
250288
784904
670878
845619
537139
137108
31172
372742
805611
350327
977495
867039
56455
365544
284803
315726
344688
713978
489454
712293
731222
459892
918168
976268
925810
238403
70176
123940
764731
412267
775956
522422
646806
905387
177157
285086
387599
850879
496953
105952
291802
93909
5461
591097
712415
145587
539141
338534
625211
23668
531193
582457
242116
309530
169862
380507
3235
663247
836919
476827
130667
71310
848201
210001
190509
286676
181611
198074
951628
398743
940185
577842
236895
112405
829534
574950
430295
338278
145119
388686
229592
943418
227032
455720
545814
101678
280111
740932
383256
131845
932488
363712
105068
183195
512083
202389
545326
903007
611606
959390
342164
899750
448429
906700
435222
723193
21755
536795
483811
25062
279274
26065
166832
679983
309744
670169
479887
968122
350498
259339
271263
112538
766674
108694
318259
868306
645585
694373
210845
358218
917240
204860
616661
858028
467320
192674
669531
792959
732577
893961
814032
993861
916046
342214
30006
197642
875637
247107
292221
499301
983164
11420
869320
82405
783769
820246
984139
311856
388888
928659
808316
291813
183608
37917
644994
136628
18993
973864
212414
499789
688072
477213
167163
25653
243593
93308
671876
814889
17995
598318
943156
27675
268341
700816
671506
52282
825796
440042
840858
730813
186062
897362
224564
362974
172343
395954
146854
678752
636096
95517
736394
673079
872134
980065
632432
857686
770907
406722
639569
556422
44633
606423
824823
777853
11812
947679
693160
825638
562133
340091
407108
745830
318041
770121
750444
729713
141247
8428
566786
647562
309489
134667
347058
345187
516281
198257
789358
425380
499786
327762
830625
734805
748162
160009
907741
40245
751118
892371
475234
196504
79011
221057
467974
60705
744806
943241
326096
780660
935673
510517
799305
161894
713955
401049
910029
781248
587604
471363
466037
651144
237409
255392
725200
160269
902820
884946
674033
914722
955947
223627
695721
337240
806506
818386
522699
335221
756513
75302
740299
689820
406180
915933
354688
607061
963393
665098
567975
174057
388727
409789
159601
110429
809763
958283
561538
778725
18446
220582
108230
461786
434695
196903
739086
811721
245741
199585
187562
809904
127183
99490
622419
219060
160233
839877
959989
444011
549203
971237
104516
599510
581391
989242
330735
866824
762072
953756
879403
866228
199471
764087
597479
650211
134805
347033
254880
77574
201952
541846
919538
269571
629114
959016
823969
413650
455878
897056
468074
125383
463153
747251
457115
401363
661912
139271
789086
124501
413353
768182
571258
180315
588529
413838
84980
514694
343752
856202
270297
535626
316010
304689
703830
984188
262941
619036
51424
792856
113275
756379
149312
839125
322653
128706
110652
956176
221082
347515
166546
187928
650091
187325
250446
234621
775804
147253
53097
30522
670422
845966
407698
743629
491300
789773
366554
434658
507361
453090
458308
278065
45832
978240
631546
549372
818625
786377
11356
970999
628437
245759
271924
325148
897882
549209
696215
87654
551856
131251
606152
14514
682349
179807
553460
594951
927393
325273
275275
196358
959286
152884
549736
34765
384740
713276
251179
703807
93146
229032
982382
184811
993293
420253
745565
512178
242448
902816
149688
246720
831646
37889
445198
382913
730070
261237
597824
500075
593729
813820
189965
631562
484101
126586
362511
792033
770043
680576
139347
801292
988685
245804
435882
766910
836581
368935
302976
426961
112333
158020
867210
595375
746029
541552
48081
656824
881519
535704
69641
426608
629018
614435
46964
734192
824199
437389
463219
705033
916449
301498
775871
432094
838368
714277
439154
193721
479840
496279
134759
133412
917231
40438
346654
531552
230241
314681
726792
923235
941459
87536
599484
937959
100814
966711
117461
802318
490310
868876
51432
684165
948952
808063
566622
497141
894338
198679
148290
711146
411272
214098
8085
430139
428634
882678
17636
73993
39936
96306
73112
743753
531637
189418
479509
142176
804790
90887
557020
74928
954455
55511
394110
821605
538617
187281
768483
952011
183855
978244
318801
390286
476326
201574
718832
546463
83677
847586
793960
439945
698066
461635
661142
507611
303857
158229
66822
283053
604699
793460
82875
652556
9332
500234
836946
123653
711411
839402
38112
238414
876371
914820
574072
827780
947630
127468
608984
724494
91797
259585
839459
215156
503130
699080
588517
647252
691228
978185
678657
781277
395293
195750
897929
116831
632901
420268
680599
334049
379817
597881
738410
290547
685541
670105
748963
700401
834466
589338
271068
362650
593341
810870
6707
323568
387888
50783
657831
122532
504195
308760
735468
335539
977226
451961
117828
907188
155270
226486
672239
529969
998573
340361
850673
295579
705067
7467
253929
912838
86831
911095
686015
520625
707415
700974
11579
791483
845652
364772
610245
236123
965870
134515
554138
275018
316756
659678
229371
905052
586024
897095
676199
968680
781307
943063
178022
546614
317582
752434
123091
357537
70797
902924
464757
637648
798805
827471
772997
747838
586055
635017
170992
399848
927796
750539
157341
45489
285396
418226
595860
608379
393372
35502
290653
319208
715901
646128
478328
886000
463649
66388
86858
744491
392513
845327
453174
83944
705871
734848
508282
755081
396472
359863
700110
10800
217600
545959
982518
15399
533872
502464
858991
846700
368025
501334
631483
999842
504430
64201
709432
701851
42135
124420
934523
481832
836885
71943
794785
259221
253843
261979
740800
175727
31274
793932
591834
287464
461662
991121
777537
576391
66283
253147
259621
734789
722582
888368
269299
470399
4596
152742
704592
975293
660854
421257
965731
676544
108886
267140
368553
147018
792878
81489
140131
795207
132641
346320
919753
8673
540304
323263
289736
142994
717626
942762
885270
857211
361556
177196
670975
658818
348351
871089
832630
64152
644141
771443
824382
326843
771755
247720
855692
66221
619064
242281
664388
922407
962785
716917
688168
490407
786237
385137
467086
97551
727477
798007
419581
7526
702824
198894
635645
843227
39647
198066
578891
925783
168121
246492
840753
469403
868067
922850
353328
237818
115514
403298
25330
295806
107692
856803
662617
625010
525694
230575
240966
224511
391718
179762
742582
157181
805077
61697
64956
124657
524230
870939
996962
886957
29993
91984
424794
948690
761909
105424
143873
660591
462083
526999
164385
188998
267247
169327
432630
853955
168710
858044
760531
90780
155527
919550
389401
444015
859080
383777
237230
338988
784035
704997
274702
150752
423101
519835
782941
438240
920219
913738
212169
510577
592711
8305
382403
573449
399654
1594
44209
962477
141455
583100
583240
812199
718163
477038
682737
213896
155616
955405
82526
649241
520729
463199
781807
454771
651950
247359
520460
303552
585393
122018
247364
544074
303184
634960
759774
888342
376268
93211
546726
122177
128082
564127
897802
961757
711349
329947
768700
237135
885846
387496
4076
593928
398029
850506
82940
449700
525794
522716
359817
604670
88357
611862
198480
242739
325895
578860
375178
421645
207947
307520
606850
537702
667258
358769
83349
407987
911832
84155
963556
650441
764618
502797
666182
924915
806792
658623
301
603535
375629
710184
600597
242138
350836
710050
646821
513119
377314
667123
683755
362994
858627
310195
827257
731564
385855
767913
307521
206016
806632
162384
709310
864573
376138
477465
37279
845899
89688
673386
917358
83425
176393
806463
580376
823489
249250
964927
660625
325544
814207
94559
771445
73271
708245
238362
143178
372996
246146
551756
798810
138983
281941
925656
519532
637334
963187
695180
668347
62708
858925
734519
504568
796659
421694
284268
844994
441184
146721
672043
182404
883765
644552
914802
566239
696116
141986
614514
123013
501466
111842
390192
372677
372947
578987
805497
420785
666581
99989
459225
591936
450994
112765
432777
864586
704336
202825
454530
976699
275481
497662
837723
899205
847123
194819
855514
856523
832976
823868
653997
661061
709611
771848
702780
991193
40165
453772
88009
145771
223305
666854
800213
81362
198816
999047
594199
481748
693770
858487
374399
729200
499083
198687
128469
700672
25334
86077
212578
856271
721617
67873
704277
918111
737512
253028
225783
974832
544717
63761
527536
250113
504047
626232
963780
202127
439868
730607
819329
812853
22429
11703
624769
510631
144891
466017
569256
345557
170646
425596
405919
157202
709103
758380
282039
232069
422088
577941
99389
95093
38271
14411
374316
848914
295039
425402
761818
153716
254465
925001
807672
348528
869529
939644
11209
929319
205100
128881
49425
992421
686754
384092
878905
542048
824916
164532
368965
793436
234385
643606
691045
796465
570827
260892
872668
80473
983390
805311
165812
934836
769702
625758
432350
227302
797834
908484
315294
907505
416175
281732
240921
435251
613851
464304
885265
569547
454876
152009
700350
891663
971946
414731
609127
407893
62051
286335
96450
24157
264868
421296
4538
228506
164488
405203
289638
771669
7212
240695
207233
328029
495320
965639
981318
233875
200967
477621
546559
261266
860740
949900
824217
967149
108064
204902
788938
966301
648863
967101
36068
232312
493138
811143
146765
324765
106147
380438
401598
234618
739033
390370
583969
605131
86313
871761
726036
460526
604986
923534
243231
99722
553010
667377
550092
771095
151765
117707
400912
856546
430665
35225
177925
294615
933112
995223
944643
440981
421806
690059
794751
813557
328975
428552
22710
649527
652289
789134
719044
796031
590109
483473
855582
762034
632661
543162
777269
157085
231829
61275
742450
818153
774545
644158
126801
236333
523276
620911
339122
323926
564365
216013
279928
139400
178588
658554
876505
412604
700127
243965
768060
742211
974689
537587
273773
589866
499287
896177
634690
41519
869831
304541
781252
260513
84707
943229
300471
669342
687048
969636
861938
355729
565075
971137
685469
731
55333
361418
101536
803651
12716
767423
191670
256155
899758
598331
605891
120374
70522
750144
616501
789905
970311
904836
67289
74750
444612
602315
328788
133178
771490
838156
743414
361964
935790
684485
699558
980211
262611
289619
675100
435328
305296
48485
509897
982016
304502
262051
518177
135413
709794
611482
672678
391629
255512
111472
782375
734499
127209
696992
737032
630805
397078
623094
745844
532306
672729
806860
762516
129009
363667
707304
21892
303783
35274
340704
946163
485750
996048
77682
197967
301462
172093
678158
294123
934949
318408
670891
681564
927891
156960
348637
279527
723682
615371
34860
433827
298878
586485
617510
557197
243285
168795
465615
429293
145636
936384
19188
852250
840448
351105
501014
682352
267236
275969
220158
585604
128658
926107
693579
330574
275992
870074
259156
842382
655828
528644
325938
355008
699511
276700
105783
432146
892851
184515
552064
296056
415780
528166
843883
777637
746909
783945
814699
565158
287699
964311
214903
297082
872794
400469
633688
110570
304220
867972
954471
486138
441148
458215
841413
586879
830424
55844
1213
80516
708061
582217
339258
762661
116616
738214
558181
736642
493849
433935
640665
344595
853411
774714
837637
422826
330532
307985
796716
788497
113029
19290
507875
62568
545370
540892
972908
292076
875892
661850
973735
356979
728171
309452
740700
615264
380814
225430
8279
803220
567580
707896
542473
321590
595355
435473
445586
779247
952529
759010
458061
57782
258501
904472
444893
508944
854767
385411
948020
810483
934324
657303
303129
396778
998864
253895
478056
949234
811876
376757
705012
662732
726225
227771
165946
183343
823733
401339
408889
894062
836083
764270
133833
98011
347122
520055
442005
209960
780907
512692
499143
740150
598419
610351
491892
524562
954185
610018
1337
985131
990666
995301
957078
387595
5432
131340
702600
442089
235643
454087
887544
694951
414523
395152
567399
480668
575300
578018
278595
599067
193509
244401
822189
874741
256107
619329
475716
841345
862793
168127
371735
874778
344028
18275
77519
677471
680103
364061
686360
141722
548027
88685
258197
530082
977311
256526
394221
881188
538702
587370
410677
949329
5214
478758
113933
638552
280653
515446
45060
656711
263383
126856
569369
499516
749152
54191
517895
157519
507181
557170
268833
506539
177466
117594
597730
767967
952807
199097
510140
89033
262107
199935
430129
471745
215433
680142
231169
825370
985478
399055
799444
653025
585216
32407
579408
701743
125073
245311
266828
410880
821270
704084
926794
784134
577521
906852
654308
975229
133135
998279
911100
812473
903781
569486
723943
708530
823958
496738
99243
416085
203488
851928
327622
796792
897173
941575
711406
303520
910007
157944
44831
292580
668433
77226
859246
848986
392400
949644
910199
315869
393173
480195
803178
954104
542934
785066
180836
973194
233884
61306
196197
530844
659308
935430
827236
576536
900508
927869
575475
563836
868563
356505
790458
438517
393407
130894
378130
121566
255146
546271
609728
74341
416190
231760
618267
891371
229595
880129
327992
700504
88498
415239
577705
804050
546269
449878
819687
956249
430822
500858
975767
867216
369322
74225
288949
701252
758591
967820
766437
258027
372674
436001
862804
701982
508650
831283
556790
697327
228905
218550
626923
209647
237965
157726
413823
309640
391312
189264
946839
203725
549915
346820
883784
595595
783939
719531
183753
563607
542333
793284
54374
289845
6697
819094
482655
774858
376994
407055
874318
611694
244741
907467
543515
249382
577657
778769
323045
359428
839342
913742
687557
416875
669174
154735
954487
592361
400448
195387
546086
362792
110465
927442
319345
395794
970966
617823
443184
372574
715003
997373
862069
439147
996739
587292
733290
926469
212830
994639
359201
88176
484713
516694
854463
210345
896057
478551
585490
339419
576819
692681
627935
339972
795179
569397
854636
23459
209698
914394
301701
978257
791867
322011
536014
386017
945525
622108
388280
140658
7806
543143
175270
426133
96968
818753
117033
439282
17070
795683
117123
568639
873983
24129
130103
923680
752362
727550
118572
578667
499894
98404
708443
119341
641867
123026
80852
12950
833306
530684
310736
594842
908427
984792
162696
383235
573819
132928
194008
589483
20571
938603
210837
976997
820702
844568
994563
39900
382783
85681
758709
685797
593804
701141
704461
339825
987170
23589
406795
882974
584902
135490
338903
810218
413837
705980
300195
596116
884559
459239
471498
581003
126860
139068
307112
621209
365774
941397
183905
2461
754346
208712
763195
707749
578138
257950
838654
39435
733335
686968
511232
231487
640208
190086
239723
657542
846950
411374
617982
447280
216607
600038
114343
941937
389180
162171
964268
864300
830159
666283
976578
729407
900253
397226
804064
536416
724583
511326
418752
273175
867702
792353
637657
330627
922006
790666
354284
756585
763984
107836
985272
894058
855731
932416
5638
220836
741340
960002
236402
951442
57146
61034
531515
470463
429243
712633
83718
194605
243046
809412
598483
99283
77988
814489
340313
610829
688731
454616
82212
410523
575213
38426
793887
446118
106635
21303
805793
448463
683702
475023
749901
591241
339795
163241
805835
797819
288213
487302
522300
242021
200449
410400
605871
667874
671773
513847
644737
241047
68993
106724
357556
950762
289746
332362
819982
413988
796954
388331
629144
603969
194125
224600
215964
341153
851996
949177
728227
447711
939035
82698
148652
749455
792642
756823
177284
773800
420948
590090
691611
672489
352777
899626
976672
264005
621360
392034
290970
405787
379718
488337
131507
615527
559537
164030
148989
154030
151040
961800
940946
961995
834398
111855
654372
193039
788554
190196
460205
645583
236061
188559
415464
604217
250326
86266
699106
948986
61471
96344
311898
219640
870002
218677
39148
927312
773416
785277
244117
871947
821637
454057
9336
379823
432176
630395
295091
538163
976883
413180
753662
801537
104953
711464
948394
667412
32468
683831
239009
400432
355569
393306
335995
511825
221638
398088
75984
191638
832389
704823
953373
945939
219651
103155
950121
816394
41713
243270
611457
650731
316698
495158
895247
272843
12421
594854
932550
488459
561216
375759
252998
449221
575162
535689
79740
620423
17997
290131
435015
375099
958759
168170
768523
356328
90330
610772
65492
583580
861924
222964
720137
946842
307388
537647
726421
413466
396170
670077
318212
496563
774945
741269
892271
596021
611261
872613
39143
295156
916773
185316
296037
289271
625111
756523
153258
717530
615078
653223
574810
189482
130429
234922
1484
395136
167511
836608
315987
846080
568406
235591
390055
10203
122019
876922
75211
723755
860895
349880
386166
252319
433313
592804
828548
175017
160642
179973
700979
155501
998608
459434
861957
700292
719914
20548
667859
834190
147166
363201
790668
979533
119042
810799
742567
401935
680819
417371
411037
486402
234958
153502
772114
500796
719445
632660
818342
711589
280434
476618
343120
740578
916923
2907
310422
595308
974394
929422
113680
142703
550780
246021
819227
471524
502719
19220
999448
521196
397692
172140
55389
411669
181036
901397
685947
925044
55103
318852
362236
197553
413633
791832
540610
307458
445677
191782
498179
229613
690199
455807
335090
181290
643220
627231
770350
939554
70592
995841
136011
582631
722683
82273
738471
264877
682279
726853
786353
683947
555741
245595
860896
787534
737407
577772
609208
381288
531312
882348
971869
780492
807063
492699
25207
259065
713004
549889
581453
344169
187069
766452
352545
522833
752618
276400
816621
94123
711834
924038
175056
85754
349997
893370
920370
808892
529656
85231
134545
573300
38910
703451
974919
754413
193800
525162
9041
148625
394480
972572
590553
695462
21107
96336
154361
638007
320969
282949
320610
325080
433454
709815
806822
232993
598693
122188
994765
294275
995280
891964
993159
692549
866215
960834
85164
240385
128071
215211
804529
351163
402001
819959
183474
529376
559074
268981
249966
483016
859421
707801
103617
303411
453381
682607
846537
752679
695824
221431
170437
807067
971748
161314
292471
59333
342217
619325
655937
847539
911201
774442
612242
31330
842984
945817
565237
126916
986747
223087
122732
864408
602616
188430
767501
30582
968642
780483
602664
13482
64313
876078
800748
60146
606419
981408
735871
948895
206728
402893
664387
180356
998684
572301
820658
43602
321328
383360
632958
972950
239582
161586
308188
860778
115520
365969
219442
635775
421335
360386
160056
114233
956202
188038
617247
756343
638324
297397
346967
974036
288984
429426
845303
67559
148408
739123
319525
915708
800384
681927
514752
962194
20577
300226
555616
387707
283953
124611
874365
792751
133335
604663
885453
987989
379464
246509
223827
314428
849833
965814
22358
451510
186387
437422
94250
491138
841175
551798
556972
857061
108981
284973
375387
210673
372254
830959
568470
967605
933499
584841
773113
851126
782906
132281
552105
522228
455129
204957
610233
225622
464742
52777
679080
217527
136910
790977
769178
456654
221141
244913
295241
426025
765264
162581
167840
532540
25297
300541
998075
494755
518175
978994
54622
127575
653645
547228
471650
214166
570694
189487
341777
482695
985316
352988
397113
339856
257562
377911
446719
582126
929694
700322
155380
163552
766331
466139
480086
401646
5556
476690
681387
903163
57301
954267
579424
700220
621540
551011
107657
799158
530068
444438
849665
103530
421338
633376
18430
497129
96276
541761
259358
759637
724731
260792
85096
366901
840803
730009
313663
425926
344912
730902
48933
840054
644289
347369
84530
600756
125084
326516
171806
510487
441348
358893
299967
880947
220033
787769
616446
622773
766636
25111
598626
43482
839511
583738
184475
996568
871726
57796
983755
119601
576170
219514
297050
517694
490159
350583
408139
322953
952709
909755
355039
703582
143915
732784
44699
647883
126492
704335
978307
160015
28128
570197
774891
517565
459080
201947
27493
140989
167440
316197
886033
458407
141942
611512
739736
114895
816035
644038
760124
550783
808840
164367
694945
111361
28057
219375
320807
776034
991885
849557
887615
244776
878478
82936
571811
486418
42894
569398
385661
332440
720631
763623
543278
328002
203212
779168
34685
927175
988843
215072
786467
714272
931621
129378
611516
42163
90044
19302
482966
304805
311664
726177
776389
886245
699438
882964
891896
875046
418933
604177
546202
411309
465839
543580
195441
694460
299499
848221
335224
210934
928570
552968
630236
577273
221730
320008
244447
840386
299559
943829
824148
384010
274675
742471
782371
233479
251149
703369
316221
879571
144277
350188
344382
666791
124325
635908
158053
73944
931587
717721
875291
772801
939241
320050
187418
189324
573024
689132
669467
494229
753683
174488
590208
170276
594775
148306
299702
777081
67939
701521
317802
176201
454751
501143
335053
177464
418243
643218
229693
58531
993840
599419
151917
198664
460315
926278
168081
621527
268681
925276
542400
639625
871255
25459
598117
32647
1138
641560
299941
967199
702844
593943
528659
104145
22378
629419
461630
209696
722193
683654
777978
34587
400252
257300
985305
819232
181006
732099
228812
552558
834620
432405
828760
919381
788759
220343
810274
557331
489739
492239
290778
997104
101171
495050
232555
379112
38898
659176
942442
361509
786648
26703
516014
296427
258209
438415
701374
421065
783919
414800
729897
339673
932704
865039
574346
158000
853667
289477
584711
592049
466415
644974
182956
144445
606866
870753
871115
357697
912913
132616
61022
866012
530217
169928
556802
860525
627035
435122
596570
3470
294947
114301
826098
187597
860010
524404
599901
738909
365064
569016
141538
36157
668207
337335
811865
481716
146073
735044
408334
179377
458949
490362
818995
241582
786492
680359
102916
681315
971127
479853
72704
54273
726894
84966
695397
649800
323042
513410
543147
483804
145520
127184
544947
851136
728948
792530
216368
866143
531964
355185
95718
671772
220444
296940
323261
370226
27263
656468
666172
587150
114511
554171
452721
351068
920626
33330
286483
310904
920203
872619
79699
757736
330488
937083
806403
375204
554936
963358
276537
688025
101485
324728
264384
467183
537443
421989
867835
751027
100199
571710
776909
806762
258657
721050
941253
811283
941944
841039
426090
533474
836941
826983
548891
549598
719714
534285
245438
897486
288488
783113
450992
430881
879158
638834
763833
86634
272425
519383
258928
175827
107524
300114
125432
397986
424241
893029
630561
890792
86580
584171
910936
76054
857465
425759
486792
885033
613769
171084
827533
579915
143576
104554
11686
796459
486888
168680
676179
339037
533393
510694
593022
775711
584889
18204
887925
838617
71498
441452
71946
429431
37703
538
614132
249039
418238
201287
562617
469823
24699
20769
181141
353973
493508
727624
304650
892428
347439
508524
848848
554829
234448
480205
816450
552232
207770
531973
251519
876130
421646
545335
54477
629447
181055
905685
97513
542722
311169
439188
238861
528195
289660
852386
660127
68628
703198
566453
430507
195732
675764
492137
486604
257479
741714
40063
602840
742249
138335
145336
135701
874151
658512
871313
150338
643167
365342
504940
577816
557271
570788
934952
129187
808452
17715
803887
66
940521
723479
832590
154555
152515
964857
744512
604674
824567
527781
114326
671902
408406
283704
163118
83298
382637
80955
436074
261794
537370
751390
338157
490437
292137
256740
606745
638076
574807
116132
466733
306356
204708
762563
460385
36941
824027
65339
207144
330078
772441
441880
520713
725246
29076
488671
585302
91083
162842
774896
240604
626290
359441
729477
989640
776164
362480
515123
971695
781054
381973
255510
510930
42004
606384
987666
979886
240883
15761
74394
289150
653168
602727
325088
697818
66516
895180
352010
38342
41441
671752
542288
65612
44229
21464
216428
804045
996853
339855
801212
979359
440852
817232
586089
420110
391351
619269
453260
996657
570291
594098
75341
951997
273809
239075
261982
548700
793197
861678
260837
449763
591807
969107
990714
849135
819160
969973
161081
764746
977885
992734
344814
235678
257933
771638
690149
75447
623064
640673
674184
54652
225301
169407
994023
921613
202275
277481
202540
768018
737794
70198
620531
232377
522989
923877
274174
265236
437695
514326
314090
6524
951007
352908
296832
962950
645260
392587
771921
554279
963087
800651
704715
579742
777811
401501
429374
107135
888367
227643
392848
522124
723853
429873
863356
712423
382746
871540
344750
920460
51893
392477
799478
232077
495090
388613
882088
215862
168712
134261
722478
470506
374086
685026
511348
884611
676272
133187
417760
628822
407797
194371
623001
43430
694471
818945
871556
480980
561738
123233
555783
212539
918614
59054
157734
397994
775262
894107
555727
854351
963760
461621
256921
708171
267188
908698
96584
585229
608165
957615
496123
535120
557862
893937
978625
938978
75402
357708
434330
895263
90432
409542
212224
799697
110232
886367
203208
52452
742862
64839
254926
218288
374966
472287
663311
82564
388388
150980
871674
582177
277151
275102
507754
316027
330845
603334
280435
101652
589055
114604
625299
879936
80406
660238
660028
405841
183550
862650
624759
695218
558928
701044
207253
570082
303453
363303
596816
307044
963450
848240
696063
783545
128843
53693
513648
964388
989412
369269
762727
581157
940463
677968
516316
611276
162008
277256
451826
390798
133205
32865
949690
866831
412154
373781
123808
728658
774525
429211
265740
396668
769205
262662
964831
862565
507266
976742
838395
751889
252945
406164
77932
157554
835885
144630
541449
956517
774049
936281
723700
456942
684625
864446
240081
947291
3890
931654
716617
880674
765401
469670
137538
452171
476381
547309
342097
501853
64474
736521
653649
789831
910923
118099
765360
747025
767338
744321
441733
930840
634161
591078
403328
920598
27083
387994
973056
888768
710533
599766
727745
820255
452490
762171
902930
376106
550411
242156
678479
254592
107727
63036
423336
877098
190867
165121
250214
177026
942113
784401
655706
725372
219102
813465
898205
820888
498536
449423
203802
201230
785044
743373
925126
851073
504724
930094
96606
771326
817666
618084
65915
41658
535385
251033
434034
624567
963947
555480
689711
196414
251216
891765
280403
141611
955611
788890
182522
227875
248067
27778
509778
411711
928625
937723
769137
809052
690294
754659
887899
170068
115167
390445
258137
480331
161033
687925
277648
667766
729458
773534
544619
340685
400006
486030
733668
504736
483780
254406
565380
883634
851417
598516
142338
275937
886060
225630
488848
755112
72200
964283
842087
99878
537120
355534
186582
176681
784608
256997
602880
951016
941562
806280
611324
738795
653466
295022
660905
952265
741235
346521
598393
929874
687318
456420
737833
221013
491912
529211
10933
387332
22926
164323
294760
319224
512451
65084
570512
482690
999106
716207
854627
953769
846120
258391
854457
606992
22129
557423
796457
188476
46022
413478
291741
492353
498496
952520
922859
68669
656999
928973
238463
883160
937212
829926
428350
90037
279242
147877
24843
138958
713361
264953
356203
216210
12542
372269
955011
486675
874049
868236
896256
848697
352053
97843
200298
620915
489748
947808
517828
811490
111137
962468
726711
674291
874262
515597
735264
668734
547352
217310
878986
505302
309358
187767
187495
858576
122044
467917
534242
590118
334418
119465
557289
442644
1367
76219
850607
47493
857753
136629
222817
452456
531487
786923
349027
862521
867213
951105
508337
770481
886659
559374
524935
493143
40130
843828
646468
439304
462375
893237
618216
104351
77522
343903
89149
817901
410418
344224
661600
925985
541018
844817
600124
359844
520256
30771
523735
174574
971190
942156
265734
650523
522226
703448
528700
553960
501733
977830
343969
87467
799712
846682
743701
758335
113913
416923
681037
689223
613761
281347
500688
239570
767281
595288
901847
882077
622420
665520
183334
554535
318647
226708
569759
162430
887632
740631
712287
727880
469223
750080
972005
671356
335314
23581
934178
529404
145202
587683
553752
662840
83023
677252
884045
948965
541426
907986
623425
74476
195909
794763
836838
648684
431529
850861
894936
689949
578746
338931
985587
636726
333884
15396
731456
801424
344967
258836
612040
115008
151313
474028
13047
622663
217299
951212
848584
771321
515461
12165
711777
312890
841929
689802
442142
180525
292546
422977
832466
280805
121024
517751
877822
383717
985360
244405
166254
364595
643923
596216
342777
948869
593429
661285
389384
287027
285745
436461
587374
397949
30680
706813
602692
27008
22403
846390
662951
42410
828866
905314
80787
209015
543233
991729
579551
414680
484554
359263
338381
257057
475383
23333
722018
862700
126428
598628
365113
959736
621591
330939
280507
768985
412342
614909
929492
624474
369792
331814
246881
940150
375747
753096
160497
156955
751363
609304
38544
447567
239304
300463
374294
8887
112949
402463
563504
378607
627869
682399
933925
14479
575967
296244
864220
718425
153099
590237
378038
532537
258911
356046
684357
280731
265604
14345
41408
14194
100241
326241
197095
661167
799852
48900
277022
932581
813688
591261
471890
79026
403904
775221
584579
721448
240637
756063
446146
462677
703459
293123
696689
910279
455128
11183
235747
509352
863241
343976
486329
255860
320952
833457
188318
278902
68834
555320
518295
840503
267561
345740
141092
629870
648633
389419
943919
384800
494072
796062
630726
560699
421626
198603
688861
355792
29965
263445
786632
770054
233023
781621
794995
557235
417600
163261
155701
384734
346385
907575
790889
723308
276804
975110
750912
847002
965030
453336
526241
722109
50631
144923
309100
884754
355655
531239
815404
869375
517789
587520
526313
475264
619900
12237
230811
881108
311756
465873
434980
756109
168407
330437
514583
449966
39933
232671
478563
935450
977
785824
413596
555986
851096
546925
3133
645139
87530
129346
390472
529573
726161
218287
235842
108376
506339
959807
176177
793826
962991
557027
32177
119352
178068
770663
484396
621870
189390
225559
62750
286870
260871
816807
839083
782843
666758
318814
598889
252183
674680
34935
313100
654086
692721
483720
46357
699055
860914
435941
166547
244408
356734
39845
900707
157355
85751
766802
526449
622365
816045
821783
700226
816691
810083
951631
131056
176174
8067
719882
250224
629378
802703
946206
662112
724384
970882
781533
121809
799396
35888
765260
844049
203651
560402
336902
393098
811885
305183
435078
166881
248779
968310
172781
979299
525210
703
527425
974758
842021
361038
167268
50827
640834
476272
127711
279870
410009
891516
920082
261546
508382
200944
613424
995388
238171
114248
172543
914434
659910
151086
188766
28063
418864
498585
422518
769337
209612
187218
566712
91736
841652
418280
776530
975571
15855
487290
270850
631228
910958
818029
791280
7878
455324
815275
615118
518653
970956
793659
350974
799869
732330
643868
119012
491353
181756
111835
695571
934092
364339
882975
155790
680487
524024
506756
537109
125616
348283
957299
621850
935335
843917
758645
18417
966918
412063
456749
730394
39859
108686
896716
33849
569325
997632
84592
865787
141731
286961
640611
718108
741718
412723
673719
52066
956353
185848
288961
479961
909727
84699
689973
826163
932900
319803
507053
39768
239462
440913
782283
617697
91737
803808
425284
421937
553206
336574
461315
773757
111917
143043
664884
343108
45700
182081
939079
782118
424810
209699
673634
934449
859918
814940
914226
325134
121506
369296
654772
513645
925079
539988
341847
14308
84109
942305
881457
745043
284250
245782
889427
249121
574384
112400
256118
142437
815064
503422
813383
98533
914922
45200
551211
903942
952682
919280
113179
181737
453918
401428
641718
990931
40791
777823
816786
768096
216011
88887
149984
271936
195777
783412
949286
