85778
233356
142940
243677
838348
814172
358050
139802
805773
782447
714756
4720
306900
246175
747470
821080
224912
589107
627140
36557
480369
998376
880945
502786
707142
226361
444326
213611
121282
606671
523076
1128
628738
281726
97665
293855
457918
146718
736084
196622
724271
242086
293042
390655
733236
18564
54786
704208
99324
310789
897133
494737
905463
305045
330726
744674
521810
189287
831505
839095
683295
278641
348565
412905
731768
491463
631342
971706
554491
340295
388651
760524
3761
801245
781667
164680
884843
546368
671806
819493
287706
352443
199633
877478
952593
620964
486696
638595
554159
951680
209670
803143
9367
434278
545659
99766
681266
36742
873101
286133
431263
443702
229921
514726
717927
24725
319362
679533
699532
138368
881242
682779
165127
161772
642549
924940
160398
304611
453735
862406
814167
605520
462866
739950
995755
37326
729653
163030
891425
67949
932322
186788
834386
902398
718641
614835
657047
481910
529613
506346
229106
414233
989300
247088
571692
161222
535433
7662
600678
709098
890031
55309
732226
808625
226684
707247
176966
339899
587879
782275
233900
343949
748370
474072
819718
696110
136697
433167
830595
209001
389380
114606
731945
965903
849788
658162
75054
607269
571173
184334
493737
997719
943056
361370
688593
758029
952368
24944
720688
911741
174832
889770
286607
718181
524590
577624
218089
175066
295202
520749
903790
187337
374436
691859
306534
331219
344721
239109
665401
18563
46332
431304
877856
166967
163749
634549
903440
157478
578730
392884
463577
441314
811759
312961
539598
466882
310209
5180
273021
821648
456986
708687
91799
546366
68445
793991
615157
311042
919
727549
833039
381634
620384
501489
701206
999780
567068
282468
812370
378059
375522
759169
189031
151678
168107
374061
778588
497111
514041
930632
899787
893569
44442
181350
198914
522394
352284
802247
482051
6508
831632
525179
44473
549532
198163
686011
812551
377309
326635
216549
57039
247898
589120
417508
393921
936170
764531
657183
667685
179546
52699
800583
57078
191712
289201
577126
733650
585219
799251
982308
840810
873339
362179
363035
534850
847342
539536
444266
599587
174861
347588
339293
327832
342381
316138
502954
873199
48374
300015
831629
338199
982416
635151
375784
947625
633671
792837
606050
536322
621523
139414
247295
820138
150454
517634
785408
839212
900103
972654
481009
468816
96068
538842
590289
733971
394908
531404
499044
728842
788380
62159
228546
887156
947309
601581
143969
948258
570240
558188
842885
707035
440531
157293
348342
738330
85047
612258
305939
338909
58659
98055
543462
256177
415135
190922
770967
603937
109846
823264
707063
981564
62967
262058
596995
443306
429949
692333
165741
404809
645202
949514
65440
478545
165664
532137
753203
601574
336421
234489
829752
624204
732668
171449
570142
539245
894180
228818
738984
380071
751094
881597
816311
434335
224711
198258
15399
402514
262194
987257
729969
898098
176255
262862
712561
375079
964551
513366
459700
367962
37940
375890
49397
61901
942904
292136
193979
868324
787092
616126
778689
932113
404862
706666
688860
701045
439693
903215
242807
850119
952307
656537
500944
185361
380503
138435
580904
427603
350467
717574
716630
294772
114778
566007
854077
947410
952730
217352
500387
986276
926197
850991
912008
950187
762120
520101
687077
421312
372072
742741
958124
351944
119605
354887
201588
444444
64613
306771
936999
103975
207866
747965
849506
810975
105070
688513
204888
1700
836207
865069
475900
546327
622742
724722
98800
66480
313499
171301
739540
339736
710817
55178
159659
863149
670483
415463
953603
553395
554425
792328
25509
362761
761754
531017
289652
177919
775680
7062
111249
231186
421854
242687
538095
326065
436849
543230
350307
628918
983207
21092
422161
59057
380966
928873
749280
9482
14173
982849
25609
67526
110081
521009
683556
651341
943069
620829
353994
824510
878964
319077
216480
575517
315349
66997
737094
853856
152390
189087
191323
502313
693256
120004
404466
895227
72888
20553
547633
413138
331771
316376
238526
994015
605950
238558
281259
240054
65541
974881
773365
36541
897639
682123
582064
399208
556561
139570
286716
268940
116553
204676
667485
33658
78795
126066
134445
188083
730340
573914
44181
231360
473759
202633
867
347075
461654
842784
589572
115676
43074
57623
472526
140704
904668
692956
461085
793766
631365
439165
238604
486454
741452
742444
604109
101747
900841
459815
901910
393402
644166
467993
571595
510385
460338
494944
230317
495897
931608
261847
854984
167378
308693
196833
707160
966485
950869
875596
114585
911199
232395
229859
756890
112402
181465
308799
91665
219536
852073
305770
822837
77798
620143
308147
358434
515773
934654
828163
828733
277188
907228
238195
527805
580785
542011
369119
2234
655713
519667
120501
920580
906561
262815
635111
754811
73039
789098
704949
579254
283266
740437
629156
691333
60076
841597
186675
735696
197768
850332
533664
30383
383101
936261
693447
512045
708663
673024
886602
203783
444904
619431
749010
61619
199749
185383
866925
347
619405
790486
962716
78067
224254
283128
357673
464409
376210
881470
296939
326939
433980
975557
379472
566859
234294
861402
471734
690810
855529
769985
377884
63329
756560
522263
798927
184105
700930
608818
238074
181732
604157
63535
215399
766706
381083
437296
533326
55687
435750
721267
224939
707927
496712
45036
80568
108025
313308
287798
428962
452132
734618
404609
2104
179261
490428
408244
729194
40476
831041
362036
579181
99742
733457
624560
962351
288192
887991
140434
76970
472100
694109
957098
192049
769918
504295
816831
898059
291255
168214
920682
153669
160340
475922
171603
319621
360367
635785
212667
351643
26587
305608
54052
43081
590781
630716
23207
231714
328258
716959
381223
492378
252319
96363
920565
26294
403393
812683
207302
584830
127876
595473
956626
945033
148041
323327
541149
633080
650284
872827
928138
101621
84216
914437
915064
185304
366678
255109
748147
539675
188547
782862
526293
859710
841977
233724
386341
342852
820304
277137
189171
960558
119249
792748
342022
183124
386879
400900
340649
462232
633276
721592
598159
840421
84676
203472
18490
839623
266714
614408
147574
950453
517397
661957
521929
903469
707352
765274
611892
645242
935168
847808
305881
883063
359512
2803
458688
97166
703194
163777
3822
532085
476125
916716
427280
149275
588895
294812
795395
710079
93356
362633
604207
714152
874315
278470
506953
727460
133890
973639
784231
136496
410031
740371
780181
737295
164108
411735
410803
209787
800428
246076
620799
670208
299259
666490
689180
263945
275578
795406
367757
922467
236503
383177
583531
561140
957396
571393
395753
944812
463055
22622
633272
127208
148801
535331
514785
508103
576814
627154
691533
543343
169060
879605
173637
467291
313885
518031
515633
477557
34559
566130
135622
962594
312039
612632
157163
94394
962458
67829
364702
890395
646235
909569
995798
32356
212038
269984
602203
109314
330627
124849
574187
406835
584815
343903
191458
514807
290337
929851
636361
839862
497179
788399
304287
926590
970835
857407
183204
332344
171052
313634
870154
118976
11767
175810
709099
100561
159022
770624
438268
964106
988001
501862
708454
567613
548408
371012
834693
576750
373521
689187
309686
713152
791972
865413
960303
803015
378579
296601
739526
640805
516014
121795
551731
410847
684544
195528
267796
378722
44100
771684
514097
921798
380315
596209
549798
516880
404361
957986
67419
875301
507654
830748
173149
87299
747459
700929
272510
869430
405575
399519
738210
42586
176536
244734
300451
743543
352507
393108
115792
664917
662543
714803
890285
963740
730035
771573
223830
116942
420286
28340
734080
574685
430958
912224
109172
198392
603664
279416
348727
424637
926314
26107
919161
949300
722669
733803
731833
112292
418141
135778
593279
18447
398395
412755
905637
517270
978943
136808
360122
615493
282603
473894
486473
899576
266861
498362
636549
64493
602311
564025
119979
210259
13629
190389
923135
884373
173019
270834
902653
114661
385014
953951
339725
975950
587087
401620
282277
708093
842505
126177
7550
271977
8766
809993
672392
237167
23264
722654
68672
525424
966428
422348
790530
775592
757340
419794
110671
791063
243131
707678
349351
208029
126071
883933
27078
437062
969733
830830
13755
126246
870105
497379
712055
307961
44984
98992
169277
746068
629572
967187
588952
914762
391963
645210
861535
633519
246937
335071
409581
318651
213619
838778
915510
961694
29087
861897
11123
121274
218083
963830
204067
144938
247216
396962
325731
390084
48599
936116
883835
638080
979671
636193
675189
288577
736566
890184
378819
587785
679081
589189
518941
509683
395525
260665
393272
967677
908446
687158
237574
168963
477309
865186
411000
29764
65227
258888
26946
588983
815573
985506
927654
634515
213707
862805
314826
413774
284513
518136
92618
334674
432385
594565
770104
402878
932954
215934
818128
189473
208244
979857
800699
681171
163598
13266
680102
728557
920042
798040
51756
373908
108226
257618
293735
704650
569415
473036
896131
764406
617177
700483
146603
972063
64370
705705
246573
59571
994185
496911
889516
343936
199114
670692
17736
191216
893601
256398
430959
533682
229055
619138
274702
423439
84975
224475
349344
60457
670713
711642
994686
438466
136395
785697
679734
474983
710707
141072
914330
599456
720576
530718
483141
701026
124509
606527
943970
821507
917172
790389
88036
454732
978330
393349
120253
684661
255386
780498
87248
112493
665236
884787
521112
221328
745274
378063
883653
532961
269597
18208
228294
10411
812346
899943
365404
265719
243308
72645
844948
523064
662448
131196
443611
236664
19448
988103
213085
944805
74555
174355
252646
929338
767214
79583
777982
57732
171079
707998
501234
407905
831235
94111
876125
532337
13126
479961
799636
832829
439009
323767
813733
484511
837754
852883
666217
993188
790526
171458
183041
67320
208884
734026
486916
265604
712983
256572
225240
742714
237178
407086
293583
767834
375718
51618
602868
339916
386377
872477
51217
660443
768612
657017
593871
826137
281660
470217
613566
860089
987178
794855
324946
704276
159035
889778
753514
897671
999670
716550
501812
154558
454059
143981
34869
808978
308986
26963
669753
82402
85384
27889
355066
75960
515822
367473
70661
784093
983602
89889
32604
730560
692121
349098
849869
616474
431812
552919
16718
900303
898078
354927
857484
326334
922507
435085
529242
547536
178257
773538
783459
20013
175805
674982
876437
858945
635452
12113
700585
682151
903158
889917
597957
945093
179496
370473
688003
121126
474392
129279
381934
163069
440841
454444
221799
358326
77059
233099
424553
567872
520528
289301
669910
262153
426594
379733
850918
821239
470338
698788
127534
369916
488848
282270
239569
896449
957630
842813
251166
734738
491618
800897
491094
106722
974094
937219
756573
265197
927784
60774
959298
644320
895157
498068
757348
692743
621385
646659
768420
278535
507161
720048
525173
522934
942866
26414
299299
857546
366178
986174
729931
460519
974301
364975
75579
554550
387955
593132
784887
40049
755466
60020
639504
886406
388874
448105
645092
110927
352136
636594
524967
320162
838347
119691
734776
590518
11580
228124
208874
937251
794462
844462
384115
796058
917186
621293
956881
651383
359183
87898
822179
608304
98631
389296
905413
219450
73683
712525
492860
210838
125264
236068
779610
954887
761868
62629
383915
860161
388011
382134
729160
936152
499699
49182
994978
807965
546579
128718
285715
489436
525918
759508
21689
311882
158467
143415
909946
112862
872686
416139
388250
485880
761839
27140
352848
8164
567272
605946
353052
262088
65717
570145
692178
296928
946236
937273
539937
273698
617491
379672
826671
118633
358713
367091
342472
324544
465661
462441
46264
89459
462640
533405
941873
132069
262344
516142
198562
866812
79396
858644
984101
437049
329339
161551
463265
321105
632550
384636
484927
702413
525670
963914
433601
11374
275523
949435
495739
5875
158645
852957
72293
795991
924047
346543
182023
674574
846359
303560
985512
419275
573745
863838
208827
292843
832904
282132
547408
762625
484010
93253
437550
574791
96496
674328
352372
244179
82202
55753
356031
843961
345715
423182
663700
453583
399695
732037
501693
809102
163050
165945
786416
655114
528184
302993
818078
968053
629981
515069
58697
134415
34202
354375
981772
592745
979637
701149
752124
438941
366633
412391
148912
610612
172521
464188
878870
689923
90405
774502
215995
909482
105477
902106
510256
956448
646438
983113
960410
593263
401968
610762
704363
139643
511381
676728
14202
73488
848774
139919
66154
318794
171263
224055
628904
942707
475620
361602
111554
232898
952372
907023
457215
534082
320243
108486
835950
998585
671580
845819
808849
944349
293528
24025
464088
476538
898363
878840
869778
563003
570043
780855
532428
395357
259925
881393
399514
961725
890721
15358
915748
423119
355912
515144
505932
804995
784046
613587
334380
76709
86099
738830
290062
808650
189271
834996
618674
353088
89232
77010
215479
766762
885098
733933
414896
604735
200858
668149
377340
501432
577040
896566
529713
11127
506296
175613
969613
496958
947562
828757
935462
401810
109554
239884
796109
12597
436277
451128
309307
2824
206569
887074
610588
5608
888211
878766
598738
314791
722676
818011
986285
846992
950477
162431
417260
560157
59860
658618
321788
970943
431611
111805
178335
687671
720988
18702
79278
645013
570532
206054
729833
890227
624849
506671
14176
853449
954229
356729
462803
494951
843416
267075
235794
416959
417709
683151
805598
234173
196130
21009
860469
748720
923661
489649
298551
350418
801456
426353
468631
417528
562122
100210
422743
53011
656223
956441
409086
691656
288239
204968
795995
697846
5301
836380
966611
983543
607261
822578
557677
681377
151519
583262
727219
516944
670426
311760
1797
954779
585621
81530
279093
192548
308291
375248
408146
302371
845387
533353
837320
948740
120551
107435
68122
5396
283062
354888
974151
671514
417651
52813
713547
356559
788351
572559
602144
804908
603275
814557
305938
86197
663875
999128
972759
601635
451775
716590
29231
294793
984788
76611
210132
592236
873447
585480
87975
910440
491571
242818
918155
89468
196288
422878
106252
656073
822732
900377
419472
272145
867308
244107
929107
81816
132931
575434
309291
642101
652438
673737
217227
318767
332881
849381
748242
369277
663337
884802
337796
132936
989980
562407
883224
784062
515767
536338
530620
623293
247387
510425
99567
538998
66121
216653
117312
244048
37750
572667
239680
166687
771754
799267
63156
354695
572004
811297
583489
713208
35609
624146
652983
243554
405310
816734
259275
122984
454638
827142
351169
375417
159357
588285
109769
698765
492801
147928
66215
955873
845385
176492
40500
469141
709598
116137
640888
333136
869626
439639
645406
394977
70831
585713
24369
199797
661654
464378
358348
720598
54057
182209
784469
157363
553824
417826
115298
591113
818467
116993
541346
645486
799038
323593
704144
953119
444097
954239
35132
949325
330305
809949
1941
562413
283969
484940
693265
60194
78299
960479
739533
261637
991257
729563
189652
594794
587613
973049
322180
394756
24615
328548
673626
965384
400526
92868
949967
250531
742676
838207
296231
21658
819247
752611
374263
107241
209807
116143
345847
122941
985855
870751
327340
430718
531878
115559
599007
397905
593275
419455
816352
6640
862896
395755
329540
103415
928110
67953
251162
568700
265230
865677
355907
389796
967022
839613
498077
460558
445598
740513
318157
387683
672214
807623
385818
529655
364288
459819
394125
451890
354675
550351
797225
327478
825922
109636
223596
642598
50897
655093
969493
17013
307497
795734
76036
154144
256243
320354
16839
534184
655802
23002
917386
184723
37767
957659
315389
300480
517598
419448
353335
98816
696932
636910
632232
786525
896424
783974
519171
214768
251325
924868
366160
646065
708713
796968
133995
896314
92844
436972
926073
521316
664560
420906
959633
925917
9542
797372
294734
865203
856492
549893
718885
205712
322913
630197
267207
919766
590919
623725
911842
809683
729317
616837
338749
296669
436681
819637
610311
801197
547898
507266
341823
343324
189441
485878
229924
790226
374230
572373
573500
256760
409287
283559
322628
103411
221725
876374
992860
983839
182813
301282
917076
501826
162424
362544
814204
385698
430793
795256
35699
485591
683872
724512
182531
809545
208783
217875
9079
848185
856685
9021
828841
643100
501122
55166
395812
90755
586208
355200
118392
99364
861611
331602
743865
849078
764488
776856
698669
320044
742516
994942
930562
265951
635599
646323
136233
644501
265438
377015
397868
267433
925674
852875
15325
641650
503196
941426
212312
108841
784802
541368
127919
549579
475167
314117
896796
860974
409485
408220
156704
738260
717491
767614
696531
923888
201862
544941
737960
110634
432306
608011
96067
764203
168988
678549
316461
592623
70462
164553
909787
907696
387409
196244
600994
109982
612006
570726
290987
222544
250349
691559
294980
638319
243870
519783
665322
740628
953963
121154
185293
82942
149131
915445
434282
754158
555248
51782
501986
652680
887565
407307
900607
337739
417997
556435
752768
250288
109549
931221
951383
5000
460534
604784
400959
268376
419361
678503
65641
856545
199861
331567
867229
972241
146303
530723
677081
519247
846246
910574
338843
405092
351297
247205
680929
30305
955702
284965
828614
184693
328074
855455
114295
823738
7556
976006
114800
821515
12796
81574
751261
502952
418897
275899
750409
816070
83070
700684
510596
71898
166742
961754
975706
208003
139532
518789
603456
209616
393008
275676
496280
32025
420326
749730
158414
120789
244609
63775
300729
517896
13200
543803
667929
802487
325082
172898
769059
57278
118167
396550
273348
13096
163266
501310
721494
738906
440583
956525
289316
649859
749680
68887
20277
679328
105671
986820
580129
398107
618017
698392
170328
782159
218121
666327
750589
922798
931257
710199
327822
206196
435965
152686
982243
129429
655184
675018
733103
984382
316665
572238
26103
860919
200014
392213
293914
227422
883710
551282
399158
515277
381981
63969
224155
124837
280613
171399
923951
192354
356280
56360
671762
354245
477229
490317
422674
774002
940608
695089
453414
74816
435915
78588
5131
651782
537237
117347
314592
844579
135995
942313
39859
859500
807478
21374
720458
969745
384732
267036
211058
234737
982742
818700
965767
345284
394124
759171
309969
306793
47074
97706
264904
913466
576402
621810
177380
762910
988763
309643
894562
973973
337987
802441
663403
304792
948917
654891
519525
961710
679052
628287
779984
464053
763942
598659
144407
992933
733355
479713
827476
381021
806100
170955
927595
630145
529775
423511
539824
586334
236750
846127
787520
691615
233005
57947
713234
848246
387714
851601
102224
645617
615314
48708
173399
590867
664540
376169
671387
12631
19648
532472
118033
342802
698839
583379
42447
329236
225777
351353
830964
880203
910458
779707
651232
163270
95522
225412
859604
862071
696071
201484
726961
104701
371583
858085
639103
887558
336636
532806
917027
930409
386137
834820
169739
559153
638838
270933
270450
533975
894462
627436
757189
68624
929504
549602
512819
853666
631639
167813
439486
744675
779110
523335
803569
626527
320972
261348
21249
358225
486453
251757
536030
656399
320341
231586
840714
893428
620199
769136
457732
740708
517328
513535
129416
463950
48347
573779
370433
316728
145185
779452
104064
351915
843268
150463
274798
148868
223724
265917
334140
763172
34314
785983
997047
273049
133972
504248
954698
887286
201323
697286
826035
37741
390277
131618
248979
91127
885286
843881
263450
661259
59164
418983
171537
763161
560661
393216
814643
497946
579612
302117
656336
561782
640069
221004
784913
312951
313410
782109
370024
930736
821827
756087
424736
328562
559144
915120
133355
552157
874836
993458
372065
822233
527978
682714
927255
635196
778727
999874
618816
993001
604408
802845
466766
154611
955474
788818
655952
120820
567812
795473
74366
96702
535409
448529
239343
230903
711533
929856
403991
931552
825349
92297
732599
592031
697284
868571
520828
939386
22419
7346
97883
929407
946443
706614
381692
938664
157642
128962
475337
527836
700251
855823
635538
442325
735662
984464
393033
163816
831799
879287
955630
828159
605705
923472
673842
808736
733940
677762
492172
353372
501264
999267
720309
931119
61091
878014
143282
359113
904513
328564
122786
171057
937196
888897
229543
734451
915342
206481
3814
625640
300143
2217
713523
944544
192546
744002
289309
714071
831132
129852
642626
737088
799488
391863
603319
931501
467460
789227
383997
203755
252576
694350
434279
638782
193395
792115
594553
39571
824793
928562
671996
797296
173364
16772
19077
937618
864060
949880
303411
471701
795626
696251
817800
780814
316581
617977
984642
790652
261537
295946
763806
511306
770089
999549
907806
333215
962156
165173
684595
555624
505509
724046
854916
287142
229836
270547
358130
692654
738593
777818
839072
313046
795829
560402
319064
441613
3946
145079
632870
12252
58904
63344
580664
324356
936963
419877
680386
614547
208960
998255
68587
225591
748085
927908
822713
219728
257984
277285
273063
376327
199674
94381
41108
914546
480455
557144
607071
556106
621892
665612
609603
628568
75286
15267
271118
248207
124678
199692
991079
181078
48535
923068
627900
762626
826984
82076
300588
519946
985829
847991
440804
653031
85488
246319
837814
370224
562296
596458
449981
360238
467049
614249
712558
200624
242506
280857
364156
755671
767840
14070
384518
123678
828436
677896
619200
189432
857053
34862
421500
385534
147099
687734
979192
158410
530529
38091
296603
588987
511999
489151
883920
670068
182516
244976
517677
723580
314386
736297
728102
334712
96119
22044
884449
701337
795466
686567
103268
262192
460436
76847
733596
488643
481259
942498
555546
921959
498802
289267
79628
809915
659125
782433
879788
391320
658535
888727
426576
578860
368313
325496
210250
438005
156438
664764
743569
563175
318755
108973
128869
394815
250067
566860
104974
370002
882156
531652
345072
638748
345851
154834
780601
856491
382209
63175
503788
756839
462412
32182
685192
404050
457474
707144
166976
111528
780337
184717
586909
911840
486033
816172
602830
753041
86660
272387
794934
289252
689719
118508
629914
615661
97363
51627
154136
549982
9389
581696
421327
445775
265032
762264
152154
786472
773109
415996
769560
856008
267048
958622
28929
705826
101824
345995
805961
28856
789438
146197
517055
118384
696963
976473
282345
232405
136143
762905
132050
790152
290770
573004
582344
865742
560928
492480
871690
703075
630923
798403
224387
105481
562858
466313
866788
137322
736806
935730
291347
647971
353241
705888
527551
448913
492859
236728
117305
767541
873082
101522
469273
54917
936813
412688
31647
603134
688329
909803
807551
235952
353702
763871
512655
850484
552182
61150
382963
587185
922741
925561
867156
536726
116025
828488
364602
774792
353789
491885
209427
901662
313426
938592
145356
225691
614394
244841
732547
147190
446957
257681
618688
14606
76510
676004
482908
823449
342321
370007
930182
877733
540790
172174
238557
114459
617755
681436
843885
831569
311661
581967
790145
620989
844287
585131
96057
445320
685318
46876
234872
249637
428306
576612
311225
933288
647739
924622
932584
789050
929415
987201
907590
29106
669321
274207
720582
220815
855575
777613
673358
734233
812372
83063
639461
405651
653191
190637
48287
255707
580529
409332
536919
52675
273190
403068
973851
959845
176404
605013
956334
786101
173927
464180
456427
114204
905716
618801
846068
271885
502204
492747
379152
723033
293862
153232
530256
393960
855119
132447
601858
580407
973019
765547
760591
374609
562994
846515
862353
768619
327513
154199
806636
658772
888205
532162
829326
278062
859652
662661
911716
829755
843442
649592
804624
907720
765484
68364
489332
251155
426434
892498
507082
566657
268868
37009
393535
403502
454208
545848
383681
165439
193278
160501
985980
502804
587888
279616
860359
438038
490762
620494
897688
263974
350654
713941
539274
974280
686250
106304
840292
910219
821374
731842
468555
439306
400971
51912
758154
924295
110349
959452
638207
142663
729119
215038
675124
197021
811924
687299
320209
183539
552265
106876
977025
904939
316224
322425
798734
23683
457838
12781
664092
565964
547674
895110
459027
563972
541943
363369
940064
270243
891706
493138
333171
672292
613149
515737
596666
660770
701827
440991
500302
853426
656781
532525
860927
289651
820580
124101
400811
191195
697416
13025
366213
646957
200640
462973
441442
945500
784942
64284
849351
413850
571482
713913
846180
539351
259130
42146
632772
788307
387037
494865
956388
822359
275801
493675
922817
299858
993281
916089
641855
537874
811792
358426
132187
889158
298298
658410
808527
915648
103840
262544
263015
318374
590162
981174
945568
27980
580984
627329
952753
699368
179219
246773
8130
544425
125161
288378
577633
631124
608726
148332
714685
466838
148156
897948
671072
997869
579373
37294
232567
700825
562423
339099
597507
271692
13649
957105
478546
667541
532619
839103
747594
920932
932301
969327
563292
949048
220166
672479
485104
2531
543746
108398
300596
12362
19511
590874
634849
628576
453711
203906
520908
415242
492633
698546
984841
40485
444387
154353
416325
713221
289745
572253
924880
413514
970552
817956
840740
152160
217921
92602
259129
445367
722691
328959
719698
171690
548193
509948
51675
92473
983242
890345
69124
169467
522350
250295
127962
255244
247596
266989
117758
873717
272856
992469
566489
9972
705445
495136
37438
369158
472003
212113
376224
504230
350168
810301
567588
422875
484345
103031
4991
948783
714976
752199
967749
708277
907884
619407
844982
975636
93695
179426
483890
905158
839776
465247
432681
394573
790060
439561
536015
430579
568752
216620
3717
500840
623417
409466
640288
165290
428042
14424
547223
556329
327547
355820
718409
147557
376833
507045
604158
300627
238866
872531
882422
836563
649193
49667
84859
649282
47075
388769
885749
497269
331819
829042
210696
33711
977499
143222
916760
700517
189646
991671
333516
680492
204881
282098
124991
884135
980584
281440
430671
626870
475474
522416
165191
224485
799651
303399
102814
320795
613177
117314
968851
929808
601886
430302
388795
997126
19559
305213
288593
987637
273733
640764
631246
248676
364504
849731
759149
791565
698339
751407
56635
34999
432885
611179
851626
677317
655927
315203
586395
387134
550653
256659
261278
127496
191271
284795
179253
33567
838822
597028
641688
970088
844298
184146
974300
529975
10674
903441
699085
476539
346901
262880
20991
805031
880904
13188
154938
371740
174374
681542
459728
462270
334961
692707
87564
268944
44403
604035
492817
417829
107663
213799
491705
821512
717380
572922
706313
861647
730189
234728
742732
590741
330991
791234
152965
849911
463697
91968
561792
745383
912425
129924
975716
340281
234767
334021
591017
707081
734586
842876
770866
156526
113954
161257
24357
626288
215350
523495
393076
338695
688773
330715
840677
688862
539806
710344
885021
497272
944385
697103
147747
728787
197477
729506
980953
706731
807624
941352
426308
163027
54934
67024
496934
549393
636457
11415
339759
852859
723800
638203
849252
539008
740455
936823
446832
73031
721012
196858
71803
422874
940070
369157
529793
812908
433016
927125
293427
505269
524627
830356
841976
930442
144047
131151
489221
508772
363500
533714
136865
381328
823445
180103
332646
684825
400902
399046
117009
900864
48632
418838
234680
789477
840335
45309
475366
360136
184097
573464
631294
220890
977559
112538
305967
151386
451064
258350
436812
376920
200183
726045
344581
743470
456072
833725
591997
799703
910450
740599
495309
346424
473468
614764
173425
582591
640323
493925
806898
682585
972269
183327
874759
573498
389131
223636
946395
456771
811942
525088
370583
991963
3234
639423
705002
794301
52043
262359
456531
131029
374121
399982
598394
695559
293218
724543
260390
306719
884928
921655
777779
281240
109033
122353
985708
929770
262472
650776
959552
566942
35613
301458
845256
905125
825742
11703
391700
136997
263886
326098
45107
651264
175171
575914
378580
180158
911750
917911
238490
724146
605381
50562
569389
244292
244134
509666
676636
899593
694248
905968
684984
463225
971986
156971
906145
628532
503566
241984
590851
166147
827982
212698
388627
761419
75361
503160
822871
39513
95303
439105
839243
916379
765249
102660
437852
238688
648671
889704
467909
713736
465785
51068
375185
645131
614319
864452
988752
311950
988496
350827
875482
535650
533871
74590
709589
261543
598795
387105
803803
670243
870676
440540
250873
123700
109692
130995
718687
998545
80971
877201
461918
2057
635575
30575
140962
236714
534743
875806
999366
851884
432877
233802
546174
739743
874279
761415
129061
897865
138937
378510
896475
735639
198231
339367
459124
390488
480523
329511
925148
331350
637313
413134
78887
75541
87152
864798
248182
108804
812545
326291
693530
690495
292934
970768
536265
195172
744955
20255
422728
233985
952537
982476
387442
595451
149316
727449
195299
294695
231140
935169
446877
220281
120656
248552
327373
266153
775208
124913
973798
205849
470986
23246
746466
41381
563
580536
524365
805428
810666
709622
348003
3386
957838
203860
106448
851647
155669
961331
862144
290231
352440
466762
796839
833664
504857
61609
805913
155695
497794
71207
865192
875525
477789
460851
287127
223918
136421
319724
965099
383027
665203
265742
609820
514588
427586
939210
440148
992636
594734
340973
123459
610514
429300
574687
385292
552876
789656
937866
948800
715876
78884
900150
305265
409163
680515
227298
766307
805238
502223
344378
646904
645644
654490
916105
853316
387920
167673
378599
524833
84574
321091
69796
777437
668141
448682
687298
766426
132854
307898
546824
907649
104078
810608
741350
650399
958526
984000
262630
923421
233703
800955
685334
278573
685797
749268
229141
261939
882080
16468
423943
241540
851305
150455
521059
884522
356933
387379
677933
866308
647061
441091
46122
788684
86083
390440
4871
184492
67336
773970
929742
392932
406147
55313
520727
239710
659146
174014
891732
614219
899584
148489
757327
616543
648478
653322
434748
940458
575713
202873
896087
355668
799383
840472
755109
973160
165655
203105
396454
725963
350582
704260
632086
223812
52419
286567
411767
215144
927664
6971
878295
806020
745020
864802
210872
398011
123818
647479
834018
691209
342270
912640
636517
433812
950183
271340
674688
873470
54240
490469
520131
85093
60157
357659
866848
687398
406124
973429
344496
940339
400277
14921
769740
343718
259547
925367
23626
627138
866282
201711
471517
441200
898419
690614
639976
725435
306450
162873
753361
672645
211301
211188
453419
169264
201673
638883
484247
909964
182144
75473
313222
430114
618351
958044
919570
517918
901586
371594
416527
845330
509136
919832
377708
104842
705358
239977
280723
487731
67280
458232
398924
805215
459025
147644
508074
375048
924195
202384
747958
793580
259318
527943
31988
93757
477129
27169
942246
732710
287677
189788
326511
197538
159491
788149
815677
48959
186674
689510
749327
485995
74406
972937
359584
454781
809713
987385
958171
302922
807389
859279
921525
386431
782998
504764
805381
96503
817772
398083
549790
284249
168674
468389
105540
866876
71016
266946
841795
631592
47023
217734
899282
179622
586388
745713
84342
14392
468322
883906
191376
920667
563596
891158
161982
244568
581310
990168
765917
496853
342895
639437
135192
159196
529951
720061
257042
604529
654847
892316
361371
465470
676722
576818
665941
452462
845851
191138
771278
977645
189291
495148
845200
882554
96557
757309
810641
862971
241453
896444
697806
30507
127023
887549
702617
708146
818756
9125
432642
731983
391295
938669
719783
672496
143515
706108
779854
410636
800779
918635
394339
631326
125502
39365
853191
527370
262716
142950
936986
205896
776795
792269
29688
263337
419013
467619
682716
455935
603349
136542
915062
186082
642674
990997
427996
272309
847491
754666
469169
529307
306179
10593
442493
576050
31328
989840
620277
168739
877022
266723
163678
174023
877297
686394
138214
283274
113138
917467
413265
868062
45865
210897
33428
284431
91776
728265
51118
44016
834293
145774
53931
328871
669891
41314
392594
800867
548719
531472
107449
198894
756488
175120
266200
206089
365671
18131
901273
405029
746360
414111
234986
603596
448139
380959
106686
112438
844640
923817
614385
364787
312963
457051
841725
159162
552701
558987
98836
789345
130603
882448
741334
143302
342012
952841
137357
896692
595762
341877
951157
854731
863700
434381
960142
799373
34308
619939
983258
989916
555246
364311
3583
160818
895666
267840
799649
650904
885814
448436
985466
862678
681164
610037
993528
755619
107192
154031
777118
272104
209482
328199
32060
984482
10678
390961
897627
574761
601771
760668
86720
913437
748876
270631
527214
376038
4975
353672
346676
403681
600266
999978
595077
895895
533325
74096
334219
329913
911686
124800
790957
239924
268926
302080
33624
579375
959406
677074
710332
434057
734031
789651
698088
949172
994405
861663
963891
338321
813133
206994
535907
59093
403426
428401
271777
599262
815916
617888
696919
428611
48477
477581
640887
660249
128038
960076
311679
656352
38844
912314
530394
62830
823338
977262
210090
979485
738620
670885
232540
783180
595690
893742
72792
994613
238771
749692
53813
946237
466273
93180
333986
141670
933187
661861
693955
645815
878947
798687
481785
517595
950717
245517
643617
121774
207525
963758
100197
846469
434101
538713
927910
917312
594539
315089
326737
602802
2417
829737
38040
191990
878292
728037
465908
635464
559817
472346
630860
929451
62518
696400
483163
365
852091
513855
350936
75255
943333
88243
977369
991007
249139
133648
126522
899759
304514
740515
776286
921364
825198
92959
864275
154735
864257
744402
783318
234447
421004
514259
171666
202515
426817
714367
858068
330989
413946
168675
130780
254229
523109
698049
998379
314270
751760
498669
808672
810753
228435
419288
157261
948151
313254
89761
394321
201205
131938
365976
562420
423041
463867
804190
327314
753124
804723
789548
916498
670656
562528
470035
205207
491103
527777
616937
80912
324417
312555
876102
426605
979446
777508
786497
492918
544054
212872
488758
686549
200747
144000
707555
13507
123186
430057
640557
51379
113444
597655
508502
147330
923668
560780
625889
765177
256601
766366
228210
500424
178800
566330
963956
945273
145698
441571
630169
263424
445349
662156
980308
64201
11038
363626
349684
630802
525297
179401
437657
811596
44972
459702
602102
228248
553753
174648
413333
63474
522341
975217
24688
630626
741728
132642
672132
825798
633313
495419
80191
853371
292617
883799
621285
151300
332291
383621
13069
586358
411006
40130
491306
478730
714787
9167
119100
633592
877377
76789
185088
788672
252958
215425
344662
589916
811968
978372
215926
975049
899635
675354
300296
108816
25112
367023
585149
53717
133131
458838
995703
214269
409568
560813
809837
760790
212280
784162
882882
597625
679509
101094
801099
542926
72462
574381
943066
121922
376434
876680
471158
250275
852101
377379
584281
72433
338436
203011
558744
473291
765299
309033
120988
839219
633657
916909
323151
95967
365117
434940
28848
625636
272085
709254
459296
788355
460683
927667
934286
463114
262312
780574
203837
337569
61579
538023
723679
718289
797716
847573
531605
5488
754552
383900
234426
244464
401253
992640
438811
997858
633258
586021
576715
639315
341453
491101
404029
959002
704244
218542
123147
372766
8597
39550
552194
344148
91024
276108
77851
795661
652030
63637
480697
293728
14352
215607
439508
446143
610154
969477
764941
496824
137476
59127
363201
641434
556701
194862
978299
893495
225754
715400
656058
833142
648491
19174
323881
579452
616035
548870
157624
416094
316026
144219
812860
965443
170226
832430
437162
828128
443801
672441
900359
958914
352164
212576
37477
140227
507476
814151
472929
198037
652142
402365
88347
785358
93930
345025
719937
375092
575915
105855
75547
386880
14727
158193
122167
224513
294226
823933
180981
848505
553931
7806
167742
224367
224408
139476
711906
156214
439606
250867
861033
601405
619453
879863
849313
201374
906789
868698
481575
728126
136288
292532
553267
425085
413161
864480
836758
405063
264407
421232
136035
314922
497409
995870
122682
443059
890331
782067
444305
803029
631584
71873
880520
94714
384091
382996
272576
705496
184101
50546
678654
621365
973494
119741
374314
438649
726900
61564
539910
297794
669243
330743
319451
846066
323995
619798
713276
922341
454428
246065
15139
813813
503796
971113
650476
831237
247583
362228
937613
762368
891001
578595
362693
979847
637833
177044
288635
601671
571208
905575
18815
943500
364909
476018
947693
55577
616582
716002
740694
447165
81846
963341
783493
130595
292764
968958
683948
119291
929060
879093
702655
353699
516586
406824
578993
584187
892070
668296
387324
585019
669140
708958
842550
25396
877759
27504
608706
547528
472050
476381
627105
136944
839873
954495
499955
948711
24513
861307
386435
679216
260794
163640
794581
718510
75487
291470
420265
358062
495787
602912
346199
467447
154219
913220
11333
828244
554368
612541
612918
885456
962086
725869
648827
47253
937405
44735
51410
859795
222218
340161
507196
997214
548856
435434
885446
136211
255936
530776
480250
174115
453041
623583
904002
520840
779897
156399
20891
967412
289964
903741
340343
771031
22822
337674
560922
522847
381738
207124
397354
277179
642631
127641
813377
616883
743403
363517
341295
939059
343419
692826
872014
291558
302364
464995
957470
421231
468131
999933
974855
927375
845601
512709
981038
264202
619574
440300
733881
675073
966471
103818
262326
18519
897255
823500
907820
402772
951960
269631
590032
220039
413815
772091
991334
268569
891312
243930
714739
778878
123602
769633
124447
228160
672943
491990
209298
531488
157332
618234
870395
362106
403344
28813
274683
228385
573172
414772
960402
44603
439875
899429
730397
315540
131236
227050
708001
279610
832617
436680
116133
339066
518335
558325
817345
900723
462318
409529
356905
55710
500295
76117
111726
959371
195283
246627
571157
947515
902455
993629
336061
184419
237384
107766
546610
697174
583685
180988
25889
722396
584438
182498
283727
645827
85132
899163
39027
91688
353605
263812
25847
293568
250111
543755
678820
264447
333517
283675
620247
370050
218771
362966
391754
909908
245922
715181
814515
311852
608713
35319
217412
115869
578806
106512
20415
480148
728124
866620
744612
791549
970560
698770
57966
422605
179091
139085
578319
899629
853529
754344
138972
357859
365690
454000
689330
397486
18259
507414
385688
865060
717537
996715
437438
29660
688658
477771
301618
661615
661467
591777
769146
576709
293533
357988
803214
194759
584663
888031
664506
898404
984475
330598
47083
401312
937646
23237
783049
27559
711842
739109
990893
494206
132278
518558
348309
426558
714167
778466
350866
10731
20505
218791
856314
801427
36056
188352
566308
16795
398905
598415
476022
40369
21806
169951
705996
557777
462053
411106
853814
287671
418166
433942
15963
579874
252724
128226
735129
637066
337703
982461
630377
161485
260055
493591
383467
534933
98661
377713
971385
894092
445182
554775
616384
971594
546781
741449
523130
933804
808268
61793
596956
974667
316807
721615
944808
909893
396492
4769
737169
821934
365871
66560
564864
454592
883977
174495
354358
270161
446454
488744
536864
125633
561626
501541
737675
436734
943850
653274
223039
721075
873866
909583
885318
162622
766477
264129
172859
259133
513017
812540
388047
125301
926449
894986
181546
68324
626476
902147
294672
530973
977498
664626
792431
668970
463611
616696
821283
180111
113324
933545
984226
414210
199087
313695
873898
55410
182628
866615
70766
377524
833701
939032
729371
85688
41137
126021
220996
891753
191702
848713
932634
751318
256026
965976
784539
682517
515921
17623
419201
59899
981232
823871
743654
593288
187088
464607
480264
804901
577935
392482
715388
986110
475164
385703
181161
816218
91990
819642
401220
480094
221160
39414
99791
998144
537193
16400
913334
614959
666985
242765
10087
204088
560047
130047
957776
167952
577464
767488
130220
528401
726344
962619
395576
660918
465158
862028
735785
185681
207176
46480
273092
298061
301679
364989
857807
765293
895388
423074
920923
732657
673258
409747
12723
147400
383985
240313
174031
177963
579575
916134
521859
290625
261251
212030
759254
496303
413884
220575
334547
155919
757133
899932
191037
833488
599807
895749
407617
741139
416349
951814
973979
503970
401690
817810
887596
301391
77489
136486
240443
536050
234594
736846
985597
100638
87052
59227
258254
245843
641792
20661
8233
276990
925172
703498
767412
56786
651281
15067
38406
493075
236119
377898
917015
991616
766150
350959
113198
243917
101927
163399
226602
837386
3497
510705
468338
70693
179478
99362
543276
901101
639214
80070
216743
688750
814640
283027
953253
726423
770138
689727
868445
299765
760885
233340
226752
689901
657491
858892
743964
98421
319465
828427
902238
914335
526999
316130
759871
210477
663554
886873
490927
475841
598527
554891
876438
660691
324671
884198
428486
447859
456352
995161
249309
826951
325606
456848
527391
716151
729415
246012
496269
262277
897180
297110
803219
124189
416456
564422
309713
241541
920011
704342
232428
466408
188652
800917
582133
434548
452799
384294
825215
551791
27786
655169
821983
291353
70133
939497
398522
753838
971590
24160
531624
141845
916580
239889
329196
302433
628379
695398
127143
17955
831624
653258
754556
971526
161068
762408
534674
55986
852000
28522
832133
439290
370304
768775
950194
956727
318329
604844
462030
474417
586351
922364
119097
191451
462931
500973
587606
428967
508393
654628
155901
315281
145103
325113
499606
790816
976874
523127
521784
230095
415187
541329
42196
319924
260789
865635
715329
110819
633206
982998
974254
409978
778908
344134
185355
221018
408852
19208
695401
3378
939243
557380
81337
307019
717818
716646
237468
474777
783826
605077
321427
208861
556729
496923
313409
832757
601992
977053
487563
907857
914783
627092
599140
132699
723933
779553
690748
631332
862537
264445
165641
337174
858274
656946
306641
897867
699177
503487
383669
942120
868003
834915
636372
322037
792990
643899
36702
997610
681936
96158
850714
789133
70119
723601
708820
971835
17881
324831
513792
164674
939572
605918
37139
110039
417793
683638
78340
482000
626982
398660
684142
189794
822340
675914
193453
39300
387698
407567
828763
105128
193801
993725
360868
788298
993292
617661
64313
760237
961365
809236
92005
382607
13619
229296
158402
201625
989268
52382
121983
874000
818449
530644
388966
366808
285240
513741
942326
926316
857995
516089
326193
61303
151489
220589
78549
234089
674326
314711
408708
143750
844599
772604
787554
65000
675004
272196
73782
14766
588879
715313
727355
173866
113378
132602
189765
177990
654261
925720
82075
686151
680576
977887
115045
300022
116561
615680
796065
633297
844939
272898
886951
49781
303270
924776
11824
557446
769421
517041
745063
965950
824633
268561
808202
851566
832276
840484
914058
37101
426708
874280
750128
570116
880929
370356
433514
791844
554948
310919
475579
838651
375287
213165
475971
943373
403635
116813
735852
745309
672873
177386
131732
149015
549844
232610
298718
858564
240430
449718
994927
39266
624776
852241
365073
830474
553365
958081
373174
58395
295091
396160
213343
212810
936103
852798
987192
17444
109075
707442
67267
27921
203791
351541
4206
510255
987992
940371
666635
604424
911470
449713
886875
67404
461560
157836
783818
57955
635877
823252
339254
55088
34716
401890
256342
16880
498813
907153
34632
152080
672818
999908
989458
110381
958490
238763
47712
642119
546251
730157
821223
908896
106493
561925
260216
558041
998478
456979
756666
5513
773233
640926
479972
93984
600212
543077
343082
742183
221045
853762
175393
643462
937662
77250
424315
830020
828659
699081
49795
230354
284716
423002
813240
634154
962810
501010
643468
631894
504585
930638
71961
449849
724028
338497
217660
381264
568023
678883
747026
306960
146132
507188
866097
745507
298743
451751
499564
397050
150835
365411
301570
722592
568233
43253
471560
374551
308765
685078
825943
877060
31277
108614
993202
134255
387909
239354
434562
810756
352766
820913
899283
573081
980019
845398
832504
12917
482693
347587
953897
110566
241309
435875
987772
947471
644075
823387
561993
373269
46471
948774
303216
152141
582390
232469
958756
52331
730476
525382
135519
245266
546897
973704
998060
493732
620994
954774
874383
49461
317424
559476
988876
702409
734865
75967
748586
328134
217190
571190
971499
304766
471245
144116
56742
83177
27087
113207
614344
727932
55168
92514
285348
267484
503311
223717
105777
626663
520546
47391
976865
291385
948550
267613
317483
262974
86203
595940
312270
261733
473161
374655
141801
343049
781654
564045
459741
34448
494341
756800
641764
558229
653177
383102
375694
220168
930385
71196
725250
353134
593134
343467
187566
731481
706917
345486
98428
639899
476411
770517
81871
897998
319504
167713
5650
604212
638767
148643
26491
35471
664195
861685
851526
302624
191622
619870
450182
411839
471804
504300
513453
99937
549469
60358
209099
385013
883689
593859
166586
179236
399360
884630
889843
918199
82490
83835
908849
202305
273174
279626
563744
32309
918826
44097
270479
191688
533424
384854
321847
801734
844520
559608
262695
498845
100377
185695
267351
317903
798743
364890
292791
12293
869736
502227
468182
222273
948108
782493
105848
433549
820087
894296
122866
385705
307884
483271
942233
40069
310494
226879
265295
852608
437152
910027
783945
830665
519411
202375
283887
93305
476558
586690
535390
958495
926791
120498
484993
589589
698635
846940
927777
573402
772179
753938
271095
380558
826826
769518
380020
805134
510974
775807
600406
972144
743958
793410
979676
322592
561032
830543
988358
535152
678428
452169
636651
493400
290808
425581
428779
251114
602959
63123
500603
774647
493128
6737
674407
467936
260360
124662
191051
759787
153660
775967
299397
430667
989645
514046
389058
74504
124013
712299
473652
760600
333314
6087
558187
510232
854422
852385
632520
581261
927241
237177
731447
437853
319186
443205
531162
310263
819031
780227
114702
876341
323010
1028
526380
54343
397384
729163
979030
911816
678581
101730
883713
203202
861691
722287
682946
788038
348743
939234
514349
672325
190477
485043
714525
208032
720085
245245
439622
176330
225367
870625
802584
981052
260760
909935
682205
49617
386844
805144
393031
474639
24605
519088
688493
659196
907005
503350
40258
452241
971978
631416
154099
963960
489105
803089
580027
258110
133793
596728
597308
998337
59207
647414
322477
919162
993898
671798
766747
601283
382919
318749
749359
365017
498250
289773
575825
311224
659782
446227
495144
662067
770426
215917
525917
659485
405757
351313
27821
541606
743981
153899
138234
849539
700045
359521
690059
366904
137926
280061
116162
687179
31492
680171
822402
920289
423736
273940
250243
862109
490205
831800
115074
302537
974159
793987
573322
610809
463014
794136
47624
263976
888350
86964
237771
809343
648502
911052
478557
108498
94011
595723
906299
654545
382430
553183
853648
803849
507915
535075
238747
604019
207112
953382
477725
362070
600144
741856
854417
643705
163146
950670
851513
339072
992446
168364
116825
375594
982788
28270
406544
644892
724319
394142
529098
316869
179292
688077
75731
934447
865429
4323
671789
264609
874918
501137
470393
578473
642009
98638
104501
220432
449511
982472
180287
148768
35306
768817
935995
958654
747869
764599
281114
872917
798857
105648
526707
148806
525271
263921
180112
546309
756096
826432
696287
739643
615780
313584
982580
965782
701454
661359
952766
814889
296996
833222
929319
483332
208696
951662
349612
94877
864872
366040
201742
632934
291639
600872
825647
821150
386299
511370
449186
778546
993809
237640
486962
287660
1715
269483
169594
458145
469112
500866
976583
13253
459567
456204
815902
55772
157928
692281
799435
583905
854640
461873
486001
702554
675801
655085
713682
734117
845104
327914
935114
338181
545222
953400
719042
989527
545571
914889
116465
451099
806251
212320
691205
467368
470582
44725
502562
673803
567435
4538
836155
326168
640875
454780
633874
832751
945993
355235
549377
727409
464643
169005
36719
684314
28613
672816
889999
519554
616990
302163
132206
338897
264556
451616
642556
163661
856025
668156
922622
418255
253590
747941
496971
751726
380679
694712
837094
467338
943378
76712
788939
211568
799919
737128
580564
902928
541400
477215
92452
619272
669427
33192
538396
304647
272073
257338
909702
885599
220618
135070
847444
197931
272547
100979
848206
804800
203580
718865
258963
68893
757596
460070
483159
981317
831826
259082
947293
474524
451931
200995
381405
454285
896081
984238
381511
863698
417433
64707
307604
412608
257871
876768
966886
506218
607023
127827
383688
164196
586039
285699
374588
754998
566532
881912
523616
385105
737827
613982
489559
457619
332941
863735
734871
149822
655425
402662
550744
190285
865768
198758
400798
70535
718348
195115
154227
932317
618354
562931
119820
588631
109167
621808
447302
264801
812336
975659
392990
569071
987406
603256
560612
892168
147860
886753
911243
557334
522105
331043
811936
577963
986448
579799
856638
406750
690205
84959
973117
341093
779578
504292
310849
863442
531480
684712
508803
516908
309090
751999
382482
780347
39435
12393
635600
798042
18049
567621
865810
732483
19923
909554
284171
969690
987321
850893
21920
277064
423785
730417
955441
409397
380890
409748
897844
947828
628742
987815
929754
609110
885211
42833
634784
220806
986675
387853
340144
875430
547151
643577
813778
624206
999173
901099
507062
568076
296478
916163
352161
203146
378776
20188
399665
630951
627228
252419
245785
252342
470483
254140
205319
876772
397745
103964
271151
15468
802106
360079
550404
8932
908133
618938
849999
419813
809592
780572
422000
733185
386479
8569
269786
159044
420631
397719
345453
62695
628206
146307
372686
785821
349059
101265
290071
156238
527694
543900
982702
704517
182500
75531
853060
754287
955003
411650
298756
497688
144308
917125
585008
18063
441794
413176
778048
69904
783224
962965
144018
535317
445365
403304
135108
886119
850071
679726
450380
104487
179633
671612
448781
94892
98536
851893
823731
650163
267395
335479
376466
845127
965161
351268
231736
436520
431651
633764
215732
481079
265287
93597
216351
845297
92544
509076
315890
700522
986393
877540
764925
213952
231429
389292
392853
218831
196207
446970
335667
113925
723308
980804
638298
477519
461554
185824
644456
882484
928151
877557
434784
482046
812196
755428
358991
88907
439033
489746
265667
653875
894305
648226
840306
371653
663256
158174
587955
209883
198291
708096
321083
538653
85783
767851
103921
701126
430425
398636
989693
840692
152719
683608
507618
291879
697913
935083
668397
121801
654704
763793
146800
231937
833053
892899
575591
871521
683183
506605
450178
523276
284455
770695
428075
44255
394263
952133
433712
269224
118772
314883
118547
613802
478592
565635
697449
160139
443321
669384
846862
37460
692799
643434
447813
575379
8917
951996
375494
945552
392885
388307
565949
492609
208971
655652
297869
464141
471780
833112
817847
973799
234645
574260
454919
66238
775096
426123
699023
841371
825353
783383
517579
140748
249484
568379
351231
482761
353680
458198
448001
105669
490430
184185
836741
101509
648342
692215
256103
495650
820617
97367
522863
429856
694354
283663
138275
300285
543476
412319
538451
639327
622535
506030
368202
585101
216366
646981
8035
140622
779679
798434
119904
676418
794985
780527
709470
817764
806243
95040
333139
398173
727467
21159
982670
20135
289235
242476
134506
884155
483321
249567
714324
198323
488867
954228
676212
642649
543925
822860
946981
874878
987874
941748
135805
905830
322542
833577
857658
183127
967837
990606
974684
606233
283833
128911
592101
185551
300479
43371
558821
21564
513
78929
79421
384048
592660
846834
710455
981998
871892
242784
939438
270811
545501
874341
160548
645533
34192
30734
227168
477953
836401
20227
287620
467631
642832
102762
370523
955194
950024
893782
25692
499571
417665
715042
133626
489069
406107
5762
292572
351793
808128
666363
75352
527861
583001
619264
186678
926135
574582
366423
279537
168717
32014
545435
443571
263796
153148
570596
716130
698525
143747
767925
101910
355949
846836
116730
757528
231955
447395
354744
831836
444250
740326
571107
353585
846400
274687
270527
607201
477284
144673
637047
292081
786126
725333
170482
878917
386364
728386
31134
740929
523509
251468
616782
354584
657437
488122
537347
629092
171482
917721
529864
18533
337985
721546
888686
521761
923532
856253
415806
200227
864242
108327
813814
551854
420783
831560
614352
537852
470623
545539
996043
350483
938910
227791
389013
37217
807628
446438
972273
913666
131635
954704
385321
45486
322028
309522
33055
853511
754629
179448
90711
203607
36363
567299
982929
753520
110925
707450
927600
497750
350798
867249
104841
739300
809979
959303
682337
662770
423501
490781
787265
261864
676430
452194
162626
328104
619127
493831
768467
632572
44774
958405
931142
468251
714674
527873
415829
458119
243388
805046
652112
527589
435052
665712
207878
564432
851040
673812
720400
353061
595711
495726
462401
920129
174530
524275
56727
23437
617959
939596
915809
924427
520566
402225
387708
283197
69610
709234
83718
879282
334708
890639
786988
814399
863935
201916
568898
22090
196901
971097
667114
832141
379210
852682
878255
40243
586706
752471
229054
84178
759176
852329
24117
58010
499127
318604
749658
43786
88598
74644
610160
191636
199537
248670
5572
387264
934732
501374
549449
231972
561374
628434
874
470800
824804
698316
486906
219933
465748
851631
373140
389045
973786
911420
155261
639953
50280
146106
628293
458176
334261
297887
322610
678226
630339
366098
814458
216633
137259
526529
917437
423789
650888
214951
443472
290043
855754
483369
222376
421092
741435
4325
97288
650896
552152
973960
822464
411165
98912
183604
694046
106120
927216
985348
99844
21937
424631
497201
99056
931808
93336
424216
436783
884555
123239
612811
638339
547313
493702
822348
503711
811518
780352
134402
129395
377436
645808
931466
509316
499098
186175
388976
81288
252063
84920
291770
152220
155513
77465
860116
581420
911653
358242
75399
462358
437250
557516
75367
750149
2976
184602
246816
973629
28705
783599
965473
904239
570105
359447
46507
728983
172451
146539
460793
235130
452355
808892
455139
969140
447087
382499
852692
243246
948593
695823
197296
916391
785009
245730
57972
589410
638194
1988
777465
161790
816618
110045
1915
454941
803253
355779
337930
640506
951306
920072
164539
384305
849024
30084
841489
562090
785376
206589
983226
374375
862549
311046
305826
806199
168466
664359
535454
716438
863886
118762
506603
968684
906671
170107
54951
760201
430275
796374
453714
905801
138583
88670
249434
987162
255439
19616
988667
865807
104056
736121
461261
176823
682761
405691
320039
675586
743400
61330
284310
273238
919960
662505
158220
53800
412101
96952
300465
111771
807003
704904
958418
230614
873794
207481
106849
724
244003
303826
771037
474147
987862
93264
83645
552202
786502
67663
892041
789276
954998
119773
462828
495900
572841
590768
368916
420903
187046
122931
954627
480440
20541
130659
491434
905791
554454
555605
551339
410659
477903
885365
633183
41321
36465
625105
611074
891652
889170
166134
405170
122932
551009
977398
25857
374295
747654
146265
260758
203952
713601
366832
639813
320975
38697
527824
269804
395215
240514
598103
32280
302850
444386
673909
370073
709879
657700
332180
321706
128572
111144
941670
841748
330439
917645
332953
753035
406806
130404
481352
589139
457393
964170
740538
740282
857767
218882
757317
282496
842926
646738
864069
166845
192032
296593
955567
380235
968527
235679
823183
458473
574769
429558
956855
543247
523224
114230
600739
68342
325874
48390
618721
327962
296822
118272
808900
470180
829248
488913
506835
975893
710652
955075
180278
329522
852029
192133
121216
82288
941375
121057
911984
410778
734204
491150
364056
239103
622784
648802
550388
355492
98197
430669
129829
61849
791225
480567
348054
519855
609528
685360
487338
169696
733402
407519
142046
960555
49813
731389
769961
919067
972274
967145
943927
778342
863468
576722
14705
293803
233016
171572
842889
365580
910693
982059
293881
613550
298145
644155
503354
962736
606088
767008
31131
387129
326139
997235
716079
326082
892940
692272
740201
522062
371317
669421
16406
331869
760700
449541
64870
475349
655586
818041
152503
883916
981355
38579
911839
799908
842277
40433
58650
268287
303516
339815
38342
770880
200159
254396
291049
322869
946604
981864
598114
949411
253078
794955
389516
442692
706577
867367
116600
735585
280576
909896
624941
554972
626379
667996
95719
265397
797615
782484
307809
795118
522698
614515
235675
845701
48403
13002
173806
251360
326718
13825
881945
168118
985860
940851
775914
670946
187179
355892
541761
808416
872404
646317
570721
302262
232820
620402
283704
478834
302576
178992
422613
349201
836040
688497
496768
155368
130027
159636
152770
667020
955298
659602
334228
32917
581379
346235
719871
42651
894660
488085
251868
764093
335804
554266
963025
12998
838351
879388
622638
741573
494745
822185
142528
673736
201665
742040
916571
768012
894165
855157
760804
172586
299325
804398
758393
233112
746323
174172
838891
331879
430951
470488
886378
881960
853924
404297
983091
62092
976624
364903
437269
423305
492616
288182
917016
737417
934297
729533
906783
700685
708572
377914
833418
984052
226072
139660
788982
806846
460383
324691
254032
753830
564689
74438
499629
210732
538929
407012
195784
28382
458072
396793
509170
923797
177750
780552
70638
212383
881037
460952
444725
121696
936942
317510
981220
972360
137470
577969
992861
544311
244085
84632
788518
815146
799075
579134
943042
429323
835218
25126
363012
875727
856096
522752
245261
960168
986296
893166
170294
713637
228942
167886
914317
588610
429630
717049
898157
36027
909040
216371
180345
250670
473713
738884
273532
218880
14140
876212
284678
899300
712343
771045
22639
446794
964230
319277
143089
364837
511365
187157
969287
50694
696472
696946
424514
590062
480597
784
394151
696650
675209
786786
969090
926866
637923
439954
531927
194031
385351
864333
163170
875710
432781
843967
783153
357705
151694
751403
730692
76327
260328
958798
837472
524417
735633
656817
18008
643309
35777
971600
431270
589218
396524
706273
818400
839105
377247
299090
147616
821456
629082
164756
916220
396024
213529
177786
884670
260235
986828
678532
514852
938704
922554
684926
509418
505273
917751
632769
665895
827585
831453
324279
886728
712795
641528
172239
203321
621860
317617
496641
294093
25728
754805
315485
474778
340639
458122
236477
93480
15340
150026
541107
508823
928304
188470
887567
343536
174294
782352
22288
203966
764091
194906
352243
104190
359489
786896
16119
960615
390446
86364
702226
584093
486402
653847
979699
863354
234710
614562
692436
53775
415299
449542
101129
126590
86603
973118
382510
518585
620576
367542
99910
56651
339866
564576
289833
918591
826233
720564
593481
460712
573526
29162
564389
53843
356983
567261
835394
676161
271442
157274
435611
297306
413983
35901
612671
116007
417630
648898
209722
38872
631131
76645
285122
565220
559664
750994
759863
824841
605292
393766
341592
455148
130610
335403
11606
372770
146399
278048
110508
317679
80875
268052
56049
375829
179830
696729
712743
461027
425148
987456
809626
172729
228
369223
93472
910835
915547
548878
227767
297595
934928
913749
874142
917726
930577
623493
947966
873345
302268
623637
593205
848410
921042
577933
169990
401778
80458
741994
925802
374292
737450
169385
231548
995300
288845
290237
288747
589508
607378
271484
642870
75751
457827
219229
927888
386802
674514
868586
74640
177861
103641
411982
756935
187023
274778
891048
495266
648385
465421
775703
171995
301714
345476
552819
325738
58069
629664
536177
824489
772579
133876
865467
252947
111234
113575
816306
981118
575943
525648
265993
808209
205992
255222
911699
194381
215555
325204
520647
713803
207454
142098
952430
695212
938831
580679
451753
194371
823226
47203
705576
147322
807505
525363
800800
526969
660745
749012
35240
263838
171165
498072
889505
651472
208017
802445
246804
904818
797408
42535
715244
200453
253278
600905
905568
845955
704117
841892
994562
592420
916432
480771
544930
971059
220304
138967
593237
41187
334760
662577
979418
242268
87654
603624
295942
311613
835239
535774
492314
372959
752369
832280
606000
852372
480053
288316
901237
446422
448272
542249
15616
57778
273251
221677
715571
825059
214967
208258
127936
783575
837334
793972
102983
423745
967991
421894
946008
631539
594588
746417
360880
623235
458437
501020
268653
429343
685822
260710
649123
884651
348473
409476
62927
556812
842812
701947
942424
332579
597647
986712
26024
589279
143471
445146
388092
929870
3456
407154
547729
474078
508252
770393
977976
588875
974768
174315
729081
34117
364192
937365
205330
860943
810927
748065
159653
855636
552527
590302
347792
229038
107532
206879
960599
538368
986754
440233
407148
566107
474306
585163
532824
347143
502540
358523
553195
716251
274914
871724
790068
517492
176630
801417
91267
471110
559342
484104
993789
970390
574119
792348
154198
303432
54741
605267
52990
226254
315603
592228
659169
863575
803689
209075
408254
592185
228261
452649
913406
939757
744548
63687
271680
244905
471927
439907
625067
149546
367226
272596
890597
931350
111211
939112
290624
490643
447470
103989
664723
352929
748198
77806
505300
58748
154710
859172
938358
441712
363152
748342
331352
467764
652658
736959
66766
628438
749668
451055
308743
45377
270987
125622
69559
352909
516056
59457
630877
55300
15555
733540
530178
866773
140803
240540
913354
530806
733632
24040
387362
502260
391420
168497
899873
176449
12893
526270
266894
719725
367846
285890
106379
732816
222717
718880
410144
661557
446610
722904
984973
141786
283094
63208
698543
753103
223223
363557
971631
194372
127950
372133
736292
481823
76420
507641
399850
863294
822801
78922
334707
519612
39191
387937
9166
797177
712648
167916
664957
15714
169351
310864
877070
803347
294909
808805
727492
115997
387044
560517
30739
509796
752717
664440
207573
147283
36806
83819
246119
731564
707739
141790
138249
367414
156612
986740
4232
619710
851223
77308
247661
893699
494970
61255
381766
812601
692853
214413
689392
475216
586916
708913
135737
329805
785162
813459
829296
830147
747548
799526
215187
810370
263168
626935
466412
363345
665325
405172
357454
968727
233950
348682
316148
129329
620041
950936
799303
81294
400164
986444
589341
127522
560979
645164
333721
134168
442246
226561
285860
148836
744263
768036
995624
929065
493370
382825
467717
412918
710447
169011
943781
365744
335579
391334
583541
682166
986045
714384
955985
842057
242134
959719
92461
949369
910833
185075
122856
393619
297107
329550
806271
474199
907441
892872
656355
144888
600155
531790
911996
723698
637566
565750
222399
875243
303430
374929
848652
355507
409455
14383
127146
739686
630528
305082
384345
231766
480362
484523
898860
225881
693549
176479
798644
458869
206913
768621
768088
301234
487696
782448
536328
327133
884767
535950
790299
84373
263252
851609
100166
388227
722692
424708
456056
525245
986206
901298
836200
988369
801115
871847
622983
142613
206120
116909
122663
385409
571056
675265
297533
70245
633124
708240
256184
393602
625595
72346
779606
33700
17120
359476
994485
823965
647509
528879
996498
324903
745231
944799
534785
204096
690438
447745
205583
425029
873639
24959
761479
90861
119953
271163
399937
548216
423184
461689
315771
191854
158419
787967
930126
196517
682555
428409
7421
859693
301013
215467
936363
392511
555817
806119
515497
902154
781375
362637
998178
925171
781895
952152
312671
728083
759192
174030
313626
468772
37413
318246
479681
309904
356978
371437
785638
878992
267029
901374
693380
650250
723507
342009
728964
386315
448662
547655
896398
653685
562857
275436
115896
52659
428046
107010
21868
878994
899093
57077
136038
553257
239654
685186
287278
62821
369442
533804
370995
90155
404170
633073
925699
581969
403178
431767
566881
434089
25053
968399
214762
507835
286130
653537
46354
464913
670001
47888
480129
843112
260715
938280
24994
852683
167691
984827
334921
430350
209854
351626
225406
654876
429549
514156
367560
908982
92032
319282
98808
409393
784588
751418
276682
273768
152320
191813
823100
934840
399172
814099
492215
562492
741607
469910
124865
121800
357652
315807
668438
129913
952926
489685
769926
903091
362428
811702
144707
26750
304639
579932
639676
329814
184546
197028
705194
822431
716426
74034
448857
672467
380550
180270
908940
955554
657684
213240
383400
263717
348016
54507
255777
501876
105318
656469
421451
10144
311
865564
500019
739457
540941
568753
222108
137636
990711
957355
548683
191353
599264
757949
333065
724185
645634
738396
858497
967433
404818
934576
661282
192596
550661
148461
373119
154538
956122
831202
80149
933918
909990
646555
519785
493856
934216
791929
857428
618055
739086
151305
220832
342649
225729
522141
280707
956489
821833
104334
577784
71696
281513
45034
898778
334866
867790
659652
357617
814201
872765
747707
351565
634344
157351
502809
643708
360126
772446
348807
678541
921494
648649
461938
389525
536671
309622
371959
623418
833716
249131
796877
912463
319982
277915
695153
716014
458001
724903
271707
690619
840832
73632
962212
304869
165011
770678
629018
524696
630374
129548
11699
736901
755054
821672
799045
659392
734154
393539
703517
967382
952744
936166
763715
265239
633864
452974
699464
699375
171872
251676
934689
503217
405398
737043
607458
654651
272444
336913
561822
564561
393633
785503
894959
124711
568718
266690
365939
407082
556294
957407
351010
330021
494736
332809
646450
281147
317193
498076
931134
751452
569934
188817
627904
812001
601198
509635
930950
702163
281711
809941
640542
548525
851269
737359
858420
529042
324357
178226
172190
735741
694913
712613
517659
516946
482635
779151
998027
345707
459631
159332
741862
345593
237966
419408
650714
542054
5473
34981
324314
323546
713346
363286
739774
196191
222050
401305
127364
2070
201171
866110
388463
252738
492819
632319
743697
948965
714028
444020
230251
92495
779518
390711
244495
990466
162349
544934
717077
833750
131721
157999
546171
750416
859834
93349
447521
550650
585523
176613
854330
555950
231240
636562
933673
28680
997837
190076
6073
588975
639452
230040
11579
732513
140250
642373
954434
252251
413269
701509
557071
245863
479933
431215
464360
449239
657800
197882
883041
900617
257339
989665
112839
646872
492825
980540
933514
486627
772798
672115
341827
603807
723938
609107
496693
318131
61377
22924
579046
339037
415418
386150
469064
871258
747856
592265
830094
241354
615472
627482
367214
997993
114864
584039
84079
787237
518127
588751
273321
360335
734747
774307
127487
786655
283865
863247
193836
900234
765095
73983
238868
15781
765715
576293
589745
728215
561417
578950
81693
118406
207386
254290
606947
201519
995296
884858
982062
464835
741176
742777
536184
342646
657815
993388
371244
552129
428637
433867
896696
912631
424041
686507
886788
745139
185242
507105
502127
745082
593757
223552
529013
261834
276159
108251
33669
307498
874521
981877
697690
130419
13259
693518
538285
190785
530946
754658
139420
139482
989470
557245
352269
684144
913810
10317
474132
552745
980102
619052
34086
364124
948869
581322
402896
565502
179771
212744
527959
34842
119821
220037
533398
389620
266758
182169
770046
244930
605483
448108
648584
435402
642466
456758
772431
640997
390732
587822
982470
724761
158605
490975
724164
207709
13836
783169
936839
369342
810089
230803
969889
721139
27966
876119
440272
211929
391048
671854
747668
985712
192422
322209
559058
323771
710010
308543
913240
952853
419653
306922
459385
772264
339263
825041
754409
86363
873189
824532
401008
890178
124527
107799
9188
882494
354294
983521
847399
88900
195567
673296
797442
610847
839648
622996
514507
426565
577786
609127
345653
699263
243327
497466
879483
980268
453540
738109
678559
200604
382975
198112
73516
455456
340885
189810
554251
640134
803184
391003
976907
622567
904379
645588
30440
304819
535810
945539
463023
715999
215150
339253
118260
899703
212816
462611
946146
683397
541485
996688
615889
75294
382710
190213
188783
572987
502766
195008
446695
573640
874770
746035
153251
427140
570152
667507
859979
426065
417407
473841
98192
967733
221015
471854
892833
890996
120033
297270
394192
620015
436807
369091
154372
238745
399991
581664
637356
374717
374590
697139
758853
740269
300868
7197
354517
146688
482785
925247
353508
269905
764467
817254
586550
240923
114284
326655
739750
860248
130685
706787
146578
263261
769934
311847
923148
393828
239125
107761
206872
150672
167339
103676
85100
809107
313554
765450
949170
252368
888861
358630
79743
415079
179000
842684
769246
555750
510477
250371
808521
146556
298351
713130
898463
687638
586501
347394
341196
651625
398907
226310
354346
803177
376984
5399
825976
566186
806448
598688
837117
942345
827215
521748
610128
642663
639017
2793
480467
402456
743522
641967
950659
787720
490709
657125
659723
622447
591011
118471
559736
411947
391821
304918
143186
113471
968103
131625
193805
299898
786313
407187
553350
365731
975005
859012
409226
474064
135179
65493
421420
423073
291932
93208
632672
790288
767106
849534
89828
497326
847117
819626
645284
31457
192276
559252
390218
438816
126118
146473
985023
830578
374563
114049
494237
453527
206049
418819
566321
555908
26869
223087
850411
355193
665925
281830
870700
427787
399233
980000
797436
820950
80251
179864
306749
582106
546356
318527
755652
964837
566155
149838
94970
526304
422308
236797
532354
656786
736259
