532903
924106
971155
334695
710562
690140
471516
932762
160531
762895
664741
58114
339111
240669
352499
262145
410140
940580
47736
720778
344952
965437
597029
388088
310206
591953
237256
888816
916917
841969
135288
699696
409804
380513
866742
504214
682249
72932
259287
807740
718953
277902
992543
774643
195943
372866
929543
313773
54129
50785
186597
708146
445060
858697
456804
405846
668665
739363
408715
974196
852711
128956
232177
65881
645777
337597
441530
841930
485696
722155
988835
134711
829017
161969
237412
668300
718977
748666
310030
28726
593146
314594
23625
379046
18829
82760
119366
428914
146155
17613
239649
719910
532673
723361
893839
369631
223519
596679
800586
591898
31427
352417
636664
305776
14210
685500
73944
933571
492034
619914
591392
126936
835127
216051
592987
875481
443501
97296
690666
705933
529950
303989
753046
261534
742297
573356
255210
994347
832638
444442
615511
804629
421094
30133
470907
687165
674673
346711
274098
115646
74170
526568
320267
53917
348515
181989
904515
29936
329244
21889
242184
219281
958995
112150
54847
537964
714901
324169
640258
270220
309936
596060
906064
413428
183274
323845
429352
122742
795594
225621
533064
372274
861433
19534
466564
22934
488840
441067
539173
965652
153793
25078
240831
312438
476484
17443
993776
908365
419131
235863
211399
74978
72071
936015
70213
488758
417069
310284
835152
716797
416141
358649
408703
481751
344328
119107
971332
652381
819259
226753
529723
631818
202215
621009
40739
714789
883780
315548
437860
679161
726317
465629
96298
322316
355702
775854
248433
876435
358394
651658
401319
746680
750428
946077
823307
386286
450175
628965
424156
911074
592616
911790
166463
816368
970943
825545
677701
250586
776373
149741
935916
830264
958282
374715
403937
575426
787548
14089
672
954499
432757
913888
935001
572102
149996
520201
154687
746992
513942
201541
427534
464291
891247
233393
984645
942149
986045
195883
214693
69931
733442
643657
965424
653944
560974
745219
316163
551457
120783
792904
632279
743598
212162
883968
76210
828899
448171
975788
131989
648270
285715
84837
22004
40991
275250
524885
474322
2915
825756
158001
84265
501443
62664
717357
170620
715549
809763
99475
121609
637814
934835
793118
73227
259432
377885
574528
25174
804537
448501
513521
902630
82272
658789
100528
364862
67506
941288
237657
635499
690339
653664
28864
512436
10998
41187
356210
427203
484527
204538
486859
280787
186541
997769
992313
63412
389240
77353
790263
28551
102247
52734
938180
950777
494742
4298
546780
562416
314009
540294
264145
865282
350725
674446
566294
459155
711715
197955
335516
314038
157949
710989
289084
694007
751783
26278
514941
698740
506089
638435
561623
978732
314047
459900
270561
867788
740000
70064
405659
923950
475330
209963
886604
581676
175410
970247
36143
405019
489351
57177
112474
95160
269010
274635
937546
956586
866485
865760
900478
832468
107357
835252
389958
724442
986003
558440
612025
238368
535084
279561
868826
388217
463002
311411
259083
50577
468033
446989
140988
671964
125651
520572
949566
737247
263573
880254
198433
972403
218437
872569
851570
864650
151602
554821
531049
168161
3584
327794
747735
805046
617712
978993
423946
230319
566325
227924
73612
962407
35080
892242
510475
283469
365148
320962
390136
444044
961067
845484
941171
246975
600389
781682
933236
989931
53073
863655
599234
196328
435721
226553
260967
129084
720310
271405
243538
462669
998190
349386
332920
914770
42882
214669
968136
868433
423776
411809
893894
170608
467211
910825
441653
14859
54104
433823
851451
781718
904102
782890
372971
32292
897089
92890
484848
75713
608065
379865
614143
890582
251716
164465
64487
294010
412290
760143
261594
119219
289545
770570
684996
96001
854571
910670
44826
853595
9857
672791
322123
703420
548391
431635
188947
40643
893261
128307
951422
355273
312117
747158
818196
487605
190497
249391
985288
37444
557287
433352
243995
972073
246618
239300
897820
26807
777698
836781
24630
635519
286431
772354
757918
126947
362057
713366
123543
990114
451565
456278
836427
627091
741229
245110
954509
295728
398451
542828
336611
446221
906128
681768
155652
760242
680127
276028
777129
551744
894036
561288
711517
983963
735427
589364
494872
56484
763936
590184
494002
744459
816761
229295
747484
504111
699078
664424
857358
18736
110865
447704
573250
390616
336160
709176
35395
217942
517287
31831
547930
399970
678894
887968
571495
503406
922784
745531
555054
380892
272892
200227
619153
467517
716742
395983
672219
714487
148737
33827
835340
251353
585821
460842
344633
901206
992867
419758
280241
109602
987432
853629
100879
73047
786150
655889
597474
167142
562831
569054
824287
416802
62977
920715
814851
423814
952050
491616
649791
959546
545731
679238
474256
403981
188529
535919
54277
902643
951609
705186
186589
370846
626130
995431
183358
125329
531346
841300
855134
875356
52762
989444
860973
151069
549290
370203
88366
600812
12792
369014
180799
110021
814320
153124
917939
98293
297543
79443
837513
629726
255797
58659
420948
949493
106982
174658
733379
10154
465199
271742
652749
89520
579872
45954
148327
785962
386520
121942
926806
582343
110519
40581
22215
567305
264428
978493
536067
113117
105889
508689
541189
611307
891676
62362
431612
398458
785810
361965
946793
701068
659146
17638
259146
888926
783522
464150
228635
395501
124965
768780
707039
523987
543074
467177
777820
488822
200940
886569
725819
783128
680580
166371
280909
982500
100730
738217
687836
390914
868805
214756
829912
166719
396385
112148
825781
648092
453556
969743
239571
459074
580494
698712
280492
572984
563543
712893
330072
95782
509952
137489
515101
747838
310326
605927
613892
463533
128703
910182
506077
86869
945083
776844
313677
903452
1295
114466
63588
8669
723283
175595
98535
25658
453540
738179
80140
367655
571833
532326
846584
141264
729062
95424
606239
838827
157151
522468
264273
492222
823985
775250
487947
112297
880281
120045
669784
252794
877647
423049
39761
826943
604860
64799
587994
802002
507969
867829
885827
215486
492148
515373
561737
876224
833930
836609
106356
602110
805593
820966
147926
541789
245859
373321
484312
528074
677336
965229
723600
600263
400712
3207
5335
50891
249598
26192
475327
632207
526216
441654
787991
978332
896204
526556
386916
701811
869739
37578
783808
209133
466067
486733
419627
862621
414078
447376
500323
141063
907334
967729
195704
695268
464471
436708
543279
930083
877919
597383
543365
844510
612305
112483
478017
729413
849619
344225
137901
553299
427302
782530
776390
557045
984045
365987
396803
342167
189403
862968
763394
311063
119690
182635
649854
317660
197117
967109
301334
399230
611714
794650
762112
583533
407061
837505
738018
993334
858967
391777
375773
714238
291122
157511
203113
724512
63252
607497
700073
72766
999419
239036
975787
856287
556942
631085
828607
532957
388593
96948
443217
556166
178986
890773
557579
808250
345299
148001
674009
21860
663991
101929
161233
437359
635654
240109
11881
53172
663473
791717
228103
797524
375661
667067
146474
570310
547946
698995
310636
356421
777417
490865
868586
833969
600260
20337
817979
417346
308048
953534
823030
168748
656257
300695
929993
130846
836278
572265
22015
154992
178188
497782
961717
443131
192097
635212
318315
426402
373425
296360
937572
122896
264306
297769
827949
812141
881764
478918
116059
274691
487621
524607
856690
594584
418173
392918
501565
985367
794209
588704
388162
539441
930349
784726
968077
802276
514813
777229
803452
833797
142655
217685
232774
963873
233229
291834
88972
89120
891863
507658
141726
491861
161535
731680
952639
258799
25829
125338
678740
955030
429619
518988
380548
380179
456315
8644
167462
431356
116446
615474
346014
529400
633870
529628
349268
467179
10371
107322
406283
548971
797678
364213
3375
963783
561124
342472
589610
537233
48419
716600
464630
491237
12135
714128
401122
710606
800355
449998
960218
330721
140779
146741
946157
67199
75642
874791
582780
725220
694327
211899
241778
269311
467678
305986
810619
925834
290775
508355
881068
776746
290567
484255
556132
967104
416695
321058
694472
978000
355874
52549
134320
126909
704179
266588
374797
840941
753360
389118
218407
112902
910233
324444
146336
880999
982859
518342
221
620982
191684
644685
975024
233533
597210
279996
744423
43207
296368
453365
280934
445602
566533
979140
365721
741906
3945
89458
566737
720826
314055
13185
491829
36342
854844
936263
382699
378690
415394
892402
887847
973241
16430
545825
939220
818343
160666
856307
909487
84637
90883
932959
728477
964145
414163
500703
860389
650195
551904
408804
338813
283782
741741
61533
490771
464007
22825
719611
75911
116052
943305
90249
987698
673338
930954
777891
572768
786230
608497
588079
803816
249451
484388
698093
52875
743898
525877
659908
257436
933553
580480
462991
910377
124818
96412
874924
112822
420813
121915
84654
879370
374439
275440
42688
894089
69008
419624
675877
302532
817904
672420
377345
651792
988304
239760
90271
117619
781958
753294
465653
73797
895380
567162
628002
471230
217374
244787
937734
132210
179797
932321
941879
300624
626360
139173
848253
219405
557811
507498
589707
890635
249076
956304
216485
77849
377516
78330
369928
952536
285687
543339
891525
609085
352852
731795
4319
854498
556238
536091
777281
841473
929516
465179
638863
485163
274150
301643
932056
254006
657851
495360
489418
632364
365818
432582
612821
760157
413590
163854
660526
544685
434607
526781
789140
231431
295485
475727
83077
802163
72405
236076
68973
447907
355347
409338
689751
43469
309009
605415
312423
118168
911921
184897
100274
50426
753610
848532
96068
989222
476627
436591
145096
586136
912069
279758
203173
996526
294462
874900
670066
762432
823379
645921
385208
8401
971778
563995
174879
894900
469042
532924
561760
646501
863587
906834
741235
604418
814674
351589
393440
958869
114496
947767
18649
264929
455293
289579
434942
147243
348474
314913
429917
540435
579178
380597
240803
34611
925459
678182
279591
991137
564531
225451
50667
760566
549629
829033
213017
839570
480892
522606
998408
815540
921284
222296
410272
733533
352020
916269
8810
412999
951332
917201
463773
758652
836267
3196
588380
555066
584709
44922
131467
700607
357115
196017
362143
797329
990727
300869
701551
693657
696885
987241
511503
463804
94128
73085
122841
204750
306172
167924
665479
405434
810631
970656
118744
250786
541679
614341
255927
496535
312342
801151
103723
397614
716334
640298
528450
456148
783809
212783
105295
807821
55823
454101
936400
266045
476069
285719
27071
909574
225519
734114
463774
716446
423684
749633
306690
429461
360639
903441
244331
903050
962965
963916
664101
498055
23679
275195
737391
841064
508828
427389
192427
592964
7472
136300
261915
804050
967069
881965
646422
277853
130353
315175
414482
840140
102055
238370
418927
961220
933864
485239
78462
520852
604881
221253
744346
436950
16484
337457
444863
538787
103361
66908
676447
231210
906614
589525
808980
162369
394553
180725
688595
203058
957524
633072
422206
186978
352860
340074
131527
159863
161937
571878
658356
463248
714059
332472
38218
109858
610398
51314
117126
587378
237472
155271
653263
138938
951132
119528
222491
591207
701829
403313
675302
413068
878399
451091
41655
388118
909169
606040
774937
548426
969899
738599
472688
827182
243116
875711
311959
635398
42729
280427
317903
973251
226156
584909
303004
54640
338986
275298
114973
107593
390289
347447
44561
433206
337176
878456
620131
221757
805970
43129
56863
314456
155457
644338
822135
753032
616549
468571
983187
803200
667191
147217
981621
74155
706166
577952
565141
270234
600295
195012
513339
819726
212970
572557
448440
453991
656497
330836
388549
500220
220715
509951
340038
80523
696018
106220
604301
370578
64726
997468
15783
853370
419251
292679
824731
53082
285111
788337
456321
688701
888009
768152
823228
815921
286151
383330
553179
552773
366954
553476
422593
784920
294232
847387
232218
869934
839542
259735
275865
649087
84116
225620
874839
20960
146842
310507
282741
323661
690626
455469
726824
591896
923223
799064
301959
102224
602096
571973
679372
613252
10725
152603
240944
839386
327269
972877
509473
766756
996064
3874
32097
368537
498700
960605
344071
870666
793120
113099
281403
276090
579951
679228
315048
848362
394050
964752
281181
97359
140819
18831
273341
408699
876532
692048
40758
123886
954962
87921
492387
458813
569813
610154
772385
102027
554860
536926
143287
342555
985836
920726
970482
459968
727927
162660
617053
338399
509363
849211
678824
701469
911016
9813
898409
777468
714079
20873
169200
227632
393480
224444
830307
931131
358243
582368
863887
455564
461523
973712
307732
759940
304345
458742
40890
49386
82563
57428
259921
552151
558351
955423
27833
984417
383079
464517
492811
859544
339759
726542
155592
827468
144978
940679
746411
269728
722291
672069
979280
485507
799223
769415
760393
856912
118250
401280
29553
917247
105842
577784
884035
113387
768129
837724
193231
527750
900383
371440
901554
936359
858068
831295
935305
948907
354313
598442
419963
778106
422923
499337
957052
951591
508985
164236
228566
288697
607086
959461
102490
445235
78392
701210
74125
671015
653137
889014
118890
136708
816885
222977
260722
577883
743639
866290
14495
587146
188856
806541
984463
251711
429955
163557
756075
142006
975441
902188
727443
371927
892690
210069
695276
754226
868549
175206
66479
2246
313652
364164
753228
863785
518351
894845
321898
243206
333496
114577
310348
334437
96719
402591
315438
350801
197231
884915
502273
712083
607798
267433
643739
674640
777262
221466
291539
50012
608899
859012
588310
795418
360274
87336
970317
940491
84696
719389
360840
683511
176720
819246
461040
668454
388396
952879
697613
269703
953071
537208
274686
353220
530489
809852
695201
379767
948094
708125
226094
35781
521908
77088
391649
645043
356283
495680
509309
979639
147499
335062
535694
173598
216895
90608
121411
483084
711039
195114
302027
924264
66733
162426
559434
142574
11376
324306
272359
336994
657382
581001
352240
645496
954747
589634
353920
771410
500176
790028
755622
420824
700610
177777
931709
614157
159654
173167
825957
628077
123895
99337
86167
84167
523213
86092
585897
158981
31551
5041
692795
776239
594374
344998
120171
486814
262189
148635
126830
10881
582043
10354
275901
997635
344322
377254
439938
281448
631133
921626
121438
669110
698591
31192
998733
51470
594000
553260
462643
933059
311812
362360
370890
716836
894940
522686
110974
460752
589394
699229
726986
12293
358416
95343
994159
941385
896621
555546
636858
797905
313102
900571
844782
848635
499048
873646
928588
291152
792334
991524
135866
78250
775387
747771
489726
611393
627809
501086
252259
184266
516207
172288
393969
897563
76682
155092
149671
296627
936595
256925
706056
439520
981023
781637
128609
74542
511488
705251
969881
751164
808684
730821
866173
234585
418733
71725
109228
136402
895917
778471
740420
245613
655643
68992
454134
256562
851502
49632
908304
659057
887480
612398
863899
12716
298712
940776
774093
362648
970213
336418
310449
839692
461747
61625
178150
616840
496192
729990
994930
44975
351118
732645
638284
831676
891089
975828
387212
736771
886237
549238
995157
856678
404845
173829
193973
568722
77073
585578
831265
915284
623597
485516
230244
197947
565993
609650
379717
682022
925497
563503
603903
295777
362983
249940
6657
930721
502562
739703
97851
752888
498552
385732
642746
280852
109682
210993
71591
625649
79412
299985
330269
465812
683799
666078
81750
949196
286854
692823
278854
687005
185987
409367
334073
829291
690953
850677
155785
758854
938493
79042
611470
69046
948624
421867
775410
339636
816313
715546
653656
691396
206065
106587
240916
922214
447807
80019
995497
29824
229192
822190
137454
198615
654420
408184
152569
507047
308587
226857
825462
335700
733550
916905
790465
679352
759999
302795
985123
372025
678285
148296
823610
350179
645577
650287
790017
510058
380576
868682
860961
726828
788116
38957
900262
941899
199378
406291
909359
349538
307097
642907
647984
303533
34385
43191
243260
202613
748311
635757
302059
590079
301236
813418
316091
600149
768406
527936
807097
64541
790040
479906
645724
731273
663009
599065
167407
765549
789847
792646
863112
71224
506070
776588
555230
185889
652257
210539
749032
506495
716974
174885
56651
51128
475092
117417
251358
163193
796229
934508
463404
314092
219084
108109
423340
586410
728853
517881
757707
45997
580737
151622
674176
230919
43561
709751
620118
54284
937507
622150
78361
964539
491125
63456
231711
385661
606722
159977
610317
346074
547215
657702
249761
711500
232882
883377
201193
7050
834786
958936
865498
93105
670757
610455
334593
864131
406312
623595
179256
657885
907916
635873
682322
62436
945477
310896
827016
731149
634464
482701
573337
782672
157980
550401
248726
818121
48244
478995
661334
899749
32121
644890
87372
36452
395428
115517
79008
207695
68591
805971
473104
98602
519035
746630
66438
623849
413589
119573
775917
144610
952576
917836
439587
496384
249522
668464
805461
619082
473836
373026
873728
86606
489604
88044
440275
72663
642801
139495
581702
347028
822104
152110
456022
620593
473269
809840
440548
74962
376255
359406
34326
272421
228999
58262
485993
683649
920071
989102
427506
734809
639246
915072
929378
804685
474376
703185
996158
873757
21665
82158
811367
257449
452647
759542
171627
481917
222039
130654
226856
240725
919614
534533
853361
873850
422017
311701
427039
89303
187091
484230
840591
777693
66909
282426
527734
229982
662610
428958
65641
253205
790560
197907
710603
114851
225231
4693
47737
207184
338290
468480
414745
411621
821291
632991
759164
949256
975568
129705
122810
922787
611183
207870
779018
339022
316061
604660
87997
950922
870099
329653
290711
290380
604317
226598
714826
316273
982354
789699
706675
10917
694003
959414
332051
532234
448799
515499
681662
766737
960799
35548
524569
647945
704891
273035
142115
595204
488172
635422
577654
567940
747041
810904
222598
718578
821496
899134
107615
990320
171754
576969
975775
80846
963717
435337
448817
546528
602689
56148
148045
690283
181560
360429
558647
693964
37202
219721
430958
307826
900202
236623
368361
164941
177448
559822
791263
915034
710081
383363
436793
668380
351371
576910
55771
836755
915149
406952
776613
753537
912264
176556
127921
639713
459832
153966
940650
938947
872279
535912
453263
620438
784764
555738
394587
693607
13016
366423
218566
42493
121799
635289
201836
874424
764936
836986
171236
561423
640117
652087
829763
597043
233463
808493
236535
702601
446560
165194
778851
544850
943523
764506
866845
842719
658956
851781
52893
247241
83823
367946
377513
766120
212950
941439
100405
103753
829708
491782
658396
682641
261362
609939
445742
796831
105023
657395
374146
117119
147096
51459
706617
248751
745254
962533
109403
916429
226240
834995
782653
25231
18836
502803
74610
145841
293593
650154
270876
966399
890717
854308
760643
419916
972615
305285
494352
101780
544050
205949
947299
596281
505699
860834
249990
558783
536874
414080
989816
518380
697259
841275
266123
748359
971712
6163
11859
904704
473999
946201
914475
716792
462339
332748
875570
113726
52641
557628
346533
828741
105655
832862
875697
930242
268384
861586
971955
797253
552011
279039
280900
563253
561516
123844
102178
322966
983858
278372
673252
879757
396314
809306
724562
281837
651450
921402
745048
237266
130387
963261
549146
800692
730688
5671
624829
353389
219024
630044
876356
386590
795343
975137
302461
997234
119541
257944
603279
366984
135630
19289
51258
655969
306939
966152
857835
461786
815837
69364
817659
970254
603901
34355
944877
818838
317829
44783
170243
638097
220740
103722
477046
393295
357385
298382
220518
594182
684320
51835
962883
959295
542506
896843
510560
418767
561710
967008
667737
649538
750820
34694
455867
700560
480860
669763
159166
610571
659397
898071
841034
68608
665121
285915
480914
328714
938663
996025
23963
87986
684037
935933
541812
266043
219605
649720
723269
651699
638985
70336
246914
859708
990867
317132
869064
516464
344901
321767
130706
739977
8651
414554
484626
3604
356388
658261
565377
490311
699539
532125
254670
177744
58605
653316
173522
957267
441532
563305
701141
404914
797240
254721
768197
459454
276545
788061
99886
860922
280392
686098
723214
275921
397449
652142
109015
806366
959697
571080
54405
956388
237957
582039
756355
152972
866499
40402
238161
978860
982395
142417
313938
800716
463817
813793
936552
199814
366815
88868
343703
823753
147450
327569
385253
726989
980697
307459
804710
915392
211525
137728
285350
246660
742473
379948
628434
251404
874782
714979
729467
502993
410356
752745
249468
928337
244900
849509
38208
137613
480643
143403
294865
785004
538142
319897
258800
461923
244287
449022
208383
721146
745766
480654
764298
469471
379362
687364
751106
529368
402744
691069
703528
158368
481902
459815
752730
179885
398890
697755
777926
454220
9670
356968
580039
306051
373244
664867
605591
132703
423124
357847
451392
244308
596866
141141
179406
75621
826498
987832
62078
316219
461460
46083
187771
145651
277664
919486
182196
504631
491939
631630
531752
133051
822936
277253
830004
403443
133140
216296
722814
286235
200778
46533
368809
652252
187408
869156
13231
877417
11912
146660
851356
601221
308522
82764
4690
349623
187432
107888
626310
186237
692180
257954
510138
828134
354148
540695
162626
923791
395788
35135
153802
341262
631400
900275
471691
409670
803224
195341
560612
775439
872993
398937
367136
504042
503129
395031
719105
473740
894901
389986
935146
188879
269668
50478
538431
663271
392668
598360
831358
108168
81722
332179
521165
729667
958518
416792
189517
437847
665517
190454
78779
169578
826924
65054
782917
90747
244832
857349
110458
507302
343785
140521
905375
467210
564702
161641
65745
943306
812639
459899
349435
891497
4211
591524
417245
974949
468290
192173
478596
118866
217962
596383
782163
729731
786023
781500
344700
448011
255943
230467
3941
858613
44750
787363
212252
562896
144293
905740
28953
669242
613743
258257
977117
225991
920483
900779
684923
220893
111456
681406
389548
716529
772909
691346
296294
892818
676325
225588
137274
349391
674458
734222
224852
214195
663720
607509
827975
936952
233817
574408
816798
153411
604668
340503
746555
513690
3339
51394
46954
938933
728745
946361
362655
312018
366137
784284
711487
228265
438256
24271
570475
183247
767930
557344
659928
141839
465615
423877
306566
304360
392224
166563
624130
445537
598643
858147
312622
62404
218473
910698
957758
598291
580613
952130
298147
74316
668644
326917
244509
700613
835601
460011
780299
81516
871047
937293
954037
351688
990103
227709
18169
472599
660623
963750
25750
673515
724430
266468
966321
426854
345500
901436
685628
404158
522217
634414
252630
919730
495678
482721
405116
258544
476037
219441
250838
260232
773669
962322
943137
316218
554196
380285
405614
666527
885485
358496
34414
277728
164108
692908
816811
415246
683002
264301
234588
170213
792255
423224
52525
223056
325532
114736
923911
333007
500065
971270
476732
271476
8751
871180
218267
475113
881299
471196
656665
760892
68174
2030
263863
857373
623823
586706
784987
602986
135745
974633
723808
127911
966088
236502
637968
451214
635830
816468
883608
16460
951810
427870
392938
192392
458695
84146
374323
711646
621974
645127
143070
875845
916515
423457
622794
631556
372068
358984
957261
15539
702769
618950
645255
95401
728232
211689
955603
708889
812029
677024
583194
32263
258590
547396
272340
565241
881402
890067
955879
222338
83413
644237
113553
354205
608496
3956
273791
492308
926876
554469
107079
658339
439747
135124
162088
171559
600996
103295
132030
549330
761115
831737
484018
870735
158989
647770
177218
26612
844213
195159
408125
464214
467223
435151
609410
822682
528503
747112
465409
227004
975710
600793
802669
970937
989446
12638
243889
906246
806614
957943
228404
219527
556255
350735
252031
908667
603652
265533
620916
891823
921545
225841
119123
198405
644958
17590
431346
392047
495744
572750
802833
655918
6615
241428
215167
478481
531815
581793
966304
512166
564676
50536
287668
411646
881433
542610
801528
551649
812317
947445
502542
677860
236447
271030
662377
588106
695086
94124
241717
588809
518712
379702
357591
520622
483958
760408
375329
912682
270984
23435
673191
742516
331404
3262
81965
779090
456700
120297
83713
552430
471569
498854
194981
859249
43246
646374
707773
783054
147169
763613
627461
168743
885255
213882
570141
212389
991014
129199
356515
366410
639030
32424
277484
460706
220800
381592
538865
193469
913072
4815
303155
5988
608142
991314
666361
491955
606865
693000
745695
762102
587015
679616
547018
39969
42446
462395
105804
389544
560954
434799
307843
953894
299846
370072
881873
476957
22460
376287
555396
255162
287988
741123
551679
445619
67285
983778
833463
965527
973238
592818
818194
834368
722493
733717
228714
360911
57511
65329
385142
109819
980007
134516
661277
748034
726213
927721
779145
992981
176910
425769
414701
13958
166566
708899
772149
710005
139871
779809
267514
293163
932609
76352
803562
458789
147736
58494
225116
518331
288759
537805
997181
755697
18641
814028
558069
820180
397212
41893
813311
102473
879135
10961
719836
700662
510788
319526
830156
381860
544235
771571
155820
33896
306606
433149
572794
171082
738003
728575
598854
244688
546942
925791
120640
275766
489900
237771
728634
744292
773222
779648
614505
692623
399435
73607
957854
204402
887110
692598
163788
319026
247854
628464
898347
67997
841104
161245
538135
513693
850419
681999
408717
971516
175143
891122
628791
983135
221497
654261
828341
625019
389356
74499
302310
701668
560411
973687
704978
601506
294457
956588
135111
74731
328164
733832
579091
201526
863514
385615
631510
216519
797014
307401
167356
337920
598653
307326
934896
607619
186673
248607
399454
847453
844829
987167
771637
39340
299128
317306
307269
612868
996798
916177
676668
876994
966756
296594
449501
347061
199341
971313
385194
425027
254679
644223
941370
429549
42018
36440
340931
686377
146894
594806
80287
34178
652243
875246
714043
128588
462226
33003
681391
241197
418080
499496
539222
313271
373354
413322
27657
211280
987169
325130
651553
439278
781593
959772
678267
232406
495954
865578
107018
846012
749152
531924
735578
874621
116485
931322
55249
797159
241201
8799
415873
248110
821229
184716
339409
574652
735524
547056
936667
14843
67456
277625
264803
708741
568261
30102
604832
851856
756525
297208
416652
818500
331367
571197
265157
871631
996341
189994
465344
76845
364022
180134
633497
712639
405531
216822
190743
848972
490485
797498
239320
374327
250491
749275
976313
260098
290996
967354
34932
246422
328325
884966
570228
885105
14963
858947
212871
556155
461586
520091
709067
713062
861213
222597
547185
426804
787645
194104
361764
671503
105504
308846
12733
808274
357199
300496
773088
338935
878245
827914
428354
632553
54773
564931
693609
869182
696101
335179
381753
367859
564257
444649
922824
155014
534358
295957
333802
809149
812970
556878
956626
22653
371804
359611
482353
704147
161772
330949
22795
550264
138820
152959
821711
150344
546912
976521
763694
79884
411301
444634
841747
683085
628304
159656
794033
982513
555653
18257
911487
922054
415443
972746
625876
323150
991164
643551
73172
954892
743922
144434
844726
678014
930233
782369
74227
863914
498946
327223
620643
701592
546563
353662
131193
468524
862381
124435
974930
255593
583389
929316
410427
415822
730253
243138
658718
442859
379713
982605
997643
509366
684505
26983
441997
735716
458115
694885
151023
14022
725727
419066
139824
878336
476745
940976
659270
352702
664148
255438
70728
935659
176273
760907
715712
668043
274146
329880
999376
651944
262284
330868
730565
211749
663423
984217
677404
518302
699321
105677
115888
374372
249987
648407
651852
901877
632092
954352
485560
390388
333849
135853
675544
25894
710425
747884
703488
324932
711544
84562
654015
793784
967439
398518
680732
908501
655898
801400
409273
277411
216971
637502
607145
965796
251176
736150
226702
701127
231508
964351
359408
310114
129610
186934
253669
665296
900858
885750
325855
701643
369545
515380
42949
867320
124975
165463
569525
117817
385926
289138
649693
442341
111908
858615
642537
932014
548399
407842
158970
825367
207882
340220
95717
776650
80424
210068
143906
286688
746319
787071
401361
105584
328419
492484
918512
509911
319208
635598
965507
385693
912565
717563
374772
271032
995382
44768
922429
893407
442371
50687
921888
699156
33542
724354
361847
13009
256675
100671
670519
743738
264954
854565
257150
27615
641658
494349
187862
145693
628785
41507
780044
869538
186225
966392
257581
602964
661845
658220
276735
830447
418691
514005
386675
873626
44763
122973
950374
865644
283841
77576
642126
453452
902363
43627
438772
328079
412325
339696
990792
421690
770623
657476
946116
144081
440593
680471
194581
149238
707636
422117
139523
33601
153616
702264
219804
990988
18380
125667
479688
978593
654694
810164
83667
211509
381217
777515
326799
847645
103730
463588
983156
586037
358642
758926
275849
557907
592555
496163
421215
786300
380806
270886
832865
404081
34610
184677
908303
914072
480143
698801
316786
656635
276791
518987
546189
627849
119746
575691
98145
988511
301247
336091
504011
332837
266629
602668
727915
609666
807173
677943
258631
162609
297589
647739
299552
908950
550850
939835
767985
459314
150190
859493
332073
603605
110029
87773
616640
385736
148056
698750
773568
708915
967694
345932
124165
733266
860323
650573
599997
558105
233830
638959
226110
220586
309241
80326
164602
377019
953625
571031
940004
126984
364255
203384
76366
27429
135578
433399
123133
766925
115319
414793
795739
508284
862991
336772
190527
779069
287546
670007
123747
783225
412074
500806
858598
175349
610207
135155
463665
833222
451410
103099
172867
495815
871895
760060
475547
105580
209947
901162
360637
819149
316283
242793
887764
885399
679066
974413
790944
944931
756780
252687
90279
854495
285816
3157
34391
839649
471073
967293
921415
421786
617067
538543
363752
767130
990503
155655
264196
476937
321419
627769
634504
611592
932999
188820
34523
438675
599611
210650
165826
574021
859447
139318
641834
313504
457876
197201
574961
248460
838990
413665
98927
841314
468762
508869
788212
440407
541013
643713
156974
707549
58307
764830
927258
994164
462421
611639
202321
633391
761136
581093
149832
729942
780322
911980
423189
513457
540527
381993
663736
322854
195354
727724
779662
130753
630942
439606
643286
458443
169115
60758
768191
736752
429137
558325
642648
595961
902238
178486
920888
543783
596895
730047
382182
430363
730790
774287
632574
60611
308900
220513
117524
110638
138507
357434
435254
458080
635697
363727
706703
219191
403436
221230
594121
896305
480765
45065
264755
519146
452680
937220
927473
948480
946042
489822
457071
503842
134776
677566
865800
523003
459698
159598
387301
817568
904868
90413
688604
862732
613142
810782
392552
516470
307292
181862
398997
70863
593663
105352
212894
372270
918472
224885
81857
660212
427983
413986
512737
879844
284385
846193
577485
985613
11277
259173
923768
13325
454424
557248
346296
918942
180152
771145
695052
570275
500891
30732
334634
22509
344971
578233
61780
718124
399823
350601
752105
473418
136083
656486
403477
742449
29325
362842
36815
584168
680527
507366
413096
19224
783373
145708
144364
18451
365615
718606
371412
400854
598328
238863
594544
831631
885330
865882
643642
882110
893933
594971
863490
662976
251754
442375
472188
241889
572569
739086
839268
878925
641354
813284
140277
732266
527181
682511
92815
738843
543805
353549
62386
986402
80164
92474
835826
59707
503620
853505
648604
312417
6232
370520
510591
35254
495580
407757
246989
854499
297322
747410
50164
30178
377374
960039
628491
643326
197875
515766
156184
163540
494226
713534
717297
684351
837842
808574
880915
176051
643824
641258
564839
32417
989056
707569
255078
23488
150705
455597
348911
223587
331845
297383
882289
822916
569427
743638
463772
949880
634243
291113
2593
935377
582868
742467
574295
740441
988684
353788
5527
736595
654051
404944
859619
341231
438382
363165
141329
919264
558011
454594
530134
473849
284819
238336
917028
815125
981224
448027
684101
857245
541091
567749
357820
179803
502469
857272
675404
453579
485485
280663
71873
691199
177121
294624
908211
867717
869579
433222
199595
945113
905761
803340
544472
267125
561169
296243
374184
291232
495022
476081
726919
213945
716110
245333
127742
831793
897419
49959
219459
232520
989850
939385
997661
380301
423628
431081
822408
698946
5067
588472
520399
763885
325319
496843
877579
581191
422985
82517
778457
272867
841534
385442
764542
72973
98213
322165
187303
261312
965696
781326
930827
801592
398498
172484
209851
510717
13631
173668
351270
646608
92586
67457
252260
271634
634630
158524
812338
262057
359485
143080
889610
916801
684041
458119
406756
656913
575167
702960
437230
98471
597276
470455
590099
225288
520569
95300
932055
412151
170133
104231
354214
882604
808660
369270
733882
77788
514904
933662
796629
272115
917512
139947
981378
106401
784272
259906
941292
685522
358299
634825
486089
293172
303758
97864
119955
62271
156414
637486
369759
251839
57010
279655
528574
679675
810577
961197
342730
200367
271963
261059
330970
896752
738066
821580
633720
739547
550025
448040
835664
398025
612381
439985
573855
284124
151841
527389
21058
476585
916837
387733
941536
297140
142406
496392
503131
859472
546079
951190
5407
505953
345602
72619
358646
362943
553761
599419
246199
438502
796323
861028
33467
109146
934998
121139
638425
350540
583660
406874
898843
4122
295914
156746
671674
799390
882024
768766
654702
434004
370338
33168
854151
252705
851459
42703
42940
215160
892687
38801
481744
816706
650650
121073
328945
907319
431737
891561
4650
765388
463523
999075
243695
225690
79228
264459
581167
728993
799669
779488
270325
417929
449540
880420
52921
22976
822867
653012
388822
989580
924939
324254
821320
339610
44179
567423
777183
104230
753890
845425
263841
377491
530429
884698
381381
244964
703068
627489
372964
485314
117609
950585
253408
708828
766729
646225
369176
393261
669424
99720
219253
533479
370747
679060
856494
905101
140984
664191
515923
599414
381281
366697
533636
628009
409638
527717
755783
253698
228536
654611
481010
192744
88837
646479
367173
535410
403841
768623
654728
161812
507603
113610
131874
145813
312917
185734
377067
58680
40084
944182
688053
416305
772426
901428
434885
819777
842026
285017
268301
935506
505180
850280
557551
460811
971959
57802
612096
361523
474034
560841
31199
22875
776071
351201
166190
718757
650374
555566
660369
248427
606888
176961
674771
804689
3616
87213
422446
196068
794492
971672
431342
361031
290851
748342
312141
307162
665878
178989
408281
21465
3192
64547
312063
530881
543854
170874
802435
876585
674901
962016
882690
9539
319737
868651
277780
791210
121170
925855
698000
334363
597898
529151
860218
315315
454137
695136
882697
483088
259675
511774
309220
346776
732472
852132
648593
805856
17014
53793
151560
881544
150994
945126
227314
765197
474296
586738
68652
841848
472103
402445
377628
694002
12961
653097
900515
305893
371228
597919
428240
167650
954019
766762
53977
856951
658385
181640
131461
92838
758153
223941
971404
213869
255168
46039
394863
242215
872950
98277
488369
678553
808099
491923
131982
197831
411446
865352
626514
495565
717222
830716
823960
396656
296484
852143
86592
689122
254820
177189
874224
908136
21217
841942
554632
612220
403271
303010
956013
942225
16080
756241
135307
927731
955122
448192
600965
311310
26137
281983
601998
974537
82789
299603
803710
545778
353565
364933
970225
21223
290113
859694
906506
715239
513910
736921
329111
529895
993306
26207
287664
867143
646179
701848
104904
983331
139464
518532
954596
618650
437698
127380
705665
794554
625435
829031
718265
927491
190108
391547
518268
588442
537731
659451
859406
731194
334539
392647
783634
133114
29907
705393
395581
275612
822686
927145
932166
359045
420723
270816
77159
532864
802446
594625
23917
758458
228925
847894
575718
694408
884443
503153
622071
267366
617117
310454
198802
957013
953059
993115
871019
651846
726284
558284
559123
776117
138048
975600
211748
370787
128689
768622
127285
822121
456708
375572
559575
269926
366531
848151
237171
328913
437830
667390
150
848014
637637
789112
219910
808483
404186
168089
762736
814761
525039
499310
425325
752328
45627
31586
577076
942660
641565
500677
104257
387122
25953
445542
460546
381557
978043
875192
992776
282302
726202
742111
870706
19570
283084
391270
646521
876803
220710
416288
656827
510534
101828
107468
871798
117692
788786
562358
685839
479992
873243
339831
122694
154415
178051
879591
323485
869782
817395
99039
858507
142458
555758
162117
629695
668142
105257
305116
911879
326533
409837
556505
521246
22017
511144
268902
769872
541641
504056
31294
708534
758971
430941
187181
667427
227014
704508
629278
626303
574031
435150
915381
228013
104505
115608
507244
77258
40215
343635
497983
486019
759190
589334
266344
777657
999996
396125
803133
476467
320903
854297
379932
339249
863719
493608
878049
324996
769518
987648
612073
901006
850767
842765
356616
782337
725618
634697
138514
162991
287686
554615
499869
307535
708992
913555
727175
301195
418923
935713
605996
341438
364154
175512
28436
679452
123263
479426
956979
212060
556139
74309
815183
579240
524305
291190
101237
732457
673479
733501
325768
510735
164357
994750
372635
677741
970976
238393
961888
839910
35642
961620
655952
857060
804178
201683
683373
971568
604030
459530
472168
365549
101601
850080
543817
834188
328178
240495
776048
725031
679044
654583
593731
778757
339485
852419
467942
517649
626256
126837
76714
325827
462794
196225
512247
570534
747445
385016
554043
706091
182738
108372
823932
325057
346778
960654
60200
43483
981775
208179
974803
920226
310875
5692
696065
920716
27636
922034
604087
643992
806419
609558
646915
140669
895363
601749
37185
628989
325598
128285
528699
474568
263653
320594
361644
965665
361278
162638
282834
16883
596916
979331
877426
415382
808696
916457
636214
599751
635627
248285
569145
416708
899332
964726
336869
59054
92433
680838
736159
772624
230015
710509
155142
614484
825586
541315
974051
663492
630727
503529
333937
978191
189438
608757
267644
172002
641657
70927
515152
87674
142776
649152
607393
607555
697466
485125
68087
50298
259200
851715
419797
379992
335969
320033
450760
492556
489940
835062
295535
62649
979823
598981
829093
402335
2356
922205
547179
238335
864018
194486
185717
26215
246253
349284
649697
935280
203841
791479
606445
601016
571112
149541
110227
495890
428365
522012
227945
737348
348639
274178
508454
484806
34770
360379
866791
813098
2252
165308
217377
218339
21530
266326
52698
495603
713732
631061
185227
584317
700637
678407
993709
251513
12368
865903
662428
184171
291374
433429
977180
29351
422306
405011
953033
721039
665119
43097
681791
829196
894401
92352
957220
31972
926877
34348
444619
585986
474229
262931
222334
136335
945908
27909
424643
13316
712398
494200
576636
845323
652725
426625
414567
1995
353882
926415
204038
357730
403853
179470
519938
974634
505053
50246
317387
924670
556325
295216
878648
139838
522184
149659
950557
182929
457788
946824
153270
443194
276578
740731
882536
982936
395630
299746
234410
628149
502508
507568
151694
370731
558229
743834
48635
74480
121826
944618
481496
419364
108099
348871
863105
880917
585124
680631
60181
527045
799861
200875
310453
448435
635184
71318
824575
114756
909530
99568
17596
892354
748735
72418
315144
7450
12606
747301
363276
57099
209303
238632
685083
669755
124973
997385
77837
588255
816167
272144
730629
120688
249203
779232
464975
820298
826334
486852
547509
282561
664151
337816
46224
701923
247220
347875
408561
724191
622549
942235
543468
974217
972377
594938
76773
817065
646970
611027
540433
81228
547754
629066
902637
239397
131892
667679
482620
854625
484082
918072
921569
96278
459297
736430
451369
260762
31459
786882
671034
532075
557269
699443
23347
560151
882905
936955
722541
370155
697394
714917
4219
522529
864455
944554
773545
359133
805941
599258
983133
777474
843839
490023
851966
536005
630350
609953
453336
96757
645193
413572
312889
162070
867524
457117
937609
767616
749614
287717
723412
324667
159606
511076
480024
307975
151899
348064
986363
786024
3607
234063
897636
264613
931360
85674
682428
542241
677218
782346
253112
407947
943867
242834
364342
185075
666911
664586
125259
153629
328428
546773
139332
618113
575110
841557
448946
588188
773072
668874
256913
611374
36520
524338
289489
179802
953257
146872
723042
761356
307345
688808
252323
755092
248414
423961
836834
220549
307046
502550
582373
272083
757111
776838
117597
723274
89871
708421
584447
835077
425221
240713
623222
820137
909110
651086
378069
874176
25947
121864
112551
385836
20073
519974
134355
205398
84548
800388
336999
338759
820941
713413
566823
404622
462600
41372
847109
488534
758770
578225
390875
24813
838559
273915
418667
19787
405481
804679
253204
625522
169571
44389
580021
260284
913127
102627
7284
169688
399460
853771
59982
747394
87808
404945
679034
152317
346254
79155
671469
353484
630623
407094
242657
734974
826828
531521
412342
593255
954995
333175
155926
287371
794958
366389
881877
13331
950420
447575
850261
47183
261703
18266
509961
313736
284050
634633
377791
68028
793620
190199
847140
740769
950596
600264
437045
708670
61569
109677
506417
460864
576704
971601
247329
872954
796277
10678
340936
621198
782381
395787
206397
666517
942315
792261
990777
733027
940130
961804
447983
900144
682818
586397
59676
698062
10109
355473
119871
694240
396982
464834
926075
873112
62943
872011
154423
881247
969517
558391
653522
525054
741453
730618
294206
323538
718240
82757
213506
272979
550754
577120
337720
853709
663422
464964
296300
676345
945717
454547
785315
85728
162191
457590
253260
290464
944395
473333
394926
840589
47740
516211
418066
849797
675096
380535
995288
836645
831226
341191
795351
163038
907716
355411
619434
862818
247442
253562
814728
976478
782487
519456
233269
28554
360007
900765
688437
226057
229297
481048
516935
602007
954196
897502
119865
827896
851729
994785
585933
754807
844906
486182
516413
800947
295974
665990
188320
538434
548296
413821
456352
180178
983747
135233
950361
730406
323956
221982
343530
684838
283217
142818
662894
597128
100319
216790
619135
20537
110607
781309
923209
323909
155584
507789
967787
594132
48340
355125
947462
239403
815897
802233
582927
980540
845292
287909
422245
299575
705771
248187
16652
634051
731270
178302
678421
350158
425845
803119
39898
260976
752415
933394
201182
714556
569399
633486
80025
90560
722773
467346
704150
347939
806547
790901
434561
155276
997573
167220
177650
412686
118555
894016
707404
947093
301533
16750
713042
153730
849225
765055
827446
906488
861471
908423
858861
565251
476913
467662
821724
893674
317751
388728
763945
91689
973783
557430
742293
66954
196925
5425
751680
97996
467736
612936
64728
540402
233939
166263
807685
645096
778487
661990
519330
61504
771391
238390
918356
683803
640371
953860
347622
706924
459988
204719
108123
832998
123985
718931
898554
265834
566250
791043
104367
173049
63237
644425
817868
974083
513380
34403
823928
906668
909078
844637
641855
911810
80857
913990
556292
341546
541535
786311
446654
610040
207531
834437
379560
870496
185635
470701
131620
561833
146570
929917
661705
142081
496903
618497
738126
491365
994237
357804
621715
348146
44315
542148
559871
179987
903063
989718
340335
701624
345622
465399
79734
742472
916354
78500
534941
428149
268939
869928
616137
150038
512164
59203
442161
463813
288612
45498
272216
947338
751595
620485
285908
449391
595195
98380
49093
371682
605431
801230
112179
819190
742854
718235
396543
223383
791279
855365
842535
161907
59827
104353
995425
135344
731856
3302
224858
801638
142894
610235
288386
387348
892638
449617
162923
792805
664927
589839
931187
845026
874360
964357
176799
378468
16624
721494
94742
22174
527868
303825
290900
60784
802610
186137
866373
520011
440726
841835
634659
671135
806600
909116
779643
11252
853440
903623
58504
173439
235968
393544
733492
359913
977714
186837
646473
745250
100920
791578
428045
259096
963131
872726
619744
667094
755145
723015
176953
530375
666534
888785
544648
918891
594564
333836
297624
467191
172199
58484
441
44183
926147
489704
956932
159289
751123
7736
505370
413552
952653
792952
640433
962438
452432
542100
390617
536983
691257
774095
80327
327164
935161
467319
975950
174218
40583
579643
808188
234193
812626
141231
235938
650398
245893
429516
345185
852480
476870
289391
126993
572374
548432
155102
548940
662154
362326
85822
515981
440841
917656
154660
699988
861817
662181
611467
14465
261983
181063
93608
842631
351572
444186
797132
182156
835008
272224
327446
974636
870617
839116
422249
956682
898003
383290
241462
691640
602347
237594
187797
308899
412087
805142
612940
652317
261306
812946
436596
284119
911858
809361
996413
763886
998625
97848
184475
768731
753800
35230
636624
508030
554034
634354
884014
920909
416143
189871
109671
907089
663196
895185
731510
168892
376080
939138
488648
805260
155147
663873
100380
815726
28713
677452
44137
355119
676601
518953
378786
384996
370503
739292
859973
634217
282295
516002
412596
81152
937236
895997
1554
234871
756524
544035
233751
551056
517309
791712
329108
619152
20716
448415
693299
777666
136366
959463
205407
350331
42315
654429
781826
753075
217046
561596
741036
143667
256427
444110
811700
178260
330942
648745
985657
17244
782245
520877
526291
764606
290329
395149
471207
506882
496963
181977
59256
449
45116
881200
72285
810925
326781
959099
182601
726597
760378
391182
609634
59315
845403
325558
115496
513564
619581
224862
879159
158198
111465
94298
936050
812674
52745
672880
409024
707917
282313
249422
433656
201465
353237
566106
560112
16983
215421
160802
586798
353219
807737
710538
1122
107777
749236
68768
220571
760199
182030
656720
987027
963776
584938
754962
825372
375528
484325
628195
810636
335917
944680
844847
707684
502478
303039
567876
243678
597722
26389
6889
998169
411674
14895
66265
14277
817807
926121
664474
268527
416838
795287
341351
368828
617566
789896
529069
363363
870113
968419
274896
226559
68058
792536
530744
886770
24874
386706
967252
615848
981252
396310
905828
991630
551624
724845
793742
786530
86111
537767
550030
304084
475917
262544
839815
166170
107132
46114
865622
508181
191193
986079
886273
319299
568967
765746
335220
20486
378722
934568
512093
79650
309960
716292
104849
35999
898615
972122
113706
518474
718638
438990
309617
202660
340517
842528
393850
826261
124350
784890
686716
156340
366455
8002
12866
251257
336689
967600
917601
785546
346420
56100
642205
575196
760535
949055
956565
417379
616558
359476
377544
414485
943225
315185
587619
343387
424693
695697
289378
908836
230738
8276
583356
192815
764012
532628
375737
583466
703583
14732
839838
502678
16638
809105
950049
577335
142502
977379
994339
549746
792842
453382
725619
322373
586496
206173
253833
363832
307742
476262
110526
635123
724364
72688
768417
363075
56331
774087
784884
280313
849079
129191
635199
549756
489445
108087
140120
36902
135482
504756
908715
379748
732134
545608
435355
5227
757657
464355
919961
783820
464446
368369
520841
785533
785986
874198
830596
718729
831264
707518
547947
598356
39885
674599
686017
615473
734242
669058
943021
186656
187360
890218
692482
431848
666891
217753
262874
175553
610824
42051
631216
871651
901405
438841
124346
520418
796181
786777
102502
337900
734210
854737
717595
798261
170300
480783
72729
565619
830078
448354
714579
585121
769730
203321
89243
258434
891869
315620
669388
343872
321931
619525
866593
382648
619175
728945
552931
881106
926018
951088
13970
173762
512464
550781
58919
5171
769003
328215
844315
312609
965483
185402
646231
273552
360815
385840
379096
890567
331965
103558
276574
884391
936332
393573
976738
987819
185114
385303
303127
150295
792394
261103
440999
208461
328187
698580
228586
130707
454047
393676
104219
999302
858748
583485
201870
259178
617743
222891
591966
345249
200176
279076
890297
845169
435663
569953
365112
138290
671680
585219
579875
195707
635396
167182
62166
345279
812949
296591
773964
223987
240340
412780
768634
723041
53797
336030
939772
100673
69778
982048
190014
507404
40773
249170
313623
134091
590170
367694
615327
768807
343879
30041
439390
620185
375101
249001
182326
721638
457908
92548
112339
723223
915145
826406
748571
776552
354854
721980
951281
929304
562473
298357
158806
147247
383765
766123
208752
831587
457323
814972
859465
556917
62174
641605
158355
892114
826050
681211
301546
132082
440309
993432
493031
231316
956927
646672
330845
664822
438101
875389
446713
139670
849274
619019
232517
790929
936718
306089
411607
112550
549062
717375
337362
617446
175590
732495
114387
770171
727387
535302
883460
269514
719000
26824
290849
632187
946527
448007
570713
856915
646091
787562
377
255716
579777
808885
896310
674590
623767
38274
969371
969384
761679
778244
687184
774295
154083
752815
611348
720008
261618
674715
339665
266673
813780
978531
305344
562562
607872
228379
210035
764229
114544
960999
835754
561329
294426
101558
870758
672637
577643
18833
284616
353335
92851
631454
591096
90307
778587
72152
835400
612931
562480
212570
558373
328220
625789
628692
130052
751042
593208
501493
564755
272089
717677
849652
828173
234060
503953
624505
712986
968161
506390
781113
788417
630756
103426
736503
928970
978289
319196
602973
853855
569973
894908
421538
613793
856418
732451
212430
425305
980133
358913
569588
501254
371962
711788
495583
997522
978377
169772
341330
766508
655368
713108
626529
901012
383990
662964
539286
636426
185356
837839
787114
552455
227851
955746
303661
835371
958030
739979
272200
427081
113321
860324
689105
44066
769433
967746
364650
894570
612222
80620
263382
688031
849138
21924
654777
315058
619571
299468
181819
940149
369951
479747
689814
613097
463985
611134
13344
476598
583272
881743
6191
537273
84589
386975
729598
301694
625076
81985
2691
377054
697220
796485
975152
37285
294440
526835
439581
639353
49297
812656
716636
403414
562380
5107
474277
990801
369314
268692
960535
873224
974172
935703
156362
774400
981249
741937
791082
81379
772960
204555
766568
29538
871233
433969
790708
303096
258232
783867
794259
225075
983073
389765
359866
344956
452258
589517
129287
568360
469337
105040
625245
307405
259003
876487
53157
905274
690588
373973
748978
963192
553575
522619
324857
586538
634859
987014
507538
226337
341136
333671
553583
206147
47883
768203
901300
363924
819410
817557
87504
121579
985339
201954
883085
489202
802825
155354
889261
185926
263961
96358
904613
794201
844535
88078
855356
631615
900085
823654
725153
338386
205701
248159
150903
762213
401753
43301
225366
529769
41986
133006
730213
1624
580769
963923
899169
725614
323771
265650
510982
597197
433398
199677
679704
39771
238615
194429
849453
819227
887123
562747
31763
667385
365434
871483
197043
151387
824114
468026
735071
328447
188153
3800
452615
933004
601194
871219
579228
138706
603215
156619
19553
766813
876132
147738
968966
414066
131691
263373
686751
334626
577752
161042
535612
778553
593480
456642
804620
724139
533990
405072
300718
690871
74706
849694
97271
585104
51290
914992
749132
594246
840199
305055
261124
965874
536731
816491
799255
966907
40054
134645
520275
143843
448243
715273
382123
169695
526832
949663
800435
177427
513778
183488
400199
106147
853896
889631
892223
104772
995506
312435
55444
842741
681918
28265
492435
703283
301736
851237
162677
118117
456519
434608
93649
213134
168762
667376
334133
21193
843590
932651
846336
955826
753896
863129
322858
624473
43913
479211
896796
44457
964192
408359
385721
224247
783300
544453
87305
217389
149643
77300
85042
487690
27061
949972
753783
874837
783206
533324
898587
690585
30818
27081
729040
50359
812094
12856
120189
854998
22307
849269
963039
554411
696744
214084
720473
93151
641538
501515
62113
62765
314677
398975
675676
503846
17193
89441
20217
238517
567168
491776
640116
637567
46147
918428
809281
63083
251893
343584
749950
33178
500871
93176
268650
868534
399666
620202
803906
415095
65185
13790
776006
871619
577640
557014
488592
173515
429389
929071
494486
414923
139899
736205
847402
383786
316511
646767
398935
853724
386314
944471
513930
977
699610
933950
475094
120943
600486
873050
209224
261392
996290
805797
275963
181509
270138
722206
316249
957454
465104
5361
824613
58850
521665
765912
806067
244244
566938
1401
323711
975413
594224
133776
44770
907449
920360
514990
432299
410032
62033
30980
116294
450924
31620
880901
942774
584996
184481
432099
110975
663376
732613
837065
229629
221434
462651
442886
629478
455608
535002
142172
652702
695459
705903
458273
4999
69919
356160
948526
457569
670516
612676
551166
99598
98042
747464
66425
630695
541703
319439
922211
141530
2249
928556
751514
738689
327598
787775
32407
170467
715627
645956
153699
127712
80685
987253
773172
138581
731497
972179
355159
104854
922913
996178
126809
330860
545894
372793
450208
231068
635518
372575
465166
11924
694245
745178
113398
645537
539359
701313
286914
375172
869412
442826
30947
179427
999123
677508
568739
777952
770649
657064
600944
182567
671399
528580
2666
275390
586333
162352
922227
575841
54474
956762
704779
409604
364493
118457
916391
873096
781582
616709
441510
565755
448269
900824
313022
245655
137464
734443
858024
142878
365874
456571
138120
404981
554979
399037
521341
98127
757849
429643
213673
69671
930303
893136
647603
246362
257384
999772
454114
662552
318525
595006
93210
629875
402108
697265
901470
956576
344363
891055
427609
13512
48829
49290
247542
955987
645125
841997
727027
754124
228708
770658
298884
42824
238394
110982
710969
207331
705691
827897
90164
561121
128130
459387
804084
888443
160911
509836
871876
371461
64953
349301
305428
611718
471127
308255
721156
618562
616868
491969
899094
902142
198731
533567
469482
240611
328626
234903
451158
643521
440279
495504
504644
127371
555528
771144
721026
100887
300363
806185
109103
126189
289280
557486
51012
607858
366976
605697
89711
31065
887322
65688
189528
801380
925789
118580
170018
842182
914675
973489
211566
614002
209600
213984
748397
310714
935285
825972
466813
894866
573178
671121
197190
305086
581669
4692
378834
980652
453751
491791
88583
309620
145848
943028
352109
384942
936008
897572
322339
327939
708764
142807
894354
998584
466937
983953
136111
224532
169315
672501
179011
238767
395710
536106
214076
223358
894061
693289
759527
320766
109068
147530
882938
912525
614044
451980
607396
8248
592385
948293
869918
673298
715602
816916
823277
740660
798347
37959
185630
480566
352225
952058
985587
937142
819194
493507
381665
697672
765718
565959
296209
318271
198580
495151
934622
959312
951673
912695
681702
87596
287751
179262
892474
417449
761586
746103
216448
676757
562320
459727
210833
912082
626631
21388
81788
775648
31643
731987
792021
363532
304397
558801
839699
771616
652022
134658
279528
756849
684597
850988
794489
845258
235494
122158
247880
276858
687881
678151
426087
979844
999802
68994
321553
292557
193824
173721
36830
516091
807090
180685
886527
75818
297234
155278
109610
350925
463664
719778
371323
930234
295055
710114
913251
233218
130759
554558
441591
830513
370384
292932
854861
641161
640816
297078
771901
604589
701483
51658
14689
301982
118862
176594
683054
214551
690322
122122
192067
104978
771829
173636
289323
85383
657060
766036
174986
736538
877485
589078
412270
134769
329492
497358
632942
774727
726124
138440
736119
204599
974673
387029
74717
629325
375620
110453
165920
363414
5469
153961
664758
287292
592352
100024
788575
115271
10573
384565
407467
777247
551896
216967
832485
547847
23252
18205
643804
642069
994993
809669
948024
851666
533084
173254
800041
392059
762967
331955
603065
56019
442899
974198
893929
450830
63905
239723
810241
494150
727421
598774
266122
723706
164500
77030
248207
862473
375004
802754
554742
343622
555456
477294
123377
760864
545843
70038
29344
180646
840581
411552
477350
940748
257670
397973
360413
114869
920857
827220
701293
905597
41851
641042
191134
770453
395601
538004
821109
764201
249426
681322
782693
44752
69938
200182
898828
295183
301706
243536
384396
969470
674759
727479
641455
334228
153140
849168
909019
674731
12592
369849
834811
603624
557845
81852
114221
301280
203344
464539
346101
812613
915727
981223
107315
92677
902045
332068
872986
776268
574492
669051
18403
109912
880404
499949
257093
109365
754014
954800
70252
250988
699593
399391
106386
769167
712378
83406
477272
773412
628558
917857
203134
682092
290112
413494
821036
335648
761880
57347
773093
627571
515935
729435
729937
743986
449453
348848
935788
720893
236561
70544
19538
715732
177796
485596
915562
243761
827848
879077
825337
299688
186644
762081
543782
817840
391225
348104
78507
139448
248269
392868
344179
896582
547721
314686
264210
200204
275238
873092
637069
780991
354319
435884
27534
106871
226359
887371
232183
964904
801849
264976
470672
923848
478632
886726
948902
590876
621766
88172
98590
293772
887762
318374
229697
73957
420349
844189
884888
361389
147498
544728
695626
273121
501977
735247
939243
646543
485873
294295
564193
531388
791913
293128
678005
217725
545384
474586
690170
688520
900131
456451
910244
942437
534500
913370
610671
989943
326885
622288
638232
473707
562842
805527
766651
274806
880750
677653
773462
2288
33224
777968
58646
858841
644185
375494
602170
803124
263742
366045
104958
200329
567175
227034
461164
216868
794315
59618
575189
251934
41538
8247
307947
699934
306480
263216
876961
866133
875477
876938
531245
212651
426265
891589
807304
463990
659491
141728
865769
94920
460917
324171
753143
161165
653025
102537
17979
884215
564659
350440
476682
569383
841337
223119
866216
686249
92937
387087
341903
28179
79364
479086
968022
618641
950806
979411
255324
320035
27374
962204
817170
698729
362022
285235
46523
948321
664570
94967
669822
665699
498437
11737
180169
283097
758636
545858
551017
230200
811952
258751
328300
593268
424038
274111
931730
88036
231688
108386
271866
56269
409509
33815
223395
48595
388913
388936
667393
808966
394551
100116
562533
348147
222620
60433
964427
270172
325878
653953
191530
528575
382452
333611
744116
349733
74835
342814
462944
721785
962129
242899
358818
854564
746029
229088
988621
510939
375579
62869
552420
774162
611538
292567
304169
86645
418793
833736
864122
85327
406038
123819
857834
922635
300422
881865
921623
297197
564273
429160
766546
996063
161747
340600
528597
978433
116901
870028
868290
131953
457431
411880
962520
182081
761945
292651
172083
804170
472982
669737
306720
322843
64782
884890
445897
490192
117211
679976
543155
22681
674427
492676
711345
403274
987889
279649
68707
519744
382651
175026
99904
252024
314163
623757
57115
528261
419391
50156
305897
891825
890193
33484
852099
323065
180061
695213
64984
260385
567787
760466
982825
136786
959810
119534
268164
250010
758561
530366
235754
680647
711507
760690
353762
581876
79132
446747
115258
905447
805770
928456
966574
322382
109595
612909
998669
701682
222530
783118
21014
985407
596494
690943
783649
722323
639994
911777
46105
265048
459405
598417
364807
157711
668286
123551
201274
893373
463297
631509
450275
252798
665982
547354
399468
194022
781774
279198
815249
829660
552912
974055
843802
911112
975409
5242
655832
170711
904633
362815
248428
740750
56871
413745
323784
487221
378846
234708
785354
157392
386967
603940
176772
596073
725915
656863
649041
541829
820086
89233
516129
820777
735362
843878
998491
802337
107354
210128
285849
930024
595595
155111
694699
427037
766190
494084
777171
810104
8782
345240
995134
161077
977896
559893
905841
435101
22662
510938
852699
180282
349097
110616
557614
576309
415663
261841
921928
136937
702928
141310
533773
353847
554855
362595
224793
404291
806108
896487
670924
761876
308490
142181
404568
969172
688898
584541
841353
915016
860478
446641
493356
296646
601052
70392
365005
386186
201335
168972
31279
213973
892765
563815
346696
531014
346976
574939
96185
37229
159535
849736
517846
43395
610905
763160
98858
394710
220234
233933
16923
556941
890641
816575
507353
953215
447458
671874
188213
625869
352352
872121
776422
282757
109083
734556
960959
205346
163848
321377
276871
91450
396470
252133
465030
470361
811976
920398
615229
376505
44387
227926
708470
245998
316358
634206
980779
471896
8294
487543
290846
117372
683348
749035
507064
631051
605269
931337
435292
177064
399479
573898
134195
625619
495760
173274
409475
388293
988762
658959
470499
27757
407942
446973
693189
171456
613126
308778
276616
623377
852544
873514
756404
546600
780049
594148
21329
294008
46284
694998
390937
713623
192122
394307
392128
638784
821247
640102
475137
335072
479612
517136
516807
828801
329531
395010
912490
377595
919352
271065
923652
173111
323305
94399
879262
796459
584502
378628
914961
695570
298217
695982
238338
874091
209236
705616
347519
925554
574769
299620
689958
837494
588944
775752
247470
715759
244125
218308
17462
870076
136950
978295
82642
860147
277745
868511
887788
525399
346332
987496
442433
591508
285166
348531
952482
979200
1992
453147
265793
352353
394134
23037
902374
984702
450040
303840
746570
985978
595451
432117
503975
893704
810797
37819
596546
92537
98113
614273
818495
39763
558945
54271
774659
591630
658298
939058
602705
659969
633188
236582
608320
22308
899832
349657
13347
689013
375316
870902
658692
654686
25229
603253
769328
257346
921820
657494
769099
380309
667538
560591
39493
367151
410285
801939
52427
903793
734940
75213
203265
358031
778997
354591
252124
126028
927903
520340
895089
188731
886854
183829
713516
8070
241193
146626
723377
504340
815318
276193
189395
174457
915200
667353
173432
875111
56807
64365
392323
804735
608078
274540
773117
675650
834266
889228
744602
788320
510613
17625
560944
825777
14185
886691
108076
326890
449442
25056
149498
463336
172176
317664
747906
425208
127606
597628
352634
268880
395431
195422
781077
102294
8759
265835
471131
528132
594262
292439
93054
607080
555740
730935
418642
989649
411875
491041
271796
177987
684909
697704
676614
181147
558730
229910
148542
393817
106468
965273
486651
111471
852021
652914
512384
64880
384990
57831
631669
217945
196449
836587
735684
782562
950502
852947
240802
553245
800178
932475
890836
503034
721755
590013
692203
333906
349715
395148
171736
635859
494362
231801
810651
285286
381496
489836
823927
883884
932459
141324
199603
990223
618231
218889
279905
575917
135744
694155
385482
740598
650906
788250
364391
382458
586318
816682
768747
166915
665351
630477
534374
191206
987145
891080
484148
601390
937946
42731
684369
379110
877684
92027
93465
23210
265819
162361
402100
797883
616190
29244
355911
131650
386633
461489
370619
829919
874111
604667
131780
429449
82847
713838
50398
841205
705348
596414
77692
465223
519233
141140
348467
76314
369074
755442
405739
316460
72342
958501
298079
930773
693688
415163
280721
484232
844221
381791
706092
309449
151516
926897
507514
683251
94340
439853
803334
615124
65526
583696
678891
547998
242863
796037
121054
915614
576438
144154
766763
400918
368267
535953
596625
520914
93798
593664
130006
861207
551277
121468
815036
776289
313476
715976
590531
707581
268414
468698
119640
283685
754659
201894
332702
430609
781162
364578
707407
782732
622324
248376
340144
726125
624290
456818
484655
19618
484481
181917
911901
299953
361393
716327
589033
969191
661006
746697
765578
94772
293426
968474
781364
101864
671805
793223
806674
510223
312007
28369
755935
832235
835161
780144
59515
223813
811036
783093
831658
724332
644414
846954
495755
690145
958369
857178
588655
603980
39533
895202
962317
365040
334998
673744
835971
657688
571747
304578
967270
960487
779287
192068
261655
667595
127893
182389
714500
613917
88091
303632
822553
587278
994137
594844
444154
801908
486634
138140
919789
376313
300642
354875
780254
374035
946634
923739
410096
334163
692691
724102
763700
176632
709560
842768
101615
690147
227877
467498
714129
216348
823312
140776
236060
655560
17807
396852
538538
621764
482861
325012
580534
774099
818251
445348
557048
426242
674214
616252
293896
505585
235369
125339
71253
959626
406063
781907
995336
529991
931255
999951
471371
641242
721247
906463
578496
793162
463735
626128
35557
549960
242643
29240
735382
997068
910669
831225
701466
432840
996667
892509
121951
382783
605842
8453
98246
816445
213298
356659
659481
318249
546353
231518
717979
397468
259197
546615
103599
601662
732754
470899
275626
717751
968179
130019
99102
704957
31527
749079
516358
935063
526076
67959
935385
44017
391417
57356
742425
248500
450629
111454
789230
397576
819936
397527
622880
94735
798017
266909
252413
303698
26095
367714
222104
747350
376426
489558
940974
263910
858512
961202
400361
906473
129653
690405
230199
127692
143822
49026
621372
770843
360526
911423
991402
934379
985822
177762
446618
874959
150071
903671
633827
863841
334685
847195
76096
237394
780701
421633
483870
581950
723065
165386
853072
533444
459031
4984
468431
346911
921743
232093
572574
351563
221225
301099
916720
387776
305191
610140
711939
813459
971595
691263
394745
336018
859527
992954
480834
833004
972117
207582
909579
673153
417903
216324
155838
662984
479114
143336
52658
298014
972832
384073
527856
819708
945708
855021
651296
637529
933199
357154
811552
560625
696071
789099
659912
397443
414008
57106
68212
288505
865233
702635
235720
380187
128350
455228
972856
241822
634246
386188
52683
471606
647749
387363
365847
757626
322515
434814
203231
167304
580143
553278
455249
133538
949348
732910
382263
581368
756748
186018
736248
619611
593406
323839
691955
241057
81936
531106
189093
942544
613539
628093
458956
593865
535105
932763
258474
57785
937360
489648
116214
241409
474261
771959
533898
466287
671800
227823
446567
772015
666751
380586
309021
659108
91939
922930
402472
748113
124142
370167
622214
968147
179086
299612
365202
559624
934137
50939
754007
964115
159416
86106
460687
895857
389261
450888
872349
943697
465467
107752
238185
123730
502315
934891
383846
277293
21143
96044
805412
786183
331526
238025
54518
845788
907656
703372
290694
574095
844746
81353
615055
745998
363652
975970
625264
106283
167649
981132
378155
938096
475083
262662
398234
989296
122925
373265
981598
182680
541348
871185
861868
201155
188996
473324
938183
739431
539417
771068
114768
405470
786628
300740
397398
498782
855332
247677
916216
369755
589888
970467
927962
934345
137418
719498
931543
520744
70981
582245
618429
729602
531670
237543
76893
774083
936895
819616
572313
256105
826329
781456
125624
349117
825128
390050
963428
131800
720751
262845
455651
493262
670544
983703
577036
168218
914116
982143
571065
543754
192811
569636
727219
232247
796145
498027
168745
264653
65354
192373
40797
16984
729520
558994
476772
358150
699352
390676
296117
969702
401767
33772
29927
412306
728397
397960
590045
251555
377190
790240
458507
750911
455101
197826
353939
130025
802483
396407
786978
66021
666169
421402
56927
631508
557671
828069
864415
321706
905359
381160
663647
379772
880336
113354
515493
639830
486449
720876
614178
207946
104825
818218
849986
976607
421674
607296
820012
737082
658612
271218
940794
107959
406059
909022
637508
970965
309889
21069
605561
734821
153578
524274
990494
285108
672385
7258
40135
734208
789332
536264
2860
442703
901128
89648
550397
72777
345359
244676
499580
663992
259729
66591
377193
449411
228823
878594
494676
989981
707556
234913
914754
262692
317821
267757
563835
953206
666917
33013
187827
123139
814573
238418
634485
638135
429705
313616
595712
848314
430259
125719
236780
953136
382108
795354
717472
133722
937207
137465
252950
942858
847619
931315
74955
680379
50239
22480
624017
324524
871364
830792
375429
500641
929879
218981
80526
779644
867267
615708
754740
244711
578618
253185
343099
871284
230974
444434
781102
500807
502794
941871
62018
173025
49814
465649
540520
313897
471993
69124
905264
289151
511926
46483
934408
337280
965967
768707
900739
199930
698289
36851
187451
281862
249304
49153
14728
510569
552600
201625
509804
175981
150536
470014
3528
278601
323051
10478
264071
622532
672049
378574
343204
97640
377596
157135
666305
750648
634896
750969
362136
430148
565814
621458
469032
994391
648683
264385
179429
537006
574480
304325
198859
801399
409994
258490
267507
33911
851562
644629
685121
734644
825401
355390
169063
82613
546789
586250
683365
14916
41563
487252
162442
728358
376836
669839
612952
828586
247600
274437
576310
631788
487686
728587
217768
200086
692569
316279
945035
645028
215063
56191
498813
539977
860429
427117
973974
777888
660166
78630
423201
954738
386984
78324
344812
595733
594683
441571
9172
110309
439569
293818
8085
693412
860284
150665
276074
490419
793895
867797
204382
760671
306430
575733
635241
743042
756883
459134
562573
852317
147310
291509
291855
638787
312214
764392
51464
552590
480046
142239
767109
22247
724515
481942
151877
792317
980241
604489
743188
454561
48618
724215
926751
332789
463331
148310
899942
240771
560189
938573
702451
933248
220316
413838
308581
565596
164720
611352
236476
33990
68230
766012
487658
696016
611699
336868
515929
748935
95900
528690
336293
363228
947440
422036
644538
850906
453703
870931
607085
151947
257974
889766
993407
776815
854279
231310
143082
366392
366546
380056
142283
651756
871871
976016
333605
