690401
625559
777533
448079
468649
653443
769012
653436
792197
478627
382302
494381
83154
169190
781353
302859
433728
550863
188793
189114
618304
842065
971169
340228
265275
440186
868002
195726
731519
184272
761383
749688
432382
346481
240398
902586
627516
168737
298425
502325
137496
482074
460492
731660
582893
699914
859931
262835
377466
626234
813543
965603
236354
565301
427373
891915
384717
536343
990020
558156
594726
660044
18088
618251
307013
634296
204165
115170
839608
39715
66375
971130
419245
714552
730464
261481
396396
864868
709532
419092
293558
251594
387083
712604
298841
723673
403187
163033
373969
608732
654708
436799
706825
535188
187681
91165
325142
547067
871056
170309
121942
481935
119864
652367
489625
539840
69237
187305
616644
869997
962162
557564
486131
362994
246351
356929
757559
539262
827841
980979
230889
172012
911753
476493
697211
408451
600767
849716
889968
766452
701331
5014
257527
375139
588996
196402
918732
560647
713279
807816
489368
5847
237035
492638
217890
101130
606626
973081
34390
665513
491803
121706
934331
450925
610968
946464
615139
113582
241829
660989
934910
727795
41927
399542
85961
758924
759452
912674
30880
556469
692079
441604
215437
859593
532730
597494
712749
595521
604968
717851
951168
47761
602260
621182
989540
299425
185174
11290
394064
768488
845636
541918
207467
604708
358236
221841
54635
414783
866152
361126
372513
748171
841714
875937
801273
804698
108317
627466
963630
984065
79721
36556
794733
237990
403194
132278
844626
473573
731282
659652
732133
624320
200693
402667
108245
719116
247351
459232
209876
916803
433689
925710
334066
263432
639804
839872
631511
622862
121140
659131
523669
967109
114936
611941
523128
557165
957642
910824
963561
717605
828872
6411
562191
49960
750835
434712
844492
43221
747060
368255
638192
550001
781246
638552
955060
144086
774423
792408
710104
967563
767559
854300
119459
12864
138506
484523
2713
512222
188100
621943
413818
625200
213643
840057
675308
13936
989230
730177
631086
854481
761746
929717
34099
561618
277984
423298
550947
266987
737050
938415
182355
57246
64071
87722
352233
295121
451024
118963
767363
72158
933673
574129
334077
727139
62889
41998
579290
522531
385610
903257
760687
421088
673060
157094
276814
519261
997971
583600
238126
916240
619144
325850
486873
674783
595837
233003
464582
79197
882387
964430
780240
259768
896823
64942
81143
480544
261302
798293
352012
771161
630376
643551
18560
758604
271165
657981
7625
652419
322972
856097
414611
638251
179368
613995
929392
608518
453635
758543
619814
444952
129436
721295
234995
971604
975434
2764
224495
111291
268569
637175
473870
265043
577984
20449
431325
801082
745836
222799
163391
33370
221766
368512
254921
43257
164775
916478
963765
698162
227003
446710
484218
282016
66988
935450
643212
902594
448758
786276
660089
562225
976157
121778
361864
88076
921712
184090
696364
587955
833480
916410
92032
934984
444223
447005
861280
157769
72281
327103
855646
495941
543923
742740
413258
507020
420762
999482
834834
171541
824790
941700
798388
378346
585706
584273
442305
214969
663268
126374
183953
571722
259872
187732
225612
700085
187220
960941
800669
349655
185703
510072
425153
774585
127645
126413
525557
120904
282804
812304
643668
153388
105191
918303
270052
652655
781099
941726
637827
664477
946058
419774
808811
26328
11846
450558
385386
424606
91980
308031
644770
852602
2403
507995
816301
415474
768275
204059
255440
585165
697681
248345
989965
681707
945058
828499
475863
701480
506914
691377
776944
872185
581323
587040
184895
608440
524687
559039
136234
27151
377788
397943
918845
395861
404966
547699
576379
825237
159797
46530
375093
562273
546198
435264
613898
180849
236792
418707
171530
970420
867752
733685
64048
465776
592428
7749
555305
753965
872969
977417
19185
994044
679346
427855
120591
375908
537180
117436
351772
246149
651594
494370
74496
34836
63676
92361
33821
805666
341421
228688
498907
228705
75651
778896
552053
631601
811304
302226
922511
819985
585183
825375
147200
7784
196145
350810
387985
390544
794881
866505
185738
800051
503891
183614
966368
450837
347197
121414
465150
435119
791140
359
121545
343821
419894
938034
539116
723640
746258
574909
250926
430633
110082
160623
53959
673468
335734
755106
96462
969845
420590
544975
143679
877502
170817
291777
360313
123273
928878
719772
618669
768981
445507
3092
477825
230471
189499
108296
682972
576713
880484
522150
472159
842358
542830
810331
78729
507419
637443
226920
592222
890435
441045
757392
980016
624775
670218
164535
512904
775147
360357
763195
970221
476883
890124
237191
176885
73812
784177
923327
161038
170273
307723
497138
777241
617335
328398
131154
316043
345467
76292
564516
141456
972470
810003
166092
855119
461712
806245
762798
913048
109868
386463
800034
495162
33553
213394
23982
492259
947512
588048
518844
155925
815794
511494
317671
253704
276098
738280
19191
15620
704199
562850
323641
246723
338017
420544
813116
340612
395616
100692
160713
9917
849045
411826
311109
820564
266045
926429
244729
724035
982410
753979
751482
82262
327319
840732
781213
397080
888215
269927
883929
167536
307008
920843
999512
851003
417230
927500
774721
905999
491386
219795
984345
90888
146148
877778
153356
180769
350922
928832
592411
467528
132940
196105
996373
41493
901836
882283
965439
723054
169313
422156
495608
522777
986566
346766
754578
555029
164122
968893
357492
102328
856727
757046
378870
754130
756688
264588
569705
776776
152698
213104
272364
734269
814865
394599
692474
286032
961615
633405
152385
669813
563603
723763
231226
983022
595380
82754
785659
420907
821281
148347
231506
701398
520091
975460
122957
710255
916743
245595
858027
315273
898266
120192
520806
552280
611848
823561
479923
634636
787914
59187
4028
887200
601813
872553
208214
757310
473118
553559
130198
499408
542770
253570
282653
960992
908664
779043
33743
197486
532410
509703
552523
125676
557407
301206
125930
389475
927051
557626
509762
39077
887740
980004
670072
734262
867427
645944
804389
30714
764704
111161
678987
195017
581434
321728
64935
674554
757993
701798
269260
348458
643446
505359
731086
819275
505538
682298
985902
757626
502378
189705
105864
52049
561052
177265
711687
691842
508564
558954
102264
852589
193605
424442
682460
406346
490254
852288
643666
16882
268491
89375
728784
716175
336429
603027
993848
21049
995991
925810
100
484401
813445
155750
381603
594863
875875
865449
861608
900513
709524
830840
595592
938859
329810
40797
627473
788025
419374
630629
248737
519514
73702
611133
627362
847619
261472
18467
197581
286905
639051
526544
110867
216809
927875
615277
782688
899002
101241
851116
810110
881979
452690
176487
800356
338234
60739
921089
351924
661238
793505
486614
786350
219807
139603
347800
934767
427899
854584
873980
987369
396305
632830
156807
35280
456762
8411
51777
675673
84362
339696
519949
679397
973797
296618
854034
634327
263574
879335
267164
275025
376257
493876
645457
91656
655897
220135
453070
966048
297441
813230
391219
975745
249833
585683
188304
193379
656355
73405
313484
649825
827009
857998
414373
142265
92750
236106
510802
5525
817998
42531
667250
163955
554484
530414
995665
900596
538568
568737
590180
717912
51988
264404
187072
311723
353641
680602
292184
998587
301009
733671
490122
177036
317046
324657
849872
652244
939562
740703
389136
837118
781273
675384
450495
902017
784567
695394
662662
829486
128894
997257
510884
603043
994566
722314
480822
2695
269445
675615
336226
518878
964151
499175
255588
762906
373813
316646
861443
216883
789401
584729
60724
245952
137401
204456
977326
189450
595934
575668
158718
295403
985938
90698
731070
803169
537727
356759
996533
787065
933950
209622
90652
703733
897827
875249
82947
833177
299068
784517
957185
228503
629320
419384
164522
40537
392793
301864
340493
936867
561572
675721
434490
296546
580143
18672
243674
837734
82460
525485
481395
24934
967694
40771
704467
920917
903637
162596
960967
792962
748945
397382
69081
524247
568543
469662
922688
621606
641403
93844
357120
153929
332291
455198
15429
175750
628165
870844
348170
544180
593742
633194
138635
187719
207140
449486
713132
215557
328898
960237
90293
566451
296803
784991
862798
446290
234128
769501
370302
613518
968784
407248
413162
383792
427345
535122
709144
650960
287911
927194
415402
838871
118126
974917
492199
908977
524429
37557
237688
640359
672768
185580
426166
123832
812306
113082
339561
590273
1603
428155
658115
7661
970655
358694
736243
535974
199626
738200
781848
23287
859043
728229
423951
330494
193481
429666
354571
568194
253068
721636
723490
493655
156098
875092
398202
496247
836871
391740
174364
791554
388168
694353
174014
367663
395782
718585
923930
140969
218965
744248
795730
732227
725501
448622
915515
665334
357366
332083
838163
170484
768913
896973
969631
347411
953889
842241
136241
373197
957905
597892
873592
940737
323932
476779
379366
553474
732563
311025
956699
412000
331080
847119
660651
337900
505495
985928
294064
917725
608534
444849
645599
143011
35409
994321
681961
226326
504845
66476
540418
852499
662869
900745
872699
106848
875647
541863
168742
997941
621703
232021
20268
210673
40737
438345
556798
292854
616575
599148
933369
380134
855142
751421
120453
397964
675365
927887
612737
564384
667218
332508
1093
163555
51191
992714
145542
132762
85408
945521
879939
396151
837468
422668
661776
337012
385851
885198
711979
77744
228453
857350
538702
125897
156332
796630
890794
972047
759981
392572
510475
216500
300932
507535
515581
908338
748341
685115
393338
833078
354907
938190
722961
571407
904000
365613
559590
298760
351138
271012
363935
781390
899520
217702
407937
62135
386625
320371
187374
389368
376781
326736
980735
512163
228222
445438
467823
968509
993057
763635
390488
947209
510656
338659
356024
916660
7088
191655
169299
162767
265882
543816
170143
860684
801015
682256
504350
22260
623762
27242
94238
424256
836616
881342
445066
125282
268882
293190
996133
870495
798781
158394
787419
538210
328683
6741
482595
954483
173447
554025
268830
819142
105248
985381
469021
562330
841579
559051
674142
60106
688529
444501
733235
959787
970724
857734
115580
717091
770477
135190
943304
583953
708457
254603
966224
266335
797663
9486
598551
879449
425352
495259
894461
419954
364300
647448
531667
775389
812770
781233
835779
295692
761119
293321
522281
336206
682797
122470
544361
842332
325232
754846
155554
584183
56535
915989
596344
134479
141424
322497
60455
228125
768695
365203
890994
892749
198843
555923
5789
43407
774047
689181
420780
802175
906842
268618
579107
803295
39688
830022
402871
30279
750220
170051
277200
653928
475578
154246
95174
940559
690959
909707
435872
643776
727248
181848
437894
18538
140759
779882
937984
187352
186506
5973
68036
494680
720645
285084
503038
680065
558509
629620
853738
152432
55929
577565
774889
746696
500071
240886
674698
577347
788846
970887
615738
152570
378752
166876
87420
451515
959571
539978
449922
591485
69613
952240
990244
833950
143150
727616
624293
990039
590731
1167
310409
169419
736961
98106
794426
524136
513789
383479
506489
548189
689809
684423
330171
630385
922848
680954
493675
514942
395722
111061
773199
580260
226960
729170
56122
667673
131002
50627
151568
494477
394533
114054
880964
310027
317730
243637
83672
90314
750181
561579
663370
128957
664832
58752
718511
288996
781060
915715
7715
399683
930878
73167
727150
806908
458456
956524
311764
754654
929128
160695
847154
49386
93838
426980
122535
433243
740805
836069
421649
965621
298684
3863
926256
224969
461368
913842
179843
57007
176076
509576
792407
963923
148532
318288
942514
721415
776046
191746
879636
424486
365292
978708
92982
507897
919918
844446
397217
908187
422724
264980
59241
356931
289691
189980
120266
587808
45017
806989
400004
989796
727650
597903
793707
652607
316937
484904
957919
961853
300843
667565
708459
204325
390004
936235
310175
189298
176297
856523
670610
875610
793521
653040
781772
203067
718280
573920
834079
120604
396757
901789
347550
338286
700789
780297
152484
757061
529319
355471
62271
630478
125712
406202
981833
200730
559918
680344
820924
22380
23927
256429
311672
609445
31281
172621
467046
269382
798904
894160
449002
3986
130307
315247
134595
184815
783477
736081
882914
120165
269647
337860
573089
369026
11742
825992
233122
683215
357759
359989
683978
293393
702037
649968
231065
128411
670985
764150
752768
617922
886631
517566
514877
914298
375488
719629
417899
582959
738612
888596
372657
607256
226562
806361
445389
984163
493566
197131
884919
239785
682281
872414
385276
904915
823594
362484
401419
646774
13750
573361
75327
246166
154630
285920
193915
583750
192426
124850
664688
893782
670034
607807
269912
772782
893942
260253
367880
212830
915566
468019
365789
241232
259713
41700
608109
839227
763811
527487
19851
693871
285149
834274
801709
98803
902307
676629
804790
310164
31344
2606
345882
800463
391779
190718
325508
810034
620202
413777
992653
706653
952421
989297
798512
675285
623852
421044
38586
624772
783105
215308
251851
408861
588036
396839
351872
437547
479233
691929
493631
87933
284548
205756
968854
491346
889002
842046
134956
757550
266190
937187
618255
517100
153618
919850
619030
177736
565801
529746
652562
240947
578220
174338
637420
363441
721946
673351
784847
984013
115812
243004
404660
824289
355711
969304
576178
342372
711592
794953
312247
639487
617156
457617
228460
966978
209633
439635
732776
57228
143816
462495
90723
434118
61100
329857
922342
377185
867513
493415
208832
197444
165304
755399
966389
660199
607464
664728
70906
382548
97422
879254
983775
872183
445923
653695
89992
86483
347134
385910
677353
495243
825214
598871
347459
103230
915678
840733
983858
995556
11536
284618
750194
818334
800983
611527
469118
660902
226011
706756
325997
524591
681478
69597
816593
181103
754551
933495
53541
202242
610513
504179
287713
882111
791711
511675
923993
210218
162207
984856
76060
856392
847116
500364
541758
359929
384364
872519
590664
214378
914348
421701
480791
909019
42649
912689
55634
963109
223434
223976
474356
848804
529072
173746
198261
482466
506010
418226
810846
304152
525609
466833
528340
896192
631438
508656
766196
423959
908724
214323
328590
684619
944200
554021
152639
220705
232650
204520
985899
737020
232099
444331
451932
145335
824158
730885
374371
790473
112036
991479
294565
455021
660434
976806
910006
287971
275729
115292
473285
963801
357519
862754
20834
661281
337091
819109
728676
87917
291518
440552
333864
732920
272273
34731
898898
486379
329142
705040
702628
496388
283386
346367
155367
228757
235716
529446
357680
29459
163884
236283
794251
121169
874313
365193
815837
253318
775421
250638
159521
33774
80775
489875
304696
289883
811240
121593
588870
80449
292629
628297
989395
979535
564313
698809
890871
350844
967302
129559
92874
139987
14719
30028
561523
360744
493357
130850
15840
955345
200273
670841
490649
235948
650932
12929
759743
356709
577333
850008
343879
81086
741987
355888
820610
934722
181431
920201
842274
448936
171349
521775
20070
105010
962174
136014
825263
882646
744176
740150
475224
19006
580594
720781
369424
573060
289498
233176
996798
862053
974430
184022
230008
986511
300819
287918
552224
74956
623520
955365
340593
321275
160492
971968
223097
782560
12139
532416
937316
550305
272861
623498
375503
890433
50592
605386
633984
265704
432552
715290
47371
39369
60534
75969
829735
959909
644106
290334
428148
306858
360138
51475
452502
281126
573375
906898
68554
708221
309617
631364
168716
875731
269571
274470
679943
398393
482160
582155
257624
53859
987287
577489
760626
277248
968534
915697
440928
359441
225678
180411
631468
978867
646387
937858
289899
319503
498912
717207
174284
222635
708966
358789
356746
772286
826818
905856
468375
6471
384178
759161
141444
137350
142494
757748
71705
805217
745192
978474
53040
280736
919369
940709
339447
992748
107908
344741
311410
160910
330096
256583
511321
22189
551833
471354
467193
182618
711338
642152
475599
488407
789685
642015
498260
710778
587419
704080
286230
810296
578576
94934
795897
678777
807017
768224
200844
296309
832397
392135
309339
485067
593177
48443
484448
19811
795566
100071
878303
975209
399521
333329
607452
105299
875464
122064
627332
292850
507852
131770
356255
841704
71078
522867
136361
985396
512184
713147
813151
842815
167935
407198
118069
285746
863656
470964
193153
164845
957203
336501
259321
429902
930564
864213
629382
858605
539847
682024
211705
616273
659640
499975
979201
982225
945367
573086
290001
405264
167686
905911
711383
790932
825346
244342
680039
836390
130498
84196
301902
991119
256168
657388
152159
450881
826571
466793
445029
121773
199749
832945
428994
181635
998178
302773
836710
97853
940058
83277
970298
911934
246434
440891
386766
67450
131015
623509
148389
240200
210637
832114
831003
891431
391629
507256
741138
365548
366919
448857
877678
44451
114019
247053
132314
275551
211242
358415
921765
121065
420336
125007
272108
52425
829266
92718
414133
215190
785011
656681
714203
250395
288242
691556
818740
385247
857983
619648
955321
5881
958684
51804
492620
775170
267379
772203
197268
117223
472454
986495
866492
994693
105512
450729
788283
187875
138370
596365
182913
813993
526354
185641
497332
521306
178157
426639
378086
608652
48496
796481
495519
521858
316785
597506
534206
374710
950633
383708
251119
981057
741866
784858
660132
406034
471050
685278
481861
222244
531616
275941
528246
491677
488845
96672
295083
318693
565984
740498
957824
717022
992347
63828
651350
556305
141252
877321
207694
305478
731823
15477
487343
368052
507528
146439
433730
561702
936433
309551
199966
793082
971649
232347
148610
281424
509795
755576
332072
18926
739107
527339
792785
851793
354487
697151
146171
898957
562706
882163
193316
761580
774209
235677
735534
880012
75168
556345
600284
572959
824177
26637
90809
989224
530326
43328
9948
331681
458833
264613
636045
770116
499909
928424
813921
262541
800343
176356
939023
310281
136572
469766
37621
553116
543982
787801
235251
997164
945925
529845
145602
387645
216277
111123
5522
968630
292844
247942
642362
893046
922732
81511
349649
375660
114279
582885
377807
223610
846077
257830
924952
252230
523418
859385
784707
675694
228992
359681
44674
1911
488218
338728
941030
313793
108966
202304
478467
977066
915684
130764
551079
613121
389495
841824
938188
778972
118021
188161
671200
41810
95666
193191
923533
167027
728193
21715
204636
99558
512995
259232
535478
994076
12572
347021
12837
721877
610293
352610
297673
852734
227998
638550
247579
363108
193281
384897
46301
876392
855048
992303
756447
574465
70953
450661
812833
578237
613012
626767
171016
201307
197829
839854
85807
204236
117397
348301
695500
111143
74997
664178
237180
825515
627338
209833
737267
774301
627113
112920
177500
501836
644445
392247
779834
203646
24256
422767
991821
212911
36118
218218
722659
603823
830602
926754
787004
242614
873943
522144
869058
512360
850208
963909
812875
655135
549826
380415
872451
847053
32152
68410
925477
289717
765914
940828
648415
664465
894194
332174
417126
151959
864558
200830
104248
745186
660119
418179
210959
218973
6405
793407
963661
697394
747106
612842
172516
383380
722225
14652
327405
677081
516521
142204
989367
289862
634864
499785
823117
558852
982490
267004
703871
174971
765058
100459
335767
770372
42176
486176
23051
901084
240603
753574
206500
36795
326610
106711
308486
892235
501271
319529
277285
91439
393410
335976
521566
574473
993818
689491
725438
199808
443558
831923
538067
444497
390930
881241
159570
583629
226460
299992
683358
802884
471545
202898
744681
556352
352953
295064
556733
367165
471592
565809
829371
440482
533744
618375
311484
878387
236594
407335
580054
255601
507037
525410
293665
221048
481009
614264
973514
845019
735613
512477
756905
587966
325843
434292
909978
622833
873062
719922
654898
403402
268238
966926
83894
765824
583027
15435
728979
433516
224049
928453
598608
156231
545039
956338
6888
361129
397952
889388
405927
177333
369851
479614
868787
774454
600370
440792
495739
569350
640797
6090
331591
502545
574856
833205
832663
443130
364810
977855
125439
256303
913882
951355
462605
911577
993624
518200
338027
975890
483086
458233
867792
683976
89476
130647
562879
709591
645936
356998
587362
392155
30911
326867
491959
649088
770602
638167
326138
667575
87596
417694
858727
332937
293716
54681
192448
552963
253665
768700
218046
93511
700510
969010
315000
959573
106676
669360
884941
667092
479499
701622
135745
897966
267167
669505
950172
884806
866488
208220
982438
288458
85741
744098
39816
508301
26880
606171
178653
926168
38389
563039
109988
242380
46770
572662
204909
812846
295393
599872
637194
960045
823738
619870
938783
430459
539075
225823
775266
928297
191461
908813
591343
82296
220158
736031
232553
570155
924614
124194
237576
11333
313947
238795
186662
565252
854158
298258
803567
825472
343857
967892
317253
903510
815089
88143
147261
583721
86070
364395
854940
658146
791201
883021
41931
490332
447752
830049
341157
554946
67635
206298
376306
521123
270897
561530
426165
695475
890496
541208
344428
712893
80759
194053
906691
418161
906051
96162
221692
506559
988227
570253
445607
969677
157998
260966
535911
178618
558383
447549
795170
331276
661543
155451
796874
556982
989553
685099
300736
683604
866304
240836
295522
292414
841028
824295
746845
76566
256704
324649
253956
265796
836735
116764
754559
772430
139884
391292
118263
676571
641236
834101
750040
667389
373551
872352
751047
677352
847587
101888
215353
378561
90074
114005
515001
958312
630041
693939
614404
722735
141768
522698
560967
567042
164886
399956
487870
677263
106730
630528
637991
441926
254728
383390
355924
22137
751342
827353
539865
764453
327442
637005
969135
221647
353122
742862
789213
658402
860829
858518
552511
708245
621758
621684
132829
298570
420950
523536
109198
119602
257989
458577
582214
833373
370995
952483
801617
553106
337213
315578
157650
257566
961475
551356
19809
472989
469074
456006
400151
546529
284998
183565
195127
243222
795072
882947
418735
541703
908962
238534
214807
793627
674810
979551
966535
263530
797765
104439
166758
751516
829788
485291
564610
434135
318035
709924
123070
505436
66681
53487
543772
859756
776757
89430
253156
578020
251195
764083
336970
422655
549594
326968
207657
957701
79954
538065
67704
63780
11210
352014
945449
148921
988994
196011
891319
544915
364113
343430
3903
240391
365773
87315
986726
747588
367409
729316
326343
15738
94166
136947
435192
296515
604411
258008
546045
511507
433592
173337
529329
638891
518786
94750
304079
277532
593844
17842
605587
592865
14233
959075
884270
797652
453917
297622
55111
232573
801776
270945
853471
188541
463717
97675
902130
393690
575122
458452
32869
428116
438558
811667
914479
790325
531798
797580
816048
655622
975667
121005
58632
101609
22124
472639
923175
157880
194307
587659
964068
31796
250304
167876
19826
402880
710418
198226
337532
75176
524798
435035
235254
474031
142127
209778
730780
58947
416059
662992
674059
246914
467942
897907
126908
255396
497232
953019
782157
350525
306866
23457
53927
650415
22394
738173
716944
716391
666620
301878
717722
435808
229003
304441
313528
84681
782092
195542
179222
168749
931110
693896
719944
256241
164869
985451
285487
530426
467008
59615
726359
459572
652321
413972
468804
858451
706966
347033
796431
725927
386498
167308
135664
195289
127516
504264
718712
471712
61470
688648
302753
404820
624579
177342
740620
929647
146266
128887
251466
278107
620863
235175
735740
668870
766499
637851
838447
267283
812261
311693
737181
355671
607667
652948
559692
793558
397112
910114
128296
147552
876162
572885
936906
712959
286116
754758
147179
112029
510772
357395
691756
828486
583504
354270
146812
346478
477383
10073
161171
148287
752960
433256
113651
39163
39152
268027
381336
780985
883475
486725
626286
431032
48002
985391
105956
283609
36355
351873
317421
761470
368909
496205
659361
693899
671954
696632
511679
718649
456714
515952
505996
462536
718233
620129
344821
482915
132638
890996
676329
916964
117566
168503
528251
533492
75857
978422
545277
842058
7301
452920
62888
870639
688712
678892
854044
459377
310669
324462
400562
559734
875867
987349
579621
568474
583927
809672
805707
307003
890012
246609
951363
930069
650156
650107
727904
39908
162489
954349
360125
982404
269296
938266
738673
331184
723193
219589
567345
772613
645376
133806
840899
102995
632494
300080
467116
276035
499684
323467
47902
877219
56631
31565
101469
405261
415523
581427
386524
296873
955926
594937
692770
480557
398401
226775
914533
600384
702117
897286
99094
379385
766368
813179
340940
275322
634781
358400
731651
753429
953128
809497
822286
367179
941410
145021
284967
843577
82130
240474
512957
880084
674862
194006
797388
249518
727395
857282
610149
946533
81681
911547
883987
655936
446381
933389
936462
309908
831615
372937
730514
590712
5135
369874
307110
184502
644164
745064
858219
689200
713090
489729
738746
540832
56091
485907
196216
823933
525988
853019
820634
369869
452607
285877
15220
752016
356727
915159
522901
179917
347960
714458
982358
658409
545377
120146
732952
399978
493666
886171
553428
57986
170031
706151
543409
447644
26772
975153
438152
604690
794691
277451
510322
635714
415539
249712
737244
105113
12141
582157
110003
226546
152517
969105
173920
717725
772167
383212
765915
642445
922501
620037
987159
387849
890389
757075
19628
328310
526204
315368
761546
928448
709494
128969
948646
229759
420265
465178
805439
684756
545510
595740
681813
431378
670720
443799
53796
383448
473985
428084
641399
239813
654362
814117
614478
497698
153551
752956
613092
994998
674191
787701
139557
115431
777530
1934
453905
632520
524512
596423
776252
23467
982050
38786
784488
277636
636624
336246
455933
491028
461798
376315
216384
771516
668124
473619
153075
762618
904210
812747
980227
822010
376644
740408
475807
814666
182526
226327
157088
835850
570504
357201
25847
422118
758391
987037
250413
108585
704734
118196
557689
792520
10592
181202
698375
505504
969208
334092
315852
206082
550067
641685
789877
980584
244245
830430
922257
865258
724116
653132
808411
992166
352444
126381
265478
499950
650817
594739
692141
933855
565307
250138
158363
121583
165682
701534
924612
760673
583706
750477
977207
74775
8597
777954
315462
937491
874328
876624
630894
710432
328804
787617
680917
461150
771796
879735
689295
603577
247131
183424
695792
733675
765167
232821
862652
54748
47194
322735
721844
252807
13629
843140
975698
781588
926524
852424
281457
8550
444966
516727
382171
374319
492985
594507
155161
360242
279750
147599
83198
830786
156334
23781
558584
65300
426024
880788
23021
351663
580110
221686
188798
797558
291528
465686
449357
39583
987833
742379
898797
632813
801592
119869
582888
484983
758955
701427
633624
981177
466917
583397
697436
907188
569120
837262
336865
130593
959311
249879
934860
680308
725998
715823
920922
185869
257491
923790
903248
235806
205683
623470
828657
854779
806064
764995
814628
938357
998131
780216
557767
354795
654587
588636
614940
836991
916175
120989
685287
622522
486333
616701
873028
802663
14022
344576
828802
131935
78142
885529
207918
889173
430575
607716
289576
770945
135570
975091
85515
260190
129144
175649
2253
471218
785726
890135
987982
941664
668186
722413
495869
154935
529367
277858
123453
771783
800982
528281
865433
738327
188445
195012
63475
512405
99299
185530
158533
101450
637840
390258
962877
468398
794284
231653
371958
420628
446244
435493
864218
281203
810299
455643
646851
451713
575237
121678
841471
504989
124341
953018
613195
723083
71590
344108
911842
599681
383966
694413
568713
179973
668727
563951
277042
872919
718949
613504
913421
172744
556483
395976
477280
804552
83761
542912
190643
848212
558589
582765
593889
562150
756782
224053
616103
609668
872057
836252
946461
145961
394324
139314
923799
316911
960994
254846
956556
523159
771517
683682
290609
750032
539291
62901
172965
689377
208954
849240
208480
359122
21352
624040
607361
304071
920372
575880
408165
386456
298799
771880
116323
245928
161431
159611
452191
621584
737329
418348
502596
541135
840819
427771
406000
887886
808367
330510
123323
884057
940701
76941
798724
546947
130968
208868
253204
379111
36991
625773
408824
299997
651998
171093
14838
39486
678588
839011
979561
428615
644347
800344
987487
792177
408950
251129
178744
260857
780294
976614
793944
140308
768480
702714
372790
939235
493939
23191
342
10887
519150
969369
235748
38433
461498
533159
86718
623844
378071
878544
164011
730233
718528
838908
550743
407680
438976
139780
157064
320518
715941
274301
576458
817579
977045
281512
430820
311987
645534
361268
177327
580396
368051
643940
704126
313549
449968
357572
759531
60895
835431
365832
876769
730005
417155
880916
917531
521507
66865
239181
735643
687461
820007
242827
128992
230647
306336
291000
408359
336070
807227
506329
736127
844946
262194
359766
966036
800663
130225
910753
786802
250431
667740
882648
207120
424790
738380
157677
844248
547378
297956
311675
508858
206088
80508
855611
236225
576608
209506
373465
800730
134607
495721
314009
309267
97819
171647
399876
253344
603036
959885
596532
44954
517229
659355
823409
658342
145131
638958
400968
769376
116752
673377
975238
545857
158027
771870
968433
297469
592283
269694
860377
408631
666836
580421
753196
990654
521132
691282
658586
395935
103015
608411
196812
460513
961350
868812
836769
288834
55345
306920
196367
838055
741521
442907
807305
213132
696673
742930
373290
477307
629805
645024
926375
762816
698467
328609
646818
307920
936862
401977
5040
193891
29839
99532
188730
470718
330707
29907
45107
207837
574924
250616
315964
987970
607935
377425
325010
695383
242991
719037
394319
959486
965296
545033
10290
454720
732415
617713
946047
711882
441144
386709
173891
749806
880511
469697
68229
949666
616551
946493
654268
350958
849589
450921
609153
414980
491901
296956
999341
404691
544476
992993
80893
840401
244783
257311
739829
763802
773428
777633
88630
861318
566403
871303
686112
299263
637676
900397
111766
817010
531383
491905
204151
434548
423826
950449
566943
219803
792390
163276
622574
542136
833416
450935
844905
999855
560642
232183
548701
709240
388386
72953
785942
250605
910838
623827
208706
520651
441060
565926
24171
964614
35812
732180
336342
98571
349211
495490
652498
78343
47831
807690
161583
498295
744260
242083
359201
168788
49630
165927
990841
876045
533922
488578
969382
294273
753604
322347
884000
36649
302811
103807
909133
181313
418239
232208
58823
436033
713320
867357
231394
81709
727361
479896
840548
636853
839191
450539
857710
283305
899743
836645
917654
677563
485474
755791
996799
815829
752756
71166
79108
188197
856042
819522
962825
253426
617213
26783
233605
360390
449056
212337
307960
823307
144087
48150
171251
368330
936358
833392
880192
589866
241596
282070
534204
791349
985936
612359
521909
5004
802106
618327
875909
710325
430143
228850
960763
989433
12212
994848
351249
142873
857279
253959
575175
196334
657858
181082
483641
172333
945636
225076
753689
168194
155389
290629
968019
938709
140136
21196
872693
997834
708218
982171
293023
261927
483780
411453
60158
685849
147681
410940
11397
263121
776950
729649
139337
139690
464868
323197
535318
877095
20561
415783
662193
487186
491791
661832
639662
184429
63912
497045
262577
705514
475614
533806
406998
18795
80691
616265
159131
472404
641822
60448
204253
272936
428479
264901
969217
900954
601646
69255
571584
349734
876749
508859
416297
227958
237741
502995
861467
64598
548696
872027
286436
672175
40693
104308
721450
382774
656011
451691
625230
2513
874006
151245
600865
75318
333852
802592
943523
386986
320707
249951
789966
653313
68360
704487
671321
721698
193464
384375
197097
911097
236880
926985
962011
143200
204906
707322
397442
495652
621346
411830
812062
855208
497510
485244
744790
741390
404721
651228
247060
799400
526058
233668
679794
7118
900760
263048
616405
678754
612448
282475
305801
166431
210483
878106
992486
78667
576613
549039
537562
355730
547046
415042
178049
620960
358589
176810
941096
171283
317254
726142
46954
874879
140146
696880
751182
193845
636341
716800
895739
749974
558119
397305
667439
801272
625952
702385
99827
303760
734259
398543
529927
336570
837237
781732
67093
220771
994888
733662
702632
299980
908110
110016
106929
230220
187539
703264
547879
460189
49862
120449
613772
707282
257857
144017
826458
829966
641416
243550
166874
205354
887384
367500
627219
408831
134671
508815
415522
363393
520569
131362
80642
133434
986907
552757
884818
1432
329875
27267
116576
542697
755893
161736
980733
713300
372216
228
708956
946367
531183
635560
375263
398132
213373
827031
524164
328758
920048
297835
724806
208613
952671
641754
670525
547829
878563
259953
482521
207157
132497
742398
104644
683268
108664
713947
611164
297387
657151
62275
545174
556936
544907
157781
434432
846698
354397
649082
208893
41736
889017
363023
937646
470456
553841
358340
410727
884499
383075
554271
353256
227210
229168
808397
83164
301139
751692
310830
701684
807912
171575
386212
455815
537503
555933
838252
656828
396387
698258
927585
225450
825602
512852
902645
173459
200324
237851
395977
389638
752250
568925
679061
78799
926244
604884
23028
840593
186649
885589
827871
462913
130876
958007
227110
599291
652738
805206
626522
443725
300871
76272
335971
507122
2850
332658
851009
886352
492815
91828
144169
601943
372391
680393
274194
845480
354926
804700
7160
401841
126735
448699
106158
942328
784542
207386
978632
129613
723622
186467
358666
501796
825636
464523
105571
256968
183950
780539
651173
465187
230048
162838
960150
927549
91944
523627
806444
298824
661902
11852
880817
622461
325800
976267
449288
14048
491622
383620
233393
582489
943854
913911
501390
742323
951392
687599
908337
69832
859165
697946
705330
964460
106245
818473
919689
506238
959584
419127
187600
406100
734378
685168
106671
743342
676628
248220
673735
734469
475763
335065
662847
652324
424623
596281
499681
952729
199774
786187
103649
514992
282782
226143
493867
632355
793231
135117
281728
611441
967228
648046
578717
210922
280929
525598
103493
227419
428607
867514
891818
145032
780640
654124
539127
433949
754318
893225
346584
800085
202192
960483
591639
268756
968014
568248
491262
301548
361207
157767
29640
390200
415484
402764
304304
137907
877079
714835
686489
161514
708054
262207
225708
64544
736396
536144
472474
42162
225333
320252
503921
495325
221719
509770
853923
711229
826944
282297
645914
635543
812767
626381
229562
200256
289565
949615
70414
602359
61108
143337
688206
680807
717436
721206
407935
20630
53749
459994
240392
264538
120116
534793
968699
813833
31926
795790
594063
508116
725806
257150
465528
596510
79191
438186
719522
148725
832472
634804
409645
926002
492056
532760
311713
252197
870865
771484
407759
208646
675388
613372
504758
140778
751565
108858
36852
216255
989208
681322
619238
342201
268773
307418
825483
641289
610729
367493
931742
741029
219017
153280
352219
295008
849974
672197
609907
261686
36797
880225
549744
671135
674884
661949
543496
464796
585336
791472
296800
51256
646609
760433
152623
633217
528113
942013
29891
812972
838472
871951
249054
612590
672739
863470
908608
965558
345727
640508
87568
414626
205914
223524
492666
73979
859828
857797
595578
40381
494538
180738
745384
941601
559917
765195
304812
198683
738728
162265
811184
234456
331714
412283
495417
954776
186668
823654
60025
708694
838112
617509
181437
65600
956623
58941
349190
590090
937148
146737
691838
88150
183926
481093
931829
368639
436618
273335
388487
437919
507463
743651
784286
716451
740257
787497
62989
422799
670942
237197
530149
207512
792198
120066
21541
808532
88714
427608
891443
980780
226041
976024
475136
306385
525514
527563
767921
509775
970214
384741
649732
202918
748882
661882
346750
9056
659071
576816
39370
551964
34580
740065
335715
988865
842264
243808
378032
747377
979890
802584
753340
847881
174942
562248
974077
982185
400130
115969
323224
837375
637155
542538
324438
396997
726526
134235
304810
592246
474662
280235
172853
483864
511357
620555
871762
539201
350720
84099
992041
525521
617317
316320
331098
673937
237500
710626
368559
637300
903667
542945
789549
517892
28008
368119
276982
197987
197616
361202
600371
99072
386559
135487
21430
298930
520420
604199
313078
780196
934948
646602
559099
484412
323513
523976
942166
7092
493176
264542
847258
827078
924363
88532
870157
954020
534169
96579
134213
998105
337553
644972
658053
358404
663576
912135
602625
844303
16918
512841
156725
586522
820810
889608
161021
8955
994050
319419
361344
17831
424147
812774
192750
143347
136399
705788
239856
876490
196889
547593
974270
549027
437172
959751
802706
585494
962644
810424
503796
237685
279658
374805
215750
93157
177578
869174
828976
709111
57352
652370
18872
94269
668349
591253
306390
474870
291344
574815
384974
578569
784961
867443
96024
343063
937467
505871
13175
451278
902908
344771
184847
148359
547120
926688
853155
526413
715228
635467
43666
94896
599220
892243
594198
658756
335698
417626
317408
604589
890140
920531
912914
340433
694618
206726
941714
359853
329627
225160
177356
107222
836079
763465
460297
413337
253364
510602
186792
408065
365113
48732
852431
330319
448418
696696
378049
636097
196845
409242
958415
912002
147843
283908
776188
685554
177120
696027
184042
608268
956022
32657
829513
97890
110537
873077
170416
227994
671638
991158
459322
517994
171989
73327
714476
415933
155124
795580
395960
960088
122898
260576
753286
428306
366812
724715
808260
337675
647143
396406
981851
347557
815506
935063
172842
566116
546102
766261
913692
754763
532142
397380
952092
88978
446083
664072
594426
152401
796643
958439
637135
306772
652825
937095
20926
323203
513588
694185
32818
575584
216600
860570
997245
91153
720528
55906
123919
261434
487991
679212
789377
682662
245354
110133
775353
202325
454633
519478
636678
139903
340325
447517
69201
258278
34026
983429
630353
664749
603727
389387
257552
712134
775225
58591
557657
684285
114385
749024
377268
535198
794959
401599
905712
813728
563501
83236
376886
702941
254678
665440
406087
140174
882739
348144
381054
948496
730130
276026
969709
285322
987237
111002
402377
271522
604297
499930
673240
629709
574177
724412
151150
979608
661056
369251
936230
23854
238032
794918
120640
63821
684777
528968
330519
928016
905098
986445
808210
174687
174795
335895
95102
845912
878662
235067
366240
738128
493325
940148
886008
648099
612720
597870
515564
867614
435655
802484
782876
177306
916156
984332
677851
652165
688862
427732
438027
151699
270652
272548
736104
310598
132211
418036
816711
589200
477422
855640
139396
511839
973190
578055
523638
219732
561631
498225
82494
180982
210478
625286
989049
768644
464084
591993
594969
497928
742750
946106
280613
455825
382504
11050
684885
82330
122895
212969
754949
388032
685808
579780
342663
79293
740114
172250
936124
612069
806032
19643
867559
947417
299859
609245
454205
21055
925116
387942
68369
761356
780553
385277
886835
668081
222386
838047
410654
590173
882882
766129
144910
806613
387954
259194
844225
128417
103295
3736
864715
757204
957971
206181
412672
775875
958493
248141
859519
172292
436765
234142
117919
970464
387330
543281
885045
949394
631640
576165
257864
610410
579640
661688
110045
516257
652359
54754
817831
32202
753730
251790
128482
322843
253708
935609
891320
256929
101464
360020
898880
308298
757514
396808
342817
709683
50363
25935
720772
522626
208424
641920
588123
172752
696728
574643
244307
392422
178074
580375
342038
510593
713907
14964
108411
746831
27258
530107
907493
101023
141743
922256
945770
405539
21786
867840
964605
307364
416490
555710
475105
514850
333407
904254
212258
362360
717461
297968
79210
829252
418755
549487
104564
113377
278150
218996
388787
856037
908197
157192
599014
367311
297909
349333
693203
249016
683244
794784
999768
784445
814835
453400
394744
793653
830688
84009
921732
932468
698911
770682
167696
827330
873651
484115
610061
830863
342918
871241
227725
984329
123731
102190
464688
142062
542663
173570
45138
346309
982973
544062
492349
239769
879618
172622
985179
173597
692144
883235
593748
842965
673110
134328
373582
387515
312021
105312
323783
190608
556430
53895
627598
32562
359865
44239
940225
704835
545199
975356
847569
663527
317219
114315
170356
218883
261553
774506
923494
526033
836962
927096
993774
192360
442089
588431
967951
827075
72694
840579
139626
483190
714425
962390
463212
944102
867539
859775
608755
695975
314519
654751
927554
656457
374119
163156
940620
95387
780484
523065
994005
896826
674916
885777
748438
750951
730136
536212
690551
530618
74968
326911
774671
340988
242714
652703
854776
219296
130021
737665
397076
211257
796054
115091
982794
89797
283760
393036
573629
887774
291797
274504
745114
652301
114009
289435
982085
53675
822024
570163
185997
150727
206802
501598
438001
923964
773238
133284
813325
835404
677139
673438
746848
581170
274981
455266
356044
962645
527931
384039
523195
649888
542572
937405
166716
677968
490548
89268
419196
441187
76652
483375
199302
418946
138299
796913
339613
272430
27225
957846
700221
342189
302708
754806
335150
138586
634682
469011
677597
512002
520620
104050
592553
630771
977355
372141
675878
821330
687704
989985
803231
38966
503608
790249
679772
242429
712336
375518
257162
247546
437371
788391
748601
71583
959583
645851
396451
897068
341799
366572
811119
594373
522265
650478
305541
701698
800073
608620
979255
195304
783951
292076
182662
196253
834252
830225
596869
426423
924931
364154
268159
880745
237765
315385
789937
787605
556774
520184
16151
196773
779758
891786
430788
504574
149651
619011
86851
377809
406722
51593
471093
531294
910915
275206
628015
166559
841290
139974
934813
70813
368471
805754
524569
969470
351386
488847
421852
583443
156205
500201
54537
857794
3104
328712
218666
878992
622989
808222
52724
381829
917719
485188
5742
638864
665240
996823
164414
670771
988513
531293
308027
594813
255673
405402
946130
331433
540686
250925
362501
822343
490801
759345
212909
642262
953470
444793
987205
965786
502298
391355
446346
688075
201165
469422
318069
401732
628894
601259
258960
175008
334026
380335
786561
176440
83999
461100
324419
362460
23340
500258
671382
163178
573750
683107
603068
146128
675782
511139
194908
414421
926753
503335
318443
484135
765612
516361
469800
416053
619207
598084
156049
989005
152646
523626
656407
949841
186606
464481
511161
268262
237485
67803
639392
253281
951915
573884
162163
20322
762831
673808
470480
745391
274927
557974
97370
125658
648822
169698
929838
43033
381544
701475
94305
546224
40390
978575
775348
379174
638840
534068
261165
167965
198032
864369
438686
839730
886675
988262
75737
131156
590280
672848
78220
801625
890419
575738
264472
670028
383705
275134
297416
951438
421825
43836
574938
301541
427708
326441
980176
149681
319841
652272
21474
845049
11007
169232
50674
964432
433750
175832
423900
878623
869199
610971
603869
178485
206961
290887
365512
645560
802877
196494
407763
101742
424352
324768
658295
282090
746686
380185
281042
761449
637876
856762
937892
854277
953564
461734
182991
616063
176575
503665
1963
186351
147654
863998
347774
714452
82323
893957
831717
453676
687256
961363
632546
309275
550687
283880
880313
302871
604215
948948
340332
256608
550037
731445
65292
862670
570870
18040
816495
605123
483150
734254
246800
224782
883110
368817
778788
616316
110907
861510
698558
470668
122979
615433
218497
791792
12792
235342
96164
662794
75175
478155
652484
630355
211621
239148
445564
907436
479040
801916
32187
450604
753342
655879
882892
481779
864423
676023
1429
939287
386167
685283
952045
680566
876943
564013
822226
886222
793063
526762
484073
342286
985489
579011
240811
338513
564027
659511
553909
848956
911694
895514
56439
348977
475294
730731
568013
760606
962357
17377
203275
548385
924387
661312
253874
620763
399175
457279
735469
401915
809003
313471
158540
351417
706561
939251
796101
514835
833401
587092
471892
120380
21246
631655
88985
556963
522700
501627
839579
998601
145730
135813
860052
328335
539560
906550
869030
320836
319161
418907
98132
147964
328473
715690
609914
85774
676522
512933
760639
627056
869241
293773
979947
566538
890469
731845
636934
67583
387994
37298
676941
777417
420325
923578
870370
902141
837447
497785
866720
95960
565184
339586
467158
484312
971702
572280
113811
169209
79305
47338
505317
211044
612778
448413
130167
567465
887399
856308
458852
916354
619795
284359
985621
345287
135942
378349
938646
613745
954934
598484
27016
399655
854098
28835
565686
504709
266336
400978
885900
260465
523314
903768
852116
275957
544573
981460
953423
781228
607284
739047
490211
742777
476114
300303
643614
646866
548667
549868
603022
596334
144210
831806
224284
177464
961951
501514
111970
256507
84936
643612
39637
129122
773573
458141
391621
347832
505646
444511
414841
244735
881943
352648
419046
624175
976847
420442
4319
685274
794147
992715
892862
778616
652967
357286
847374
156233
731639
265655
379089
39094
857683
882800
577914
556565
672909
914051
111226
283407
592853
455668
310904
41255
592693
512490
152595
375854
281088
240967
954479
39293
640498
523833
874525
785082
406201
488657
249077
317794
448927
593004
162938
941890
412731
934214
871278
817054
865800
480605
623356
943340
411938
186322
40473
609500
851719
765383
106637
990635
84299
685407
308274
966968
190846
502748
921929
370960
780780
431719
383143
607611
192268
522559
318581
325458
217081
678959
105957
46177
487630
674484
813660
255950
703194
328372
91024
625049
494049
1224
913873
751255
268044
314132
639495
157992
426346
208876
607101
255930
165815
601895
936520
103032
485643
199800
597626
787836
312531
182730
948244
910776
501700
993876
924268
516440
627055
87382
265770
693856
422732
382437
44615
584531
764254
791930
419410
816126
467349
517735
695994
580526
304641
935712
124643
91858
950063
453006
699732
390181
419436
786060
496717
562758
247113
9192
875920
800452
662367
975823
353559
11787
800533
739678
773796
659345
678662
625760
341531
8210
750372
303597
352414
552942
379267
146019
774574
673518
948848
242207
51404
857101
778265
453343
663200
970296
84143
661777
59116
755823
231914
876042
322437
520108
714594
402856
899892
699748
112646
533503
836917
626468
816210
73932
438207
601921
811714
297501
735598
306144
895913
679853
115317
64491
174294
280599
614590
255651
443350
285454
894498
405990
453729
995945
601668
458811
355437
847656
121444
94005
232710
75955
664126
76270
542726
364265
34246
386177
798997
464719
996412
782318
928034
446163
563238
689558
380258
784520
803354
446658
715362
332529
803813
535920
473751
225481
947399
135376
895188
312477
609671
439257
458415
156097
396687
676238
565235
830884
977899
456560
215810
945492
571443
898064
823337
555666
53324
270580
148948
247833
927826
69224
394039
881871
419389
526120
136977
656357
135970
364217
464074
345572
65831
273115
157489
474498
597219
819378
165552
31778
967282
72665
13601
569988
632850
974873
426998
212076
723451
257961
102775
77048
781693
780476
5782
238296
947692
891717
95939
779380
118354
810367
359742
95740
263001
219554
298292
797156
256773
70909
604903
472152
572793
913866
356980
568953
611592
790776
758109
115034
122987
275030
249898
483199
171301
412724
946605
367630
923312
957451
334690
348593
103690
448615
270668
447346
236704
729716
778230
822990
325961
652143
791755
895145
494700
666672
524951
840461
533441
240800
602230
886287
959618
745977
460130
107487
918655
562793
431785
455130
967979
210283
613915
189957
451594
770851
203535
406597
426089
426359
433407
398379
683975
907271
527389
841581
342931
410606
713768
352710
546911
191217
943869
909338
64612
933966
995245
880205
888376
344399
759738
796312
156323
524459
907308
835913
67179
83194
26769
863436
790737
854248
908642
507460
21183
301128
343349
906944
400711
485831
859436
697411
804624
348086
938588
393192
233549
602824
388510
91530
17132
17745
315478
144235
333614
887851
699519
205129
753467
931098
501761
863213
798711
457597
13409
81044
140180
531678
588013
746830
787532
38030
127577
496216
791694
712688
989083
693840
404530
673770
127019
692700
509100
338201
587003
582674
988653
178202
358065
162343
815336
778832
72688
141932
824849
960940
246028
636481
973401
584117
431647
608756
677297
988654
299100
288955
381529
898245
24709
834942
311579
619113
304104
146967
66527
359270
920394
924282
714467
509926
816695
769203
47739
413873
791727
214613
470248
325514
131994
340246
979858
840268
761933
579265
184264
83419
109204
852498
471306
30632
654115
872289
813870
588833
366699
583005
666931
736327
709434
34267
295726
759304
30332
324441
189828
751403
480558
255893
899315
566360
369152
887239
36939
102314
602400
292154
628262
625727
235993
812310
550869
604004
726706
499419
465744
1258
723447
220105
124464
520300
14339
343212
146581
85489
507746
460255
942308
450218
341472
71863
805788
417658
761420
743984
128471
977984
485457
831263
912163
183509
720765
212622
743864
158059
898124
162258
814380
91861
737178
178916
20277
874147
72619
119019
718104
880304
893007
189797
427451
409983
458119
494745
875884
421760
43875
641884
895148
4371
619013
599322
194178
97127
364656
484347
301709
273556
24344
541612
77114
124588
357397
301619
407352
159365
940989
886645
106489
321673
235649
56161
89615
188909
226289
951624
294890
724009
388955
233611
811786
195102
226322
978649
43882
771568
724067
549960
593349
57304
658261
117170
743654
3812
635375
467805
756134
716
358956
54553
257323
914794
25302
251799
692264
99841
883762
994568
916688
43555
655411
665235
398289
899700
35383
607674
289626
520433
542285
663125
63882
8138
130184
42346
189546
205198
808455
583411
906982
347462
718658
830421
436642
560412
194597
17264
987428
398553
291060
949601
927762
899303
4123
271067
897190
831088
431836
839639
471064
837073
57197
192030
88734
24076
670156
760317
284802
456284
798992
786858
488149
902342
270343
558970
462393
803500
392090
456989
31352
87639
297544
776516
836626
438195
956906
888249
337138
271097
866180
168517
504622
913761
595696
176406
831327
919279
438089
109888
505269
345539
832731
928153
508152
370717
413376
683924
698750
736048
352447
189728
508604
754637
403195
203814
502477
415560
438208
99987
305060
510598
623766
795967
825905
724184
132942
436226
141160
232100
884474
70003
34938
667384
286896
339416
289550
211122
928971
2057
320903
834978
848353
946241
153556
905195
865641
134125
721968
347584
4858
997383
586781
17652
603357
899846
368888
142251
818866
360225
448750
319190
793148
667472
199839
543733
804925
892944
894800
212027
946793
819931
488794
838754
923336
143424
672350
402017
708897
982856
835524
68470
629728
178062
76011
482579
912720
827757
91057
692581
85658
877182
254845
157828
964077
699154
707194
537967
358520
918934
414792
680460
193407
866040
590488
497811
448093
437874
4113
111214
250756
181424
155929
345480
579658
680737
436501
763397
411398
158222
483756
731592
275015
126738
918000
634234
515301
626358
311231
542527
943526
265112
592132
15509
331235
263451
428957
990861
582277
134830
853720
133096
326109
600876
513170
336683
390675
719653
744146
163946
60682
597758
531149
350400
870909
299741
521732
243018
351351
102993
849055
570452
991607
982832
416016
192161
846002
750963
35226
777000
411234
925008
341447
262097
201391
521763
942838
622826
810255
993497
460951
47749
638879
745381
924711
47012
272930
566247
249695
163495
642373
1656
700540
985137
946217
347390
844855
685123
406234
83260
811827
585428
736366
142125
590259
137438
81636
91318
482453
820151
992244
221133
459990
76220
6265
768926
899695
797664
112716
766898
679378
737864
129523
555844
355068
515298
350209
542451
783139
821121
254513
246399
538364
92135
322310
283462
60391
118553
12570
6674
451107
693112
90604
744046
493699
402455
89353
448546
215865
898035
103570
98364
548272
949954
320071
936936
924745
18543
561262
992755
229368
895828
895278
679999
26251
826822
617514
390156
906477
379070
346763
311296
230744
364483
107813
290489
700295
404380
553241
525127
764698
478501
590145
790052
468749
447783
720090
490253
956520
786550
233753
785169
409267
679967
246274
54727
872940
243745
27958
5183
239457
961314
998389
813532
748681
198067
70421
309550
126347
124738
928090
776630
116062
631900
863897
17943
220743
747382
980538
669175
999585
480472
656074
895583
380763
133076
639992
711149
615708
927434
434829
620942
949275
199522
594117
197285
275666
199449
409846
620795
86454
968991
402403
150529
331114
230452
549321
182739
868850
158250
954697
767572
616693
792896
577851
696638
972183
410665
846889
570751
306918
960296
843523
856728
489444
914694
123705
579862
440419
796356
372698
458797
182331
295762
403303
77598
889869
316147
115755
799114
805649
744373
477715
216367
177185
722430
421261
493170
303335
252227
937930
376619
746665
218491
268216
162519
814887
415865
23458
474695
13152
224665
877867
15677
912538
60096
469883
830760
510315
778093
77064
627749
755124
413973
554093
142196
149958
822728
452922
668480
699793
888940
497371
456503
252678
620240
412141
984344
579826
549413
654968
157702
945111
794766
447867
202367
756683
575740
345529
462014
493783
819431
98469
993767
896173
19388
151925
831499
577187
7667
211077
213479
371925
419684
603623
369389
560167
520253
694969
880213
468397
926478
573314
417994
901425
378634
561936
83231
33547
255988
784189
807585
355829
992764
236752
29988
45733
242689
890693
320441
390263
967533
67483
813969
714368
519193
603793
185425
436620
372300
851967
247925
428366
355317
26498
949742
547797
398830
953603
901166
866758
658364
132102
893022
310296
640410
717249
298690
626268
288110
973727
424027
593373
410498
695088
150343
892803
325056
6484
14973
464130
955867
158377
195591
231431
603760
798115
532761
757436
494498
177819
183556
46649
932827
983146
100529
380211
738818
587747
351493
355131
712925
566490
122063
35078
914433
568424
181215
562194
782821
85377
846982
299933
290590
669158
162188
656791
113680
880643
273351
585652
324136
255886
954532
121641
162286
940555
197293
379091
381287
382843
264965
771865
992675
10295
466570
578863
411156
966323
732116
355539
100641
7340
600686
905668
745408
81097
651623
919981
703301
101913
389870
508692
338068
29591
259088
561003
729725
463180
77890
607658
76321
673582
951464
796736
464034
534871
614598
560018
148839
448639
620373
296109
199266
350503
640825
211018
964446
674056
451980
762615
597625
894788
884876
990542
518868
378878
526223
320998
467691
92020
533485
272268
702726
279052
684431
442290
393563
535191
302746
918777
147771
50102
904291
655592
629113
320753
127524
260256
366434
63681
995341
506946
244977
480161
972708
377497
859154
864056
503561
566924
193853
294797
11391
38543
120318
387252
293094
891407
805533
117519
100980
8527
175107
674036
832904
761628
668043
285010
845228
292681
511391
630052
160906
659634
79409
73755
946177
94100
791476
437513
153144
103005
222589
430885
130480
487674
125875
4201
177577
723605
352790
909411
544146
679549
10087
805912
255322
491040
172384
568140
987423
149713
60608
587887
344655
624372
708990
158260
364139
340582
506958
293468
518004
616651
309831
748408
935820
945405
197023
678810
577041
441132
60363
540942
286799
991142
803706
859530
292307
648781
527070
150365
972979
358121
214546
270177
954519
641224
198185
317803
414140
549908
497917
22276
890979
144902
87089
483994
336408
48837
591204
972664
541050
36992
989978
322887
902177
276958
710149
381903
668942
229463
347514
861228
827932
133533
320539
795734
116666
811385
415252
411663
803512
928578
420526
664833
858373
933203
593544
810066
302844
310012
206730
304035
93669
891486
85508
186661
454195
606871
30445
448231
308448
961577
687008
869503
665433
325523
526522
210571
708436
119284
843232
80102
985652
421224
674532
837696
54874
237442
9445
941504
646863
281924
255797
909698
373161
460442
452381
827012
984077
703560
354231
238190
429700
243812
12283
209285
200620
47757
62165
898453
282331
855596
699114
376874
466359
896493
300696
412971
350443
251082
470660
772055
543371
20334
959863
758106
981410
935722
990431
330128
323123
274314
786626
674664
318584
853572
34354
756268
365623
546973
538804
85571
16235
203344
16702
457294
332531
262580
465419
981586
723216
222972
850797
201215
282649
392599
986637
601775
319268
8690
140325
902909
474102
635425
153465
937901
512287
624280
497941
651523
138821
9573
670310
663963
239470
106622
975861
470968
745020
653947
67261
515153
758738
480053
99146
483595
419365
620400
532524
715289
870540
17174
268700
425198
821584
473219
630251
88203
854259
58318
287508
706446
521965
341123
564097
337432
425146
352094
958099
395806
466247
677710
718274
326636
14070
692613
71128
717011
439891
503609
488524
725148
278716
362630
187799
439630
622154
217676
209136
19246
164368
759534
992538
694430
602813
801139
767017
712459
891460
965795
466219
204098
823875
251356
931095
546175
41870
246053
141327
146742
3391
813852
668342
756487
394899
130443
771034
299665
397760
578082
795173
256848
597136
543339
122908
916931
591793
75008
446099
613976
999256
482340
79877
436664
590998
133772
573581
538809
728764
86964
869001
751138
713490
610224
20262
495565
659376
66448
407274
592718
893394
973586
426558
767538
452402
52380
201102
765059
112719
391553
973870
591050
69126
718301
390445
321261
103367
384288
716539
994949
972535
544255
808562
983830
228704
357766
629326
260925
942081
336215
65414
219259
352798
853012
344680
562025
767078
856339
502071
832360
952990
267222
122390
443071
320994
767938
726104
344620
719726
775068
793003
930997
782197
369169
427882
819070
70161
143609
333403
726743
367738
698482
112751
483954
227889
555377
318731
58115
642021
795623
964002
40587
612728
649250
490727
810305
57988
525358
30468
970926
114480
883281
332070
488787
451521
766826
716393
691173
472650
615358
200700
575934
706908
845020
649537
711277
959332
972615
840238
896666
750259
302979
131504
989693
148196
490241
503326
229864
393246
590865
356346
832740
932266
944539
425709
151366
50548
872329
891828
640195
498741
688189
300986
831709
706638
705089
418467
836870
928839
525843
148824
965181
106505
507417
863129
691450
557369
320247
157177
950487
670409
373410
815306
238895
145433
778977
682376
994010
122326
34568
43280
963381
600544
56426
524613
276188
127141
587611
722307
454927
691405
830785
483910
660861
2372
136152
951358
623308
724152
66869
650699
354623
24024
548613
461279
576738
585906
129561
852169
737820
808106
446694
731530
248592
493906
748716
881412
667125
557707
880701
157551
892792
772826
51999
651111
544353
961964
210961
800312
338779
332655
302444
92024
732694
310391
278783
390899
200362
148844
75762
532878
791760
203416
439229
932847
422872
590569
211487
573938
100631
408830
134419
696366
517115
158933
223133
404024
492375
941265
482077
761511
728633
955828
238344
274259
311931
747946
846798
500901
269081
833014
761591
483109
745007
968637
897278
365701
719325
856925
482830
706474
333254
762731
256659
123322
217888
684870
459058
299245
803061
404315
767523
916832
700835
230566
291559
918536
494135
119392
796728
187354
944299
735162
813628
501461
303764
38120
590495
186636
403160
858614
439440
513761
274046
531325
495451
112376
392581
506897
212673
63577
743638
464893
940337
309134
928076
511717
929775
235959
478405
970596
999548
283060
621386
129391
463147
595703
392546
48307
750548
875213
918403
96841
408813
304816
499988
666405
496317
89590
78777
888860
191798
952673
749041
655674
989682
188169
446460
275499
319218
712863
236319
967969
265725
217796
838090
483218
24590
848588
998749
592085
667651
184208
871774
864519
556825
458384
284070
831842
578069
748298
639314
564795
152182
231941
728623
219228
655498
238802
73707
259615
513544
606423
504193
539305
634899
573564
980575
651566
466763
242449
280948
151670
680430
175022
259756
252458
536204
473803
818284
58764
42319
836984
109499
835096
815998
926125
76878
426051
213912
909180
495480
119202
364864
844374
816196
504966
164439
426603
112434
719488
78373
317392
430950
996411
730593
642718
879272
447750
382576
356359
268388
902493
957251
215805
105452
3665
3548
578201
378136
797657
359341
416654
518307
224278
767777
644085
341852
368173
291754
75320
932867
172329
259893
572614
902156
486354
186987
936092
115159
152489
889191
199039
371655
471570
999346
724386
980036
949381
961324
860061
480296
669613
665698
967743
844258
679354
571487
346792
854548
766399
540597
758765
940805
213948
313486
771169
203583
513155
443539
739613
718869
604515
621315
473918
83571
264910
31894
95841
813899
376047
132238
536380
588658
426848
159135
483351
695416
160438
734500
557336
192383
942293
701051
412005
9390
550379
718598
645709
635857
864379
898211
230519
977643
184307
318803
532604
562120
164979
438156
542046
940971
426059
375348
653104
384354
912806
583926
696073
773929
606244
824819
731309
934155
81045
355774
353112
51418
764133
632435
319358
976429
197072
62204
123416
274087
469551
149722
531304
451568
9942
191424
924725
131934
565458
179087
84371
864137
874033
131932
348027
836602
294637
929415
361259
684985
807004
829048
337003
419081
665166
673880
157081
354068
788249
838207
821664
615470
574743
134219
769711
563198
881283
484961
438978
943153
491123
614989
26399
8614
121076
792752
634257
256347
764838
142300
245799
766473
495546
114340
863037
153619
436025
81656
922706
954904
122149
231263
337280
624959
207324
914442
499176
32968
378380
946210
467865
818631
863418
484236
832417
167811
752399
995666
623687
182656
213519
796253
53133
386517
845892
777219
438682
216909
408626
553194
499276
286915
96308
223804
322423
565343
963147
487657
20119
674497
846258
791291
813052
684156
326299
99994
680194
573030
363224
173587
368101
943129
136878
769958
651289
253498
176578
945889
911709
143950
502756
483557
105424
939233
729420
364453
566450
613386
190120
452772
748892
966669
199270
892882
704569
819393
899608
883714
476587
446707
639214
820835
696117
902679
21826
906191
839090
836174
646175
22086
140257
995402
751277
211193
693049
559001
257353
361301
865859
582650
569759
528912
362781
919590
827171
421641
474209
330959
865898
787954
488102
717678
562241
286854
760514
634120
304545
236398
917430
707897
403672
216553
62863
708113
600975
795371
525501
442914
484875
98019
381470
951206
785727
738078
983237
380315
770961
427118
363610
535515
894859
185404
297022
563554
135544
46299
903595
659078
767080
210837
420741
661301
887276
84372
52715
251834
811316
512698
95670
817285
287403
393638
750792
940214
851056
463062
81361
980638
135849
742003
701599
661550
39836
517549
758847
241583
336204
860011
197961
265506
598919
581134
640113
461632
429828
474547
653028
627610
674085
617155
678747
623641
497717
371378
865934
321179
419722
990884
162050
958387
306541
602965
637528
835089
666506
451488
485318
950752
32552
53579
746314
158547
784030
131637
243949
683257
406213
544559
610530
933196
261040
651880
629930
799104
952451
569301
588060
351179
583618
315690
859912
550953
187569
533164
445854
476084
661959
662270
593
242819
863648
968198
465534
882972
362978
932671
113244
860917
838465
438416
647771
431430
246940
283276
78842
252038
34523
854974
959465
650590
792017
3166
674918
528985
41821
843303
128673
115929
23471
246488
477208
564560
211106
269752
735197
636603
243542
476453
627563
513047
831208
858673
16223
903046
352672
847634
690288
633123
172709
719788
353109
735294
913269
770202
671636
188615
912824
341942
71347
134133
655305
363761
753487
307188
154351
424777
549934
315093
731649
275716
324354
869081
649929
602161
798981
497018
278689
601664
146283
261763
9610
815137
916297
970217
415449
952857
13139
708420
582084
207859
726322
499630
160084
999559
896187
628995
160116
674186
506895
947682
555628
795418
787217
925312
194451
311354
119055
956636
823218
464883
658147
75483
818216
409750
621638
443655
273927
747814
773028
472817
892509
731206
485163
949251
747238
53183
481349
435731
387710
966952
448515
224396
247199
284953
322759
820280
528158
126966
917822
429872
833493
683699
615871
133335
607965
468567
120200
531982
373423
198101
677229
271727
994112
754689
965355
237726
488461
70569
259876
731710
118068
452463
80997
501238
834794
659792
672369
59272
84723
924575
161561
956212
877828
898361
810179
252514
828169
220071
622464
78208
574284
616483
723227
738027
667647
651110
370072
310834
856081
218310
410102
530675
112645
950362
794313
61588
666280
121774
697516
348097
381561
679560
601217
612496
149851
900695
913330
455906
720878
214605
623558
999936
576453
815133
72684
881068
752780
577997
99142
509197
559811
282198
165118
529126
322736
141387
201797
864095
512513
529171
736884
563915
51970
993782
571595
112748
458540
414444
751641
52842
457244
381113
806456
730416
13509
374122
498010
741966
237032
220381
198596
972676
133037
938148
103237
15813
482673
816167
6689
554803
360359
167937
186100
350336
785797
345944
27206
451344
44944
680386
801767
353712
179572
44618
463828
751231
846628
331550
662099
35915
520281
139129
925896
853896
982291
726454
68873
728744
774758
47867
364116
937227
456091
342598
199584
600403
10258
17925
206276
52315
887182
531861
227447
880221
467486
604754
562245
217736
544341
429348
859967
855977
639569
87257
39396
662479
193721
539621
488705
177764
560968
185515
342541
590442
953503
301526
603431
965130
107683
992746
236951
662704
424201
380876
395844
494678
952658
776662
259863
975714
42279
219748
790254
902597
183327
126882
873578
499871
537526
723305
454510
184410
503979
214108
730946
574639
979565
214145
501662
577455
505597
703725
724945
219394
887079
251667
890102
509507
513967
879932
405433
371027
408045
349603
283284
34655
8671
311864
112122
396550
113829
966061
95190
894667
584375
156284
111153
456699
88406
700418
726275
772342
210925
377477
508077
30343
694779
228461
562460
458766
232981
212859
504534
551668
479057
542494
393844
402585
422550
721688
889349
704571
688172
694025
583174
813706
347409
599849
805581
393837
322062
982434
279516
722200
246367
561548
913092
900872
904763
999610
961317
591403
129520
444805
770215
82799
508852
335403
260745
985890
260859
243256
353584
668445
258289
621829
149032
382048
59139
813125
111615
880189
464620
587158
558865
104698
800189
927244
767895
539795
324538
778592
765737
690542
684710
645512
662641
535729
359995
11301
228744
805362
349314
658366
622434
311756
253737
812187
19935
442012
631796
781266
454143
13606
286639
590637
918910
466936
484768
25123
531924
485059
993973
724321
208592
773743
774008
144267
821026
233666
47080
362437
334358
399256
643361
538952
642500
88161
801802
610764
545044
528681
175318
230007
270042
988254
205866
603453
88502
627173
322694
675669
475937
163873
228204
252583
132472
276199
540731
832934
110823
773725
252530
329921
375074
208012
698784
245522
810487
858444
745260
752127
112643
511748
845486
32679
808714
798256
766337
969950
276045
348317
773583
626661
329781
551613
601653
277754
613858
484411
647956
993302
918093
854153
377916
998581
77737
334787
882278
817698
303171
334042
333627
908292
147222
128334
337323
238201
100963
958524
918854
27340
471025
726820
530531
355560
139457
316587
779447
613576
350087
820387
505993
974916
552018
683539
319949
252620
73605
750043
692042
103324
446902
159021
600393
945611
284529
764199
868596
815529
995898
797910
891666
259702
932076
79569
603824
149480
991471
946
835199
487763
763302
178652
241110
631401
37475
734666
474429
80748
957460
335794
411379
404702
620237
334065
480616
803182
644976
682065
997423
385142
677656
891172
286446
61646
212260
385512
732558
109231
249455
862190
143685
235274
705260
585526
474664
723868
70834
928692
787665
981195
304350
855307
908475
162624
827908
350126
761350
645238
941852
387225
698380
183428
133013
613559
623777
650851
546282
325735
554823
510999
449341
989314
536924
369676
738062
846235
245383
462290
687783
457506
516250
384351
195595
682937
378160
140343
647066
702320
42938
293861
378572
287697
270742
713140
959979
301884
673386
465629
4939
870607
397555
832960
655466
132791
546304
792401
882412
715165
829466
996732
451946
985025
811988
129710
833661
250722
713401
325651
667872
791627
945232
314325
959939
95454
35091
768374
77609
172491
571892
288630
235200
344699
255594
251749
840156
919387
110242
642674
678896
182635
219032
372135
159999
739904
987641
636176
900358
331985
28405
180654
944139
848742
508418
324914
276316
989846
458654
623086
762180
435194
503604
411745
824896
374847
593190
903017
670235
933641
448126
235501
573590
84634
532736
855340
813620
926052
547250
773901
496425
337932
29589
985325
379349
299584
236659
746591
10313
462164
910361
920230
563231
236599
961152
866425
183718
516337
56325
305083
23855
990358
189690
59268
769696
698884
720732
262546
370627
226416
460443
156802
470059
890227
422636
376249
866089
182613
252288
36961
710865
200404
905327
471996
103030
239319
702519
953256
304479
476758
67942
217700
964619
299777
82777
424586
585776
541170
915746
105089
127542
488980
450767
41326
992940
146760
138411
134055
814247
166783
630828
719393
807383
793507
920785
113660
826532
458570
634788
476087
308467
944816
60239
357347
543284
882666
886216
282996
401960
348226
467426
422241
492445
146206
810369
512720
212915
67701
295140
321521
503341
907842
482654
238065
778875
985112
483329
121849
706259
966557
290145
298427
220230
91863
205800
104675
39597
808710
666842
336856
704035
708264
308797
151870
219852
133247
667543
445914
954901
830557
960685
765303
332078
586214
598103
