498709
250887
197513
694496
36820
805879
228353
141840
941200
896540
883949
2959
653404
678178
92439
616964
357346
511068
971470
615666
102960
749929
717105
516904
721565
413226
202385
656954
707253
455465
599464
564329
581126
473072
950798
914075
326293
151224
637535
358618
903259
728989
122572
140469
262560
273099
543445
484818
182572
999737
513907
83096
785146
630600
726566
580516
346828
389801
247879
259764
391007
756601
365685
57242
877080
978427
289772
251556
99978
230898
331645
353767
407172
331068
938296
274594
720655
392579
984755
902079
585617
235363
943304
482923
144571
755600
503289
347269
691618
963856
836768
287463
770052
938562
836041
440852
358494
657871
304520
249728
181938
603315
640383
659894
288121
699660
380381
45656
304103
436544
564231
504670
785598
33717
671364
434718
625051
788295
256950
790084
579358
631977
690640
735194
717495
284116
741880
167748
168059
775054
172863
635759
998894
422320
244699
827557
140377
282157
868805
384055
513138
257598
16728
946656
28021
708594
354234
698597
650898
731044
153456
279731
550600
287013
774983
2580
297636
277582
570117
752425
717923
705464
929743
451848
719742
769372
631837
946945
31133
701894
63781
702226
207948
254042
973392
499457
520588
388841
109542
437847
155441
464617
998726
93547
179933
952597
363554
526224
923332
921560
914485
61114
363116
722658
96504
342627
324763
186332
630680
195252
872553
453915
64368
939252
452298
308904
445722
447014
533321
430812
591342
366370
960824
395179
796388
154650
717913
213603
885352
677484
789157
600111
258062
783469
457109
242594
362413
385887
545552
326529
362230
365487
433411
564086
725110
998826
901034
956652
920967
152561
374965
77903
942315
138778
933886
781519
463073
349534
619429
761446
812398
438931
156445
2083
44708
88660
618327
598708
247391
784718
673229
300013
797548
593556
924070
538127
421330
380692
187994
556466
557879
386139
962933
218850
810045
643469
27273
108643
120061
213685
239196
896752
756733
536094
453704
244192
303118
946593
294303
5723
43247
758272
95382
888405
218786
686360
22032
135143
360339
347894
805242
464294
989328
212001
890415
270890
892218
446927
408577
895855
948551
715662
770486
187384
845791
557461
805221
782373
451881
575110
311740
446460
44116
51425
939013
549126
83397
812443
229410
666493
229917
146178
592207
586106
160221
650381
374998
584421
935165
165779
553510
497267
8184
134186
228336
697648
129152
450860
848933
136325
136571
938619
501643
611277
994466
727383
825394
779023
564440
484791
173104
875571
328519
417157
550288
361089
10017
140438
540953
809446
1388
515322
492252
964055
26976
545820
118838
950237
899811
561491
178189
688268
529221
980326
70808
467077
76992
348001
283522
671895
199508
913762
308705
18299
653356
100238
582232
361575
204587
793702
155875
428322
523581
666986
597357
124970
789301
369842
946843
693207
501194
772695
611827
740853
548533
392488
17332
150132
669286
289189
341145
608990
229177
241524
423479
167877
536825
992011
224405
561158
359622
279249
746376
426442
872188
625959
292996
542394
238296
732418
666600
842515
43897
152917
77253
102467
274359
826717
741448
678738
609123
590434
176228
320017
828333
279862
67015
927922
166988
469956
308280
312910
379780
571838
985289
994945
936295
988158
394957
860701
157349
47420
290536
932024
80274
307702
471110
407778
607672
350352
785911
817450
20048
967418
587261
242422
568915
627613
59682
650148
764217
977609
952310
596634
519148
664779
129489
501085
326954
427822
323750
799037
430728
856188
700888
691804
383208
255513
913832
168636
725866
389836
719780
411255
401953
572768
267881
418943
330016
952502
411345
353062
785107
507407
118873
696548
523423
940890
109976
360625
137860
8412
840544
796114
377066
25388
499675
944152
919671
406651
580941
381686
837311
507693
331551
734442
858257
404600
929507
848338
731309
234177
56431
681723
302792
576440
276076
138934
649934
119116
202519
662512
540476
705432
888713
486602
147098
880622
863113
111943
389277
249591
832358
696825
199216
652576
887579
483091
580786
165603
452679
728483
403845
636175
46061
950312
640541
592621
244834
601955
585171
414664
798709
730137
366502
902562
661314
488669
219706
906392
417385
496999
898692
994276
909201
74056
264931
631159
4934
501034
35695
65433
959785
4586
915397
196153
160048
687583
702163
536392
930259
79834
688595
71550
353524
214318
378842
61861
732472
295880
390089
655128
407385
386060
413393
942359
675541
79849
835544
887845
181846
101693
987566
453520
44767
886717
795858
563322
146001
451072
941444
685057
554439
938998
919197
978815
859040
17010
42635
873700
711954
966024
6216
738907
364919
805741
85283
217732
421727
285563
561901
126287
255394
164209
427695
24597
553572
23047
738082
47196
488200
324546
860914
453966
109899
42161
326103
466580
546671
203794
469761
583459
316006
999218
746779
114961
442142
820819
358371
821273
562454
235838
386616
909805
737341
948200
20519
397933
324274
785287
883781
471335
661556
861909
909045
493580
937082
697975
602617
570345
963899
293626
302915
408080
793507
18161
351559
764899
638966
574642
716184
436822
65514
691607
400341
626880
833898
867358
548020
960212
19392
24872
271019
897059
971527
538229
681539
342188
594502
74025
533458
657206
280621
64399
463485
405967
889781
293062
127589
49052
731046
767006
228488
66219
776614
186905
95534
421930
391760
482715
732611
290211
686689
527395
927331
704478
149266
139356
87270
330702
775373
998164
683923
661507
79918
499507
431769
322852
238087
841664
681485
25999
339859
109459
306748
179010
625667
306056
926622
584913
437193
833598
405580
863406
556515
665750
506246
572521
847115
419901
302179
240135
828866
691108
266937
361307
993586
575358
516454
629277
567970
116074
888865
7869
269282
549966
333745
557726
291509
384388
262279
451459
887628
403905
712246
251449
861674
428792
223613
532089
48603
612096
583655
360203
614042
34786
456746
542949
814059
737239
191695
27178
956372
556950
149365
471593
547631
390121
917209
541855
729307
849353
781465
870237
999727
44953
894885
388774
111836
558499
348646
817298
942018
439893
538417
412964
580438
825346
536271
12707
342485
557287
984508
323635
957642
85707
154914
206333
853082
250176
712431
179283
631998
893983
14123
539488
644581
474540
234618
951507
158614
2943
577530
475068
973510
689384
258968
910012
196169
826559
408832
465708
593459
201692
318106
58831
998236
22284
666694
233754
96459
775790
94407
471704
359949
339990
663655
224689
25223
892145
727368
645539
945986
991065
193544
457247
693559
560249
775250
479971
703823
865262
970495
148436
343634
903904
283923
157791
122048
621215
726871
929432
267242
194812
134448
668981
524761
112222
408011
321659
496368
940268
704457
942236
499751
466726
863701
472644
274221
498515
483866
141274
686602
488438
633117
283717
838254
131672
666955
772387
878954
827613
559870
482902
804843
35460
443246
8229
164168
596340
942794
588873
702873
82355
270901
588258
381124
921867
63350
71267
91832
136942
719109
204592
356002
532518
2675
260150
991626
318787
429279
155589
10406
772781
979549
344634
680592
458635
184927
402505
329259
436378
758848
645327
407951
50512
380507
510576
149518
473460
406632
267226
192896
874805
411171
658356
63347
672886
54331
936286
231524
804447
266788
954564
412093
539682
553757
421194
522143
278792
930766
439448
139181
596104
715167
2642
237745
71210
612950
628915
555242
179306
432193
864110
518326
691457
436750
498830
275948
199028
684840
474690
282071
953640
103248
360427
938446
627225
308245
174821
640581
140961
869715
131686
361244
278089
980101
98375
892334
123250
678853
633105
726821
315387
475509
60196
722473
460416
242487
430749
14972
654347
313632
853332
175466
274863
621749
227021
559026
948031
283603
191979
419520
41492
872898
69620
87120
222273
781117
217760
295624
943243
116795
397102
72715
81797
222312
879886
71316
938430
447121
578821
274354
666182
16950
284213
17823
802145
646724
482844
634805
458248
903751
736206
947636
484591
751511
22486
475276
716168
762013
538135
108613
168398
614256
307283
890379
94134
829957
819170
201631
579772
252058
41519
815884
939811
520188
434993
254378
11492
526748
620102
224527
207659
406410
890890
152839
616738
437921
529167
828736
302849
847770
448212
202874
117492
443901
40828
267239
961548
773991
751363
246542
10129
258272
320378
894328
127778
217618
344622
41445
186130
48359
500255
360955
180645
563042
309357
523767
981736
897007
600550
993068
86235
58866
225421
445787
188661
649809
509952
774123
818231
829150
919341
767507
453158
610774
49291
964335
994498
666602
673672
748920
163512
598246
270269
234375
446176
709046
455305
922605
757853
3866
374468
465491
761777
314279
822045
916625
85112
194933
149287
381084
215414
502026
9921
716142
711155
584197
695898
586098
900010
147508
103576
805011
45605
824895
162318
424614
448175
76320
690537
596071
178612
489373
484755
613290
927855
657163
45815
570932
360384
686624
615780
64853
647423
940057
998293
436906
297079
370383
317615
866101
376478
649598
121565
704866
363616
804242
712274
865761
213867
184114
701438
316566
101099
857285
201253
132355
68475
889664
716761
198920
815735
174781
168187
32145
457198
819320
893304
86954
722994
17406
295993
20462
340668
3457
331445
287412
886603
537555
124142
804136
549700
701743
657072
7866
434797
371763
154264
968902
497312
76081
610856
840081
911322
523915
489727
423693
297848
576578
995133
683912
715444
950289
507241
719914
917811
152494
436383
801969
148653
377834
690454
175322
861524
627790
78482
180118
366376
393082
644442
499108
361183
761042
65245
180190
173053
474149
342869
357780
852160
778197
182310
65167
811061
398381
506556
269392
856015
554281
444209
380999
274578
195069
564912
609207
852823
964599
63922
487179
911120
661395
323597
455295
659149
782925
31071
457200
686286
884454
369698
985883
736753
671611
853908
328732
870612
83578
187203
126123
268394
719040
116664
24775
686321
104118
847739
870993
161404
708050
170592
363902
465074
692219
468818
372379
733801
577282
897780
91293
123004
288165
341371
747890
557153
962153
964676
510777
484176
867693
946141
717168
582975
621789
213553
799053
282566
401320
411543
737942
652290
637037
207313
74399
6137
454172
978136
444021
508078
910386
879352
309098
365046
807331
624034
492690
384992
729073
747263
795322
595829
404747
166157
504411
738089
932441
121574
222655
556889
752195
325969
111514
984496
804360
686099
946313
241698
16548
262133
806186
288092
544905
179157
331174
871288
318100
203536
21406
721180
64661
29076
286917
191759
403075
81932
365109
305401
834470
854833
209309
303964
247009
435066
469923
811714
879789
716595
969844
756953
556476
736887
776123
543260
402753
435977
83011
980759
752182
770894
447555
356701
896539
260832
623299
521900
31698
894525
954772
481856
142160
741951
822124
342109
283637
192527
601341
400387
168551
629748
420822
311153
203401
130807
531662
855622
586278
830846
492140
514681
884218
945088
653555
783615
962784
36763
789762
547062
658112
294993
937422
865108
547392
592447
837060
611297
44645
414325
606292
408369
688168
6403
79159
60048
242879
703772
9542
424662
347877
295451
463514
153956
344356
293278
532567
673075
695564
463314
452536
285496
190866
327256
876414
698446
436685
577424
784215
934486
241549
390654
694432
756103
961289
918234
773751
536593
8107
440836
60948
582658
488162
950006
906891
476642
529303
652309
66251
238734
418628
727381
840101
593621
233200
816180
817170
524604
539021
487375
915446
615436
66399
789785
622274
279707
294468
304523
330438
848076
773568
995568
508278
512433
401922
739137
749030
844008
305909
696071
584779
495431
976624
944466
743089
468715
87798
489454
917119
574742
673080
770630
645910
711689
605043
655765
454619
171262
295687
482575
490713
291247
304675
47801
847748
844674
393266
362612
99064
974608
178567
661699
695929
71048
619843
19095
987554
832443
815854
147040
518705
220584
899659
570302
626303
940431
850053
806691
602988
967425
343118
634690
835909
759180
259676
473847
132600
487485
164293
218384
247604
697516
959372
861857
747765
550725
455896
401776
883541
12906
454755
95037
904592
493418
48347
278567
26211
211176
896530
522347
963568
649988
263070
148725
296953
990514
521324
462716
956337
355999
497187
381268
343211
319328
189576
295619
596856
450387
699968
759204
575406
693028
761287
139085
250228
343934
161086
411636
974337
854561
885049
641999
889784
241641
133406
554190
307845
540507
450352
162397
735427
90930
382709
935470
122482
881426
235853
786907
185593
236460
134382
705391
801510
986247
909004
496588
184209
44679
354695
812226
562753
958444
62087
862580
971124
630862
101607
273972
390456
162641
424763
771712
983107
101302
361404
456827
235413
900961
361216
340505
472909
577075
930563
709984
202077
668387
949751
878863
940259
375918
850272
203336
862816
955215
348715
503127
214137
526868
745710
803623
599349
99337
941672
196112
53116
709361
565790
217542
721673
370979
60329
503607
431095
327388
183256
353815
841798
167879
376403
101966
969972
555643
832340
926992
611458
84864
2928
332463
787702
660473
859981
459839
944173
804857
326348
55189
349194
187987
850648
7020
58028
735105
379151
397883
513259
549294
408088
563426
52253
867403
972547
344405
443226
939115
62664
968848
872646
19094
872337
916570
602995
291230
240791
890456
740906
26804
67139
515713
834798
215932
696984
673828
349329
497613
299234
329423
60600
941139
355846
143575
931627
381655
595757
789205
202685
8160
226644
608325
29502
137914
258759
681333
165359
84504
858553
167414
269168
943963
154995
71215
423837
12389
603458
549379
669163
532545
192734
680869
345940
424251
639164
83546
744451
865824
397107
881994
121032
30585
358168
762905
965622
19075
811191
79904
294775
745517
355263
448440
230300
34684
441388
923178
299977
600924
900619
380964
119748
37824
923792
300856
777196
714254
2719
814354
596786
26568
770267
194041
294509
460774
965421
360513
646877
507616
790764
87102
382311
91142
48513
353184
890557
468887
890771
525525
803708
741315
84522
853532
368102
639634
830729
976642
127785
375973
409135
533065
188924
155930
915502
545778
639556
68888
339457
402403
950140
935654
822024
433830
300158
195670
63708
675913
975764
579054
894409
924214
414293
136172
483007
89327
273419
475993
843191
189994
658477
451134
546816
263701
162365
706985
875722
881069
513134
571177
129118
513112
310822
96087
637401
354843
835246
853696
269688
111397
483073
94662
422775
127867
264821
847821
728163
935082
197598
576184
524256
270298
693803
853450
361210
756837
970462
556130
208164
909980
70942
81124
763087
808001
284960
206596
227943
654177
406591
744380
612380
188018
698032
330746
342171
152971
582371
417565
323928
406097
94254
645325
734233
361181
365124
179248
709536
878286
868009
708145
343576
695080
686088
420007
874386
333222
398385
41632
202886
693490
496343
71870
534824
590933
112829
776053
880811
9593
438809
971919
248496
349640
616015
28347
572066
391347
315741
744825
663230
728552
654582
696000
185560
511587
505148
511772
352267
915814
908979
363372
213274
104320
744993
459185
482006
405044
249914
842054
654120
666682
986690
703684
526766
615207
569749
571998
19949
868420
654669
682191
817535
743709
332005
662787
143982
634243
325610
881038
319011
642965
261650
154373
957198
230183
780542
292503
137871
234763
37351
839727
729854
379071
715317
166504
715280
368556
453993
275377
526276
245929
123192
421363
32512
440051
840307
949322
452961
39992
665741
83216
65162
660044
793561
105121
230792
510416
866408
330076
542312
661616
761831
370426
330210
286810
974362
774791
791430
180770
500041
477803
367849
21284
128264
341173
420060
173668
584039
143724
452133
814372
846026
884785
759057
191241
572602
73918
166276
983877
812864
433927
716857
403560
730154
133727
537870
65424
363699
558137
353226
482274
428186
846847
674463
604899
537133
27281
599412
221886
334017
112087
65906
642495
850057
363203
731729
446673
424081
871893
346169
280040
97393
211302
147335
299741
837926
316444
758759
32396
807999
679066
91396
518710
776503
152853
490437
626535
242350
6969
747066
902783
746212
997657
345953
404706
50509
386121
665610
861585
54407
292216
129519
51050
391085
939537
592652
503916
575063
111763
233820
403298
282447
638433
881245
713711
258414
320168
672700
432342
556494
874747
793491
968597
587386
114222
56059
8663
350118
947122
63225
784524
583455
489756
875670
65298
766636
88975
371717
932133
427327
393748
4462
314257
847597
15471
92688
544985
205869
112666
369793
61264
133966
58126
804404
582134
877972
780508
157148
924045
693408
80069
139992
350875
849710
950744
99351
127269
182832
260669
843781
887387
957111
326475
889513
135741
88511
850651
97525
599754
765345
716601
156978
574523
633655
783575
993926
649976
952909
567986
513671
91070
184613
43439
721947
798508
971722
449276
282842
980665
469107
205375
790487
693573
917234
112149
695086
556653
360167
75730
78912
11394
792699
518044
332555
737410
12061
738786
666147
733764
940031
297168
454094
81769
721233
955270
161658
61709
984857
161994
762916
609982
121567
32550
762982
231530
677939
848327
385564
36338
282889
475421
151751
579177
698821
582182
262387
615673
449174
573302
338589
646623
319603
229932
512085
725945
67021
277415
536272
498824
703001
586053
530504
243617
506202
585328
72810
451022
482740
516719
385370
275549
499104
296723
661716
768650
19998
493894
695081
519107
813191
349306
180976
822771
701316
991490
241878
373910
40616
486699
654619
838538
538236
687005
365754
94833
99312
968186
624988
325916
69588
799824
366579
147227
781048
89928
357024
230881
229593
409994
553281
607843
452978
128609
947007
657150
122064
553808
15266
994153
545591
207000
12306
545640
578021
46849
48272
167203
619098
820146
403223
911505
758333
99471
307313
178184
651615
607456
948739
411832
939165
839653
518468
587601
875869
408553
797367
819550
3793
209291
822082
353651
323389
885305
723858
596635
69658
127341
150588
188175
839285
136755
635487
998558
410605
813294
322748
941901
90891
198289
793756
771292
395595
507901
79811
750268
520138
80251
410749
475482
809614
119938
982702
810855
306310
716316
572892
227698
859224
878468
784372
682215
621233
219100
848830
438908
582492
657879
672452
191331
622334
340224
354766
774435
316050
309527
852530
19213
806802
119740
21333
577624
64009
528673
713164
222352
172186
491275
736854
249442
175352
678426
557676
82810
683140
540384
784477
360153
473416
386876
697507
874120
952235
81212
466284
680500
380404
596337
441850
742181
297460
838382
588625
591081
56665
546086
307368
235344
643402
632123
953625
588376
579141
417191
121929
888873
847752
196423
471670
553621
449961
465699
6763
221981
853297
1061
804912
46938
866309
820071
880406
932038
343190
429400
167113
577547
767357
652490
114777
375506
777884
337718
370079
325976
180336
732592
551106
501898
608256
892082
532480
383870
258567
336088
177679
117435
541275
97973
608373
871737
512782
681897
634739
261125
381015
809097
629594
248131
771206
142735
513089
911224
410697
547339
280690
959723
428724
418884
893902
240312
217807
519591
149495
520971
276087
832289
726014
799699
161641
5551
907008
82131
303875
145586
868684
202263
194888
911720
411028
690276
605889
686121
595385
386685
998194
927815
254876
401820
936860
112119
401385
238563
124848
763122
272997
772951
628403
291608
250425
689308
773019
511078
429291
521979
821236
827678
135551
293282
282554
882266
594665
967000
515940
561422
949914
988165
161847
628815
736228
103690
372196
522008
961668
721630
549797
914435
77977
683267
120479
307197
134919
662466
848105
198974
803119
587650
89841
404868
145358
509782
62519
356188
483827
925357
470574
599745
521842
943999
615948
771636
849494
232530
325258
447519
30566
257243
802965
636762
224994
486112
966754
948653
930196
536612
695529
891045
501262
962680
111024
390467
602746
309748
504849
4545
195395
511516
369808
965816
450480
915762
348103
763922
500897
482107
938623
322666
863188
812596
173609
459967
610535
934578
551551
500870
208931
686787
548904
937212
443029
549171
871285
442141
242984
277981
50097
415508
998315
808042
437270
320070
801907
386957
770260
170271
979453
900613
488170
907190
442240
986183
667679
470752
640134
103041
894785
552792
280365
484472
791974
18781
788973
912165
779198
381104
558601
540519
274895
931163
552598
930800
954438
430991
363953
7480
416748
194420
289044
534220
855674
895010
600827
55617
462211
565639
687821
250713
701825
386173
349409
630429
278606
48696
78099
423965
574032
180662
85799
740672
401892
271372
262471
176667
704338
104949
602637
621844
629310
481579
612626
182080
396633
378039
978287
533310
796039
951225
534035
668535
99546
318020
598169
423839
778513
302073
222449
33293
852775
858088
591734
465723
554330
843143
432196
344442
279250
528512
720072
99564
151844
919323
186981
692090
1927
466665
286758
697620
936228
306483
704916
732470
504096
716796
864118
111632
182284
336702
910238
543344
943349
913294
257439
735023
384420
960594
466095
233455
290089
639872
862444
423877
573375
253687
719440
529390
179867
911611
635402
17994
172226
676592
759679
829947
88857
848058
325101
899233
132068
95620
824440
655153
988255
873797
785305
975606
662663
415386
999775
312912
165103
42513
738895
283471
797603
615860
34143
477798
372751
569155
422550
545149
792701
466634
209213
308335
310400
95205
944095
754954
14936
589345
441141
337690
685629
151160
768561
460268
960106
975682
118224
650669
769404
635463
144403
181454
642165
203765
840037
528714
976956
191576
869000
861776
408744
397423
100209
163436
319467
143872
244850
385690
515349
700419
541941
461738
446531
528847
936931
644212
113821
424587
3843
627469
498561
198347
269330
739518
290896
584216
291369
349048
589871
67106
306536
176806
592146
450143
771022
130791
83249
122950
775844
938156
793404
597326
834437
179388
367124
640936
583863
53218
721893
999148
651669
858083
230312
594151
300983
489569
602703
15573
393303
253914
500722
253077
715868
152650
198174
236805
48843
275926
417996
873354
834851
936037
874587
874985
387902
238140
724061
718995
826246
366449
647468
730429
903484
369545
938871
621004
659291
373804
54882
198378
705270
587476
715323
577071
810721
942857
530252
335618
885827
783947
592596
941692
998503
343426
519488
718124
420724
956694
401556
598929
860201
133271
384889
499279
953400
690658
328211
348342
399746
991112
743148
367104
177209
950683
619345
639166
594094
901737
984791
695460
603575
395966
347188
191209
655860
168310
997633
241989
163143
164530
487327
866733
743926
189937
305849
979551
199426
93895
739698
620600
71041
891085
42471
571225
661216
435135
485528
383523
712032
847680
643376
175749
899206
630322
295641
830621
453805
764051
321260
538640
896535
451166
886410
931701
403540
631439
482950
716357
121397
303406
259417
585071
997686
414304
619676
242001
592154
619940
796048
506043
943485
279686
848022
724043
929600
49137
727365
369939
500364
933485
424566
848135
779069
190368
992753
830209
17491
516715
28368
539459
827058
421498
518847
501575
426401
188431
465627
281863
952415
252033
135292
997423
909832
792348
423128
389022
158716
24546
617415
485945
452463
39300
314180
616403
665564
138894
544511
795542
834254
781907
791481
743762
123357
105760
275433
184175
386213
346784
90829
140196
579485
724535
460872
254406
374205
475840
564609
816532
149322
309659
651154
498008
234096
578045
487212
738929
14196
614894
746348
895926
473325
656550
479746
784686
822749
449904
756038
767320
925938
629318
915817
369701
255455
204550
588808
180235
507535
921304
199836
354233
603023
824840
561276
407186
856228
82335
937002
755688
269893
891296
592550
116979
967828
479459
902760
310561
466825
53075
447064
359692
558252
712946
959804
688190
785756
615212
5684
482602
420210
937547
96915
634369
376089
585222
396489
333171
948002
752879
920663
990517
232204
908407
934897
408861
532043
418034
815094
179746
713581
382729
126079
317837
53793
124550
397718
728645
77854
472823
996388
799591
843335
582475
654406
284302
649725
486734
405584
126297
742708
909880
479009
142527
652764
140644
525966
935230
539991
164602
148186
476681
356664
538071
426864
441136
452524
280736
988455
19958
734112
934839
862078
217993
987019
652637
201084
887336
148193
80662
217946
130527
692310
862898
68843
29461
602323
578014
28220
818132
961505
777644
921431
271174
947175
105413
434333
452628
894828
687004
187270
448755
449535
516130
24116
55052
830713
711004
936091
774296
515471
815746
116860
308135
794177
436531
794716
603196
254113
884642
261055
767148
143156
190724
749645
558247
722229
594275
216999
69425
109885
689595
369602
267477
764589
23560
630175
175214
84162
554840
66405
802325
918526
401266
632232
888039
342342
351391
88429
294911
182010
960150
654814
585289
132158
308379
747253
576043
242772
717240
584931
388199
707782
673355
553973
305600
397962
522110
21607
598385
100802
679076
921026
866587
34577
890346
966859
298047
684837
175792
53004
696821
327364
39064
520395
351906
721759
907772
729314
809831
353568
50177
918895
201656
243479
269601
692811
191075
46524
872541
889106
188068
510450
718813
785800
356762
298951
413797
31680
977857
430704
405989
752881
795560
292198
320566
306539
643278
341177
859381
393545
273814
755679
970169
629080
32560
244277
34531
737253
801447
283257
12546
193775
165140
19732
411197
490370
14372
934987
947275
741480
273234
513023
47549
235484
773555
379183
250505
224594
903719
717813
763986
448006
351612
731717
32995
308855
361852
946902
289416
582304
440744
194120
123494
685180
325729
286022
649661
866417
126747
84874
195869
189013
745253
883214
827450
884456
855085
59021
305792
529905
493654
326870
648643
156033
544834
1594
440266
234744
199551
203087
211555
55906
99925
806279
532970
877572
762400
753973
790061
9553
886075
506107
235481
858699
322563
504609
147155
452044
593106
302576
855366
380594
760358
219244
865378
538020
297927
171285
849853
889892
252816
36678
630694
547506
582771
598434
866463
275340
609739
515890
763714
200572
829045
613196
450898
228915
575348
438595
71562
621847
121678
182680
951126
205447
208840
830587
694700
826319
139285
640565
490468
232684
3171
36491
879736
557225
389985
403925
689345
388061
106631
959620
495872
282584
563614
309738
119037
849477
832041
96536
949392
150610
236258
55403
833612
655969
617501
212453
608713
263112
795342
525522
54039
685952
225847
778867
320075
417635
579325
470387
201905
283211
447458
74069
728445
963207
47952
616573
211824
551228
389139
647715
788248
682682
757649
216236
524534
212123
262601
512665
712154
994136
167423
419511
660936
23290
963844
150403
132527
661349
554288
518290
783451
939964
399398
437158
81142
854843
843983
846251
702028
454727
494999
264427
141076
101488
549140
245223
164521
559075
565511
124172
185749
875286
194037
704715
521210
762353
872565
509028
399297
917611
610273
536817
464680
518723
747955
560542
972102
672884
120340
68125
563548
949281
447251
340118
890842
807440
425437
605668
722763
739010
681658
517507
106979
937847
631646
676988
959427
475393
357513
681094
371209
130843
204351
190081
423658
116436
636542
280573
480186
514074
705082
299419
822462
235212
696680
492005
336086
433233
292309
926156
908849
711144
979735
392878
143625
415148
149409
411302
469805
333721
931029
909551
410073
544995
737433
769097
620329
409701
76697
114051
285820
422405
175693
639494
712793
321945
885824
965605
218637
648521
294612
687684
115347
325681
368585
336298
3167
883619
425266
506259
458517
782861
37011
147213
713529
40201
456354
666016
829251
683048
807135
590776
994116
920138
735088
94943
505292
296928
374362
752290
405142
425903
534624
843379
800645
302985
825108
651957
922234
85862
44029
287852
990530
139673
16716
822977
984753
651799
643727
241463
528299
532156
794901
319941
993946
421215
937693
502351
962329
837066
689597
258781
439313
902503
416497
798476
793824
428150
134964
306202
225284
529973
35402
644108
795268
197968
152510
404974
308528
705204
297215
478996
659428
497961
339153
171757
16106
188091
286171
370909
368361
104396
853409
407419
136647
723215
711743
402687
533639
796532
60337
669037
753685
973302
735446
75177
154439
828011
854917
909227
716378
100611
572359
248891
690880
526682
719027
355175
78489
78874
523644
334501
98018
696157
184676
622991
6463
565259
199475
708302
305986
662019
714118
198083
176200
893683
327502
412022
233665
257360
347817
214909
934048
839307
912422
116660
468796
709704
141755
752313
826917
362945
848209
713070
278633
859023
805152
669085
917086
92899
782047
313366
71639
317637
500746
561435
9823
211580
649526
698035
355348
548369
832022
608118
272603
374025
498645
539200
187188
572991
599392
330247
473504
353891
227118
83720
893825
328003
653795
563526
765851
709486
870354
852708
33005
548157
271077
432212
514844
331178
406731
547832
124956
334970
457130
722315
981251
952971
59759
4074
375310
28119
320383
900037
416736
110106
808840
218829
536874
226656
428791
433029
116923
413826
339380
218202
381999
269574
12763
212358
901020
411715
828642
308840
118391
477610
666536
975718
580447
937945
831538
356048
909230
997802
654334
745378
515929
287820
279593
360294
726400
710927
530517
114435
674936
302840
739311
129677
729644
339364
622727
254544
341470
733942
38201
165941
643042
467273
68514
457362
635075
628578
853296
484971
486598
864622
914759
272185
948872
766518
947065
139796
64105
835985
983622
757247
320012
445192
672668
90501
394921
857381
551099
558898
996949
185262
884861
196643
861546
714021
18680
204313
443070
220305
856857
30495
183171
51285
316066
418488
816349
320285
459851
528036
741890
64727
111116
630590
456960
605988
722239
148290
934923
875344
896968
566077
670631
717748
288238
415056
110838
734148
206132
98922
334419
115439
381505
606295
485045
656969
975006
761509
300065
454218
618326
5053
310037
265545
520312
729968
144196
688884
980238
702637
416193
538986
98751
871962
879438
490709
854366
44553
304237
490107
363768
554003
35613
411963
758533
469527
348293
32803
886918
239700
52239
939416
327839
771401
551720
75126
574984
188475
880524
834504
990505
722691
859210
153900
783581
24169
793241
500569
59301
349862
711940
339281
167370
737021
293515
390413
160784
842332
775024
882506
565321
768632
786797
611713
881267
60621
963221
332784
884149
229496
64255
356212
416023
329295
54815
556735
418453
425276
147233
819457
151319
768778
530801
641077
217915
934012
860237
960401
626578
573243
422310
493792
728817
998521
101345
636818
661808
175506
752340
431795
654200
417741
375776
347078
359834
751140
628947
269906
366821
670583
381712
751014
518064
564097
133253
700223
287212
97708
840751
483076
777353
624375
318430
291157
747851
609986
623754
369945
900303
765623
434258
685654
642950
307591
279311
731122
653065
694330
902558
82174
258804
617938
665636
493237
892797
825060
522851
595361
622607
348033
542744
108594
287028
528079
161978
255873
784228
56029
888888
347855
279595
817288
538438
348503
231881
577726
153950
909043
454392
226761
211634
939319
494014
176855
315164
894611
82089
565595
468921
289690
709164
84923
487210
864140
635934
787763
137762
958086
901033
881401
59768
817771
222116
381689
366880
322129
627084
182599
870526
418153
747457
383073
685292
626701
945445
940024
717470
170524
158144
835965
521333
896150
818238
46184
214022
60931
644292
24154
247080
59688
766227
10838
790298
280346
985506
735242
198325
219461
884942
266354
4752
398754
218699
884641
5714
780936
259010
517993
961151
565224
888420
683806
745201
977449
996380
685537
671571
127930
700313
147208
779594
155657
778682
482183
211901
664359
374851
374024
115892
515141
262739
138708
121662
706045
644550
334615
464229
70290
60465
653976
337056
512486
581048
122138
210986
198339
684745
293370
245944
201006
472177
224456
825150
500533
131151
68878
350273
898012
106739
355158
343418
652612
742118
38561
212931
701408
694390
62450
836407
50901
276597
366910
834576
678960
49065
746433
909997
509527
871641
997960
494619
19970
820062
933401
381166
880086
253688
30206
884362
413775
242624
379461
779848
874210
768511
227247
916092
866059
612312
478564
959380
7485
899062
42626
351094
460348
494264
110331
519201
819985
820416
705255
816610
688800
783276
897283
71433
987271
235678
431283
214511
269467
691135
715567
528685
272732
870581
849085
568505
944097
77499
227829
185517
535245
822605
780757
801307
190380
176402
723326
140694
451481
542761
731145
783691
698351
388116
778752
512688
471341
569039
813161
805432
585722
600953
706822
327205
933610
956438
654557
202637
476186
745249
159368
657057
535272
44058
543338
380523
467379
321706
519578
765841
987827
985413
147308
839895
504645
445994
805650
369856
831198
415475
581885
277847
339307
365400
109325
441410
704291
369068
898108
295061
610640
436556
998362
928876
299750
185836
440297
113189
178385
973043
612077
53924
487522
455800
113087
781220
595118
123648
596595
385003
481
736184
590128
744958
294428
762959
465041
919049
577006
400672
842442
817718
180850
485586
461880
570433
337916
786070
714079
200169
727725
807902
146500
360697
492461
134746
13931
780474
231372
117318
224488
771142
514516
866467
624112
265791
791141
893389
946410
227797
1422
531333
947197
210537
679550
832669
669290
767692
637080
352087
193716
421464
486316
133921
172557
501483
903872
595338
867396
871109
956366
817312
173024
988869
557420
564061
657730
7348
67114
416971
511541
216052
347747
681881
77570
596516
340084
269978
333703
95911
283722
239382
163969
516779
873175
569908
714791
468092
958508
920693
161254
803204
891387
395568
259146
150842
998640
809857
673413
945171
613264
261005
616553
286111
407136
495586
214163
737367
450016
304610
234699
889171
446252
369593
541757
85010
872133
866053
359609
523625
818892
267657
27282
910681
184353
875193
602961
357673
858584
882634
555580
203162
662115
778127
878989
538273
218551
928144
435450
891585
101376
381709
13055
620058
158833
768600
375547
541650
171875
396772
230391
32513
396424
9322
192163
480489
814308
608596
711024
670801
120387
995674
298342
781004
561436
729175
83690
577215
801655
853986
566963
784618
833590
702673
246056
542246
628633
952195
899248
908351
254433
653003
103217
420689
709057
770036
637151
589748
12274
196300
342580
919085
26513
82292
498813
913674
549874
686220
762773
491459
358081
863311
108504
269936
987008
799580
837811
229040
827866
769952
704671
277281
775053
887958
418732
187124
258245
108237
292101
921192
107014
392528
395561
568410
789134
244397
404787
328722
960311
313187
634479
614770
452269
705829
977872
542755
258424
497567
498112
24866
473472
475458
995905
84506
160956
76176
845112
366816
817092
444658
921658
256658
582998
490288
656735
20363
633682
93429
380733
859001
472806
189132
655656
853549
217168
124383
341403
299083
268758
12645
893014
187988
345398
825047
517889
842047
72983
909012
190989
497541
502618
799902
483305
933490
225849
208107
344419
910762
915457
784271
766080
196843
669850
475566
224091
165952
939388
840143
727675
481891
978731
425546
126663
839614
800405
982664
779185
518052
435723
212549
220411
717149
727180
829798
646567
668739
780965
639381
945935
483646
132701
149380
663768
578805
866786
19822
497283
43598
248906
929401
151767
597749
312382
506694
595572
538341
22643
143491
319745
945472
457720
511037
859767
211412
496942
188987
132037
38066
75339
786654
276009
213161
428126
678264
46768
241050
184677
236765
496889
975377
795722
935797
854702
137365
123132
699294
753821
919821
491540
282205
939699
802286
950742
679484
387193
47340
853857
502829
774177
919881
986935
655555
470076
411989
173015
422335
726446
672751
800032
427081
778517
197170
917120
112702
179736
434674
913724
997494
103900
769519
151712
158949
26830
863003
579321
995305
592179
57517
948339
997872
300821
830798
527263
678261
30691
109373
724428
25678
875085
548778
606913
888965
395908
998701
643541
813041
888609
919896
785357
738650
235836
738193
893004
363963
563109
458332
267128
894955
91690
46893
530177
742897
127346
443040
886261
705113
149502
306453
534332
952644
565873
631756
386399
221904
952815
199655
568965
511042
753413
564260
827094
827495
847736
445298
748651
909801
913026
269819
17718
902456
96535
254811
187427
671816
555014
849490
452022
32339
640667
113349
751761
71221
794617
595511
494991
435357
355909
792737
704655
462773
879558
453443
313331
883556
126979
799283
868792
812894
550136
148670
282753
81486
536643
906867
146968
554879
903305
287199
117328
298904
688792
940079
679709
264150
125014
97876
766041
85603
485546
358587
324435
878615
263119
235977
984792
734495
855978
998169
645059
845907
43608
754828
250584
217794
741836
470552
446078
975910
133264
204986
157895
382576
452338
78421
451980
336698
832977
731310
669621
129488
860542
287281
853373
460507
806765
508035
697833
951276
988769
721814
609088
688220
187148
813792
80908
188133
935708
111026
104603
842006
824531
593019
923325
181717
978111
802838
589820
835239
211614
202341
217219
490956
345028
415066
7254
785398
638152
487704
116275
37932
820747
353577
18887
26352
899840
804382
746874
624134
347487
85980
765021
639448
616295
998326
326826
693151
209918
659259
324005
138551
325822
534987
424839
840817
807883
870044
751932
763528
83349
283052
662717
579739
777556
389547
982746
81168
121284
965404
975660
158815
891135
883979
147570
700633
158489
933106
748011
323072
4310
397358
202085
205178
149604
730001
58496
494040
158484
905564
570758
556611
441144
749138
414135
112759
598959
653377
972777
662338
74695
351231
55238
379391
755986
665665
528671
946450
598496
43285
468334
199711
99712
240574
176757
163250
662836
973687
930275
212659
80164
28266
11792
782759
133258
599654
708112
956196
723411
6435
983355
278970
85520
646410
203674
718031
750345
281822
222003
655804
503312
56688
661440
443956
480242
548372
282049
755678
242877
502876
497222
656214
68017
964626
344930
275145
160727
537297
54685
791521
984782
683300
230679
774833
732414
754491
525830
698510
278149
628639
873015
523822
794100
112046
985558
679378
841637
17210
992726
843907
858817
59266
369633
527203
792692
89743
769437
267309
617153
308946
9008
350035
918040
536440
418468
689885
22906
168056
257341
928054
825417
481926
76874
522131
762556
947220
218772
724630
123002
306498
911351
892886
728329
708258
805911
610350
653831
541286
267027
369197
711757
584767
588187
49868
209536
805720
603546
854033
81156
186235
123595
740324
377536
516797
184014
106415
514475
794761
204394
264464
777014
691964
450325
92934
681883
16518
747537
151101
457533
495984
782359
751230
95410
474585
445541
688609
918612
843630
750661
631576
933994
740357
370180
299535
635064
585796
365949
234565
464758
605306
329011
803332
246277
312206
547137
408747
214468
821955
79770
800585
908360
659900
285771
634943
652222
78557
169960
556801
847789
390367
580881
418134
112402
797111
628104
67392
905421
620077
291196
169679
575676
54217
593354
196338
44534
203372
187264
462678
894377
719276
947161
798493
450928
707863
888434
931749
229633
702799
154598
831337
415817
242653
996661
561197
383601
723959
585489
117548
836939
457855
649710
946244
919152
529268
615298
228973
783808
9462
115193
504991
790949
579235
841908
190329
805907
852379
301766
324649
418500
508770
290547
887578
814047
62028
482448
297477
165520
197525
640375
289613
846476
792670
845299
674361
737064
121274
449900
26810
875557
193016
166066
989795
483824
785571
598013
511162
40909
995007
501373
953932
735096
402108
22347
346675
429806
593260
602647
629847
924943
733454
201486
552304
138705
377272
415006
345035
871811
685647
771227
317410
45442
296101
258150
380664
408392
516600
296488
105241
863523
817656
334524
256983
153616
740054
899185
923187
759023
661144
331538
235499
877666
876208
857574
170171
211533
300859
965445
481999
883105
445079
558218
875811
155397
507238
526558
866890
271402
849230
120977
601239
729444
762155
637556
291005
591381
53376
961983
929936
23809
355404
540956
18239
489632
415758
862322
681366
381584
139389
157949
111689
696359
63843
689402
703691
438440
246092
512409
920608
121282
518590
180078
83310
541643
697976
957030
386331
551296
157920
232040
493662
332663
909689
852189
576520
59145
846284
127824
404587
556617
524989
347135
766715
55470
521323
854473
893261
113626
151373
627746
704488
316432
118030
280025
962777
296538
524506
905299
627343
741123
983908
635289
172234
377472
72032
405236
926641
137253
685008
747291
472956
576679
844707
586584
784989
22345
66233
111123
320341
283857
859793
21987
521782
525464
874361
727054
532516
422349
271494
337947
190382
554168
771162
887026
130821
403729
697850
267678
56057
835989
17264
602574
359766
911411
547610
511307
338437
798282
746601
79925
945156
516646
814474
837363
862007
451171
613974
36670
950642
52689
328246
742220
240053
79207
407894
84264
803399
574996
53178
118745
140396
819554
419851
209422
248183
60482
671324
682840
286417
683088
91669
812373
595196
780763
673831
291983
470664
250151
87781
51968
678077
490343
88646
276951
148229
787466
63108
884348
344500
221240
951684
269090
154365
766598
739529
114033
986423
86937
398088
847560
716430
81386
946111
45899
19512
748969
19569
520322
556902
645566
440855
455237
226162
366784
440420
244882
744529
999223
364225
124254
987768
986615
745819
992376
97916
828143
162625
921693
19642
434734
386197
125255
409036
302010
453831
712015
59014
706321
827688
741598
991781
792145
843893
24397
15777
144377
586312
375184
863820
49177
107959
353517
756235
193929
178878
340458
964112
462796
419622
227888
914836
486935
207722
542216
349259
185182
874417
608134
360449
918568
445501
589585
467506
348846
868913
200805
274758
704617
335789
106670
166439
443302
941490
395374
325848
972516
187292
844414
648348
451897
421407
396366
664216
223749
301424
98364
554459
552721
40574
619756
969759
495696
28582
3068
743169
335473
732954
632168
440471
580214
564018
999049
241942
330115
894313
806328
641721
199932
699306
382806
779641
422294
885001
618534
853714
20957
593671
829286
777573
929842
215918
818791
227011
649756
643887
658989
951837
67127
186330
427571
600372
513643
482695
687385
989204
335403
461943
104115
840978
50994
709565
757520
551683
26374
556730
260821
249291
122040
61905
907282
593543
790804
806998
105082
571116
834900
801940
388978
548236
77034
186093
897573
408255
288591
83401
283505
196790
590426
815622
521792
167564
792618
500883
496440
502623
702821
9487
723007
59457
359306
910351
759009
357603
873211
151979
745343
45350
872662
243799
157404
800840
168008
982951
846927
349907
314882
815414
225394
634537
135622
913757
937579
995941
377125
130622
721220
449926
753893
727995
542264
518864
575026
462972
662637
401882
500803
595877
69592
804739
993042
992905
999802
389080
338822
576081
749715
950613
973036
84626
980419
626357
377696
785516
77763
52183
989527
210638
462989
283111
201091
825313
278742
175470
601877
185136
953572
129090
217169
526701
948085
242154
669809
458
413351
916607
776597
782989
445861
10179
910748
134609
712054
892788
683492
633865
774480
664243
258169
892063
301754
137532
399270
843960
48223
996160
193589
821766
788730
694278
941871
735113
98004
570455
976262
748823
830344
452202
371119
239258
7221
530009
414425
312381
556248
716741
484837
735626
156050
451605
274147
36258
335724
498438
90785
619238
984624
397739
340887
909685
492449
694727
996245
523978
328282
922422
387415
887475
247744
208549
41253
496246
129456
321699
429036
26450
397646
653132
501434
646174
876781
991035
592051
262357
38808
26585
598288
148911
333483
738213
36718
910361
389619
902235
552660
715701
944709
270751
719830
705728
454732
922018
733060
215907
563671
662851
650705
50542
321490
8859
41818
386712
601779
221482
455310
533985
660955
226775
583022
681964
832653
222784
314147
501767
514809
370043
639064
581136
869360
258265
374973
573246
376390
383736
513821
166191
81452
948706
492076
14647
223009
357272
997487
975116
783475
560270
925138
642576
233588
88839
10555
813391
852260
541906
672449
619778
590572
245682
149777
871963
255674
572063
120473
638023
9516
318051
660776
39125
867921
279313
682694
710036
66981
966002
888080
621017
313159
277413
180052
614634
282765
887199
606568
114368
417101
969463
823045
215357
318819
11684
194180
630853
797133
555241
829688
166725
441194
790268
222450
224093
586513
537729
296739
997549
520417
769857
192297
479882
658093
903940
82862
7550
101587
42250
566650
930098
831318
961772
294909
651493
165900
781542
723828
187301
984407
62659
730198
884675
843307
109894
31541
435446
453336
280640
329066
58389
311690
296418
326297
594482
170005
9934
637334
683172
364221
603074
788994
456514
808790
558248
853167
929403
241703
491811
340908
759945
781597
890909
274978
519430
676610
52249
487861
536021
244288
291952
710586
5744
755712
76807
485315
131851
348298
617974
897499
612796
244681
640147
238429
327824
358032
975641
937827
657065
967769
941665
647624
937346
312321
710536
86445
881615
311879
987507
977320
43462
754154
356236
101072
426120
904523
586129
28274
447779
795921
590713
392237
995783
29797
375013
37926
231676
930202
968343
938851
868584
747807
505302
113354
128101
821916
282988
834087
139111
345043
39057
427015
376289
595172
226125
641212
77997
207940
342362
177714
202623
953546
642772
388222
310597
97768
136035
646394
632656
493680
227043
417976
543222
710773
172674
215791
549352
565253
342277
485105
353816
808316
93662
68734
252996
384227
316937
845804
350123
721102
45169
624465
519970
468006
480099
504089
510035
89905
50614
748282
273698
625301
806136
742460
645282
366023
606367
428748
442320
129651
913256
785711
228194
85136
550066
355824
643027
132680
977936
163293
60095
781451
747304
260556
247571
420957
934534
782773
587309
968806
735121
796596
808110
881101
22074
377457
889080
345381
580912
631136
713995
578961
662482
791497
962639
257407
576231
170582
669915
62685
579287
150044
430899
917073
800860
500179
270221
611621
6162
324927
351481
542448
479280
574159
323976
671829
690063
400299
145605
763284
981746
128885
318835
713647
387130
60935
528682
618159
153049
377401
407401
382439
366358
617985
461463
482471
569767
178024
596302
8628
91720
970959
431753
844314
75037
497637
211278
152444
954775
357731
183797
247963
167970
384438
814768
415608
456011
345859
687961
555634
677228
201469
8026
625458
572831
599665
192619
915912
624738
709241
907253
684755
828227
940868
307144
360387
115132
189472
672469
347402
560036
967636
385637
450294
251919
959310
326410
67810
400268
169784
920383
167745
44217
706692
604256
522898
988099
309299
70938
725449
279341
643790
818826
152712
802584
18122
793664
285629
147210
290986
623782
49434
123011
798279
582271
183980
970842
33075
196538
797572
61896
492201
921010
913928
585322
987130
900970
744947
906192
39817
425352
916596
961991
445375
992626
285905
184632
990147
16930
151772
642608
734226
612807
932857
586107
238575
796706
891949
815530
613181
174357
102847
866239
427057
804427
195466
931614
866842
654653
186776
882492
523355
39475
15982
492244
58636
169633
901401
765440
889548
479212
199849
686645
596938
837813
234063
362721
328900
880028
991915
357105
258864
353166
202807
652781
229954
345755
902282
199170
218853
427783
908465
451616
585368
132868
535800
524926
124248
695483
216152
862052
887223
871678
369325
151356
382540
356309
585784
944411
810492
760681
118467
503718
954883
25365
799364
819672
547912
859012
670809
394251
92435
851265
173066
883696
790816
85367
487668
485463
766009
463806
259129
632127
650226
979055
22249
288190
631264
426456
399432
588970
265386
19816
473342
351283
851865
287136
387091
919186
347420
295688
722621
309878
165874
435562
790124
603107
533269
834446
951866
553073
365159
517767
281907
342532
332914
204912
327867
43683
488229
166628
967434
66289
904641
64994
289834
626997
569524
857791
16451
167608
602743
31140
468460
641561
632212
186455
756910
127742
183954
232572
368942
453628
764479
745220
416204
95464
693615
20684
939340
194222
103794
519705
72585
468937
119257
426947
696529
461426
815734
165911
156989
660915
834103
332828
18589
136063
704678
289266
837842
486487
445223
33178
315978
375202
941761
816951
630347
543860
210248
67879
205074
390775
795601
208696
198305
126311
69071
693528
646278
430793
648546
826055
970011
652339
980178
221638
958901
69446
854581
311239
78924
643827
326578
880638
226946
959637
270595
925415
182447
570689
154344
422098
968443
550689
495254
983193
446059
759618
204847
415407
241142
310067
79226
36353
497050
181417
762321
221259
532602
103007
648058
500737
234592
851197
72902
905243
461824
580582
600534
893524
89650
960905
373034
899841
65511
77047
641834
27616
486169
675428
475129
562012
266973
685732
454498
88162
843763
264172
218162
784683
74136
328136
156613
277854
289723
289051
310187
935302
857059
354182
469994
833063
748068
322445
773704
966601
392406
578891
20850
819083
197917
407528
314969
633706
351423
365391
564658
559682
813795
770593
517147
150139
39390
529436
181146
224365
638429
759717
855279
438380
200044
201582
346942
165114
648492
565689
287521
199172
208235
176754
108253
442018
77629
780078
407811
970584
61783
336440
472817
837535
221490
810611
549085
48907
572166
592422
384713
902829
685311
270127
553386
865701
778539
447593
824194
898729
492170
369235
655605
446616
103378
12531
399806
810904
62803
428037
4626
517315
279127
341788
291995
637975
972339
714751
54256
849062
165416
269659
39581
236699
756834
512996
488015
943394
9127
823883
214218
579238
514530
41005
365311
712167
636032
742738
539815
594820
982916
594960
537582
727429
500999
624604
144041
988437
947335
283419
93037
727945
259120
862222
806456
271140
38531
257589
862563
128335
409003
706826
712938
921807
24736
671019
878059
76986
983989
391057
381780
905580
554839
341007
180876
16301
56350
376512
270337
7008
328713
289025
326193
296696
393048
382747
494159
566030
453562
112172
232039
108641
357726
466458
401418
717583
346443
982412
843681
483385
845295
110863
277969
860844
854612
172274
886890
600070
73342
635553
657747
787879
390345
383134
827656
156508
29269
839734
771424
842059
777011
75975
33489
345870
995506
724622
858958
752594
470803
298144
127664
465706
918883
192637
256047
889387
805065
323028
608701
32947
343613
902446
692934
821305
886426
735779
11893
636233
626908
46630
579490
695094
643904
961790
856919
446493
628928
960677
530654
686368
239490
92967
818303
184395
452971
609361
399419
983272
664915
442530
547429
213487
557377
947399
4514
746175
797749
366492
159576
740633
17810
275620
358607
444423
838674
164951
471766
498745
883036
585413
824519
606562
856182
219388
562776
634281
427131
836993
425586
646219
206650
802417
239240
650025
326617
852397
897940
812855
652184
520605
652982
388254
562611
698812
245763
125720
432621
976085
222807
479891
95603
17915
179312
791452
461226
694598
132011
790229
257440
65553
651011
401969
555277
281609
20075
495166
382285
496230
925011
169915
572465
353431
587539
143029
57796
725078
307264
385948
320386
779483
580827
809876
485847
599888
958822
385961
906276
221748
502259
978567
777744
648627
991496
115353
121014
722097
371390
839368
94647
610217
661709
465264
590976
327739
199168
395170
292330
466681
805420
65478
152131
52153
278033
283734
224720
388287
688297
809007
129567
562849
524546
469751
309384
350260
821348
562936
511483
545791
611235
405363
862363
406883
546462
806406
802095
209880
333507
7983
837834
290453
937787
897062
852635
385143
314446
690167
418975
69204
291139
724089
400112
371195
505162
676705
394203
553149
228420
755358
357011
505359
561970
656523
563886
110123
966309
888864
828980
971639
877287
997692
95631
586988
229078
765507
908259
233390
831256
615922
587551
860780
713821
411919
997043
982230
623338
605342
665047
920996
83432
425069
596805
1183
149878
219794
57369
158718
371986
677726
454410
721136
446758
274954
559111
554457
61488
335535
918257
512378
369230
917918
653280
549982
747556
802047
469439
236121
22140
286208
886057
999192
683077
522979
260464
737419
951957
792262
809603
512535
8152
683909
507336
561411
413334
163215
477007
859755
886236
398220
333623
935956
938075
86974
169653
451288
917263
456001
637480
555288
370844
6538
550332
618091
510085
23932
744314
503355
86205
189760
91984
500445
1843
299132
77001
961103
13650
787738
81084
608009
995118
608044
476133
228601
690744
272842
539105
665841
990625
736071
153591
637610
342830
788525
99331
753985
865296
742385
677743
45745
955568
273491
746352
677621
736037
165688
506319
58610
58257
892642
850182
497117
147931
292867
648816
765849
246585
364556
343737
17635
851537
914623
869657
466997
989293
965923
393599
674775
346406
999643
135661
427361
798344
178638
263549
902218
493794
405800
109910
382866
780315
95527
320400
400775
71079
816061
676110
619235
248806
580971
282166
130002
97119
7533
276048
14369
33176
923509
481271
765704
994543
12705
786392
180617
129915
283936
460171
541569
247041
798409
853150
847491
959124
675520
615951
603118
584881
154341
563703
624642
941548
524358
111931
209371
636631
926994
260995
7218
836056
400038
198855
375275
397276
397103
877713
581473
678293
948298
474296
319211
577997
899231
133525
518977
588047
599474
428843
589076
777087
124708
830207
977743
611013
679585
999874
250950
145412
887491
113439
837680
163655
506840
283081
30575
356296
240021
353845
755172
817426
903791
237161
244033
923404
186401
930777
548456
77852
341055
6695
922588
778070
428128
381381
731504
693764
206804
490384
329791
28805
284068
284060
742996
482345
195550
73942
111480
193861
358473
975123
170246
206580
693809
316379
129795
214230
241004
210785
354317
489631
943672
984371
53761
570281
208869
192862
574093
232042
640815
957636
403710
989038
736587
676862
867868
425355
169816
961242
838551
256987
517951
637992
179998
405530
183894
926987
853991
54692
629228
821629
923377
647948
337689
922332
55036
598378
212848
908845
185158
464305
819461
292789
204157
718616
478240
775209
217527
3475
211602
730825
365155
246313
683800
94716
304692
28265
18236
930272
893013
288413
494912
17515
778055
708371
743194
276044
574941
893899
346927
430173
443003
484130
224946
731854
60208
453242
790358
968993
164288
976283
199985
456278
435889
998351
244986
657781
258837
747963
77441
493670
115733
294598
784295
952179
447546
867787
854211
454153
917137
311234
370425
802909
460528
384628
629666
76753
902251
99818
286340
498993
609173
623071
400760
526786
782906
578414
129029
684546
641769
837152
93987
619452
523735
391322
681906
619927
496187
270070
986861
570723
886078
350676
274213
782140
970714
132963
831945
180342
810604
288995
661237
859659
565120
801513
523810
544250
102027
232993
864837
571199
340383
315832
559512
740735
643739
938678
7817
360913
52691
93694
130681
664535
133349
318387
1025
912562
688782
38364
915379
714609
188349
356495
295694
356761
877471
598535
224674
244159
829507
965354
457831
540661
329975
2532
830120
356061
662196
653169
174424
462718
672113
650806
223186
741374
935056
250554
897106
76656
556657
274157
528757
295859
718214
105101
226928
706006
348323
181418
399787
531010
896460
37768
840617
451418
649398
309105
654396
555322
233574
286480
347707
428797
462940
953490
441721
853008
479812
511404
650526
33399
339612
271542
722411
666486
196110
163740
536200
347376
323037
804754
7965
674036
568354
873220
92947
569694
458238
566841
283841
86253
905723
82107
933308
589154
580345
576454
403858
717508
354763
724040
341004
656979
366600
259504
19293
630317
447223
512548
551169
784527
403932
369003
420609
29290
242971
772326
6909
434137
629698
785304
48288
458529
287088
633371
68276
868498
569493
806960
279884
858297
487924
453181
201221
777185
345611
180719
228698
913816
219772
409349
775382
166895
222770
905873
919251
799156
736999
91115
483396
919572
902753
296542
938599
273125
623928
416726
59449
322413
442208
506057
678068
908945
238411
544227
542440
494410
691713
858422
290412
17074
603230
997779
472292
701620
298518
850143
91827
573144
382772
369898
734601
115601
414646
684055
535662
726841
464821
122536
557535
467989
748912
164393
780234
512695
419283
616658
894402
242364
506521
757131
440535
201907
384026
64314
201228
275215
19353
643438
201358
899033
773861
576674
370934
107213
280758
654082
942950
486990
177741
290294
980563
412154
862854
206142
751286
874647
220156
931296
638512
653430
34618
279044
521230
292440
1667
513151
919841
949389
539715
515055
478157
615440
277742
434999
165544
424711
697890
299838
301769
751417
189015
395455
428915
920356
444237
433696
675894
924669
192595
830206
498976
108766
488926
158838
846956
689894
438618
810507
466500
763857
882573
645442
182774
693760
553861
493812
516816
428218
653931
726849
523202
95296
903086
192280
597054
485989
809816
416089
718394
920231
86828
431734
880850
202624
193654
740441
807821
687398
286205
345732
734123
117197
72774
7888
451345
200657
672939
647903
848935
178015
466955
870903
417287
178203
351787
230299
539838
213184
175743
479795
847777
151633
945569
663976
181268
65210
339161
70363
398813
135452
87773
936957
625695
396850
671214
10258
294149
396586
366296
528984
182655
536697
332520
728072
882167
52197
498501
593842
396314
714777
789932
425083
241784
327694
700836
991728
165312
146860
455066
481474
510925
991602
628060
677290
390627
765171
144627
678035
334643
487397
596685
202631
49106
362457
38863
32607
87917
663233
595331
3836
829792
715250
241846
390914
123066
260348
489850
959393
449713
334165
333683
712679
489808
684756
284342
919995
343721
615792
160957
595588
692747
56725
869131
535315
766900
539949
242237
534530
777149
593771
535871
796848
184858
554994
850820
369139
142514
21954
846795
283132
730223
98796
246512
165068
257569
656085
352594
173358
283073
425108
984221
985327
137828
322206
412945
361167
17127
804341
348910
379255
322189
986308
703340
620165
727639
1806
697735
970871
709042
429013
68689
175862
957041
875462
65250
953568
313873
868286
323731
82692
965906
406316
882330
81973
476961
976127
591552
357318
770460
480191
213453
234677
518194
242392
519863
380029
754141
525012
842572
833793
463682
769258
395072
442661
929036
804649
870871
84998
348395
245984
865506
534874
61131
128877
589842
8189
976184
716221
751468
406736
347575
511782
319167
718554
863676
864492
555406
503228
477456
861746
424325
746374
915172
989610
347997
857986
183137
984550
885659
575119
533781
784100
86842
906603
364839
347268
411912
123517
752489
606784
350133
680132
533729
384877
773367
982536
581868
803482
965295
293269
463187
112347
143235
566615
474929
462212
294680
734069
592005
672678
4948
706266
247323
872405
234795
432533
656157
470865
990848
594164
494570
23421
64300
856030
75697
483343
614834
921648
12114
220194
342228
953142
875048
513069
588328
160375
725562
400470
75341
902005
288277
189069
810839
471489
96805
781538
171456
445113
734450
796404
394582
995418
222108
18330
750955
336259
266488
13187
385895
577573
440917
616659
802744
31057
947759
825296
29038
551411
535680
858387
226215
146466
457891
864220
608696
341700
220582
99259
158131
231786
419711
369515
659025
3931
560942
756882
677691
965845
349340
286053
891065
657349
138166
294202
541609
183318
263535
585131
108095
54750
464829
834708
805319
940087
681845
441662
876278
344611
702041
407765
273967
719963
207301
610068
908213
722622
292282
828719
747450
892306
838501
969183
849387
397878
875357
915288
86987
251206
895206
621030
513756
221956
326244
159357
840379
950541
220516
868115
28685
29335
428131
161382
420084
550821
436329
711599
648439
153703
245013
698472
744140
724065
961614
947083
754722
59868
765073
210767
445446
920076
2568
377795
843302
528385
992598
328340
948495
514460
191005
484023
979585
779547
846355
444257
807034
94112
687133
539840
868572
527714
897888
533394
779553
322991
904313
923679
687688
784154
687905
883623
333181
471621
758029
970793
262317
241732
149996
661964
52350
402188
226338
996758
865037
722782
194650
822456
156739
430596
321298
828178
965406
143336
781719
902625
922872
276789
837484
589187
212095
136317
360304
893265
376619
732770
858841
906493
441484
237638
779586
421199
400200
741454
291781
760009
146065
904692
803455
508255
240500
638763
303246
747930
200613
197468
274616
467569
869212
618309
351994
787309
113951
55722
628205
13512
936393
340920
550250
198398
161699
568986
491113
134429
116223
584323
393970
138290
206915
82597
128368
198385
164384
589157
159427
334403
276188
96022
613570
35260
731582
354822
184540
654616
443540
386221
694295
620957
287921
178528
744932
606619
287505
354978
190186
563029
883558
382756
763589
859904
45513
431656
918622
112786
810200
968739
22515
883004
873725
923224
922852
803489
434477
912155
657234
359931
962414
236192
767590
382821
76948
843767
973256
70411
128845
414213
400040
441501
789058
189278
386114
541426
310362
229650
358382
355048
269275
35208
1357
15746
233236
725434
124813
701097
660605
506415
189992
781029
283002
365537
294770
260324
606231
733659
763748
474749
27946
945244
137669
571309
804976
925230
104812
212012
10722
473777
692347
338344
60400
229020
437071
517902
798933
988848
471647
461756
685562
314693
761276
376660
598024
100287
672060
891663
579400
459071
568227
600776
964366
578371
761411
121286
565532
76784
970397
350531
754464
782497
527086
675367
494714
943001
925057
519971
966408
387817
737760
57845
977815
510790
315302
207315
425590
866803
741383
307874
338891
86371
748234
16381
535822
385379
736123
878205
109797
311982
379364
655668
537559
582857
914705
209724
451439
693512
654240
740665
47318
489667
824468
914827
731249
393857
276140
377261
30287
538163
695190
476935
425191
462119
860478
439376
704730
727599
163063
874557
647621
465872
675802
253227
672407
209148
165642
170140
175858
214957
773353
624898
223636
292607
463280
46585
430579
146911
923446
178935
986083
203460
379836
774529
314441
357016
984641
267014
860126
38964
62137
452075
689602
707667
515878
291
117091
250705
455714
873573
248771
940680
675623
225675
533094
916215
998865
824922
217859
340366
140047
73270
895733
359073
992689
618952
500503
793539
837619
431198
267671
531766
943119
904828
353421
111867
949548
795525
514427
952550
699105
106893
463455
792785
263598
901590
812130
996862
231231
770756
561574
149166
584888
393580
784297
347416
876136
979722
165518
353325
246273
299649
36897
108331
193423
317594
807699
912563
853440
17405
812195
441766
80028
993323
824744
12020
779025
314162
140798
891546
137411
991911
11622
249705
885356
508900
230145
977726
326275
721224
498610
218097
547147
945591
809836
546443
123098
779557
197763
772561
713077
273492
548114
895119
985741
115302
811225
53787
901684
290613
512215
788380
156599
132826
897579
80636
873783
149635
817818
218064
208801
664787
162083
572068
114821
367925
412372
161686
849370
768261
956763
558511
561994
151568
533632
24372
630562
82091
788349
439037
683647
228168
447148
493526
180031
750903
551901
524045
778984
500219
277614
888448
354633
284730
708644
944797
771887
943307
596195
592314
506315
794802
543402
88382
874030
559135
620177
926122
927032
824131
790173
735510
744161
855735
370921
858695
390198
10570
174699
843863
644196
500789
932104
852919
670488
533737
192461
206989
909968
17779
355000
522715
678193
695532
869684
709365
700560
491288
744901
620609
334179
123443
421672
737556
680304
311200
451987
408982
758248
10870
966856
92537
415712
886793
866773
953260
909808
384226
993653
515590
681395
549872
835679
277401
124099
911074
238836
150912
290482
740619
433033
75789
750636
696601
947486
47171
476210
913975
49001
579033
969092
173595
937169
382913
935109
17571
860440
634286
447615
140719
123477
140915
3339
336142
712394
474640
739816
758646
370026
678659
692117
731848
85519
603186
204349
171054
394618
84820
23200
282967
218107
417289
907790
466149
1967
679795
886259
522538
398046
124499
97947
985297
4301
346841
888047
87946
546418
205731
354254
238594
20337
112798
72768
393785
304185
896893
670708
946037
239994
580523
411831
126013
341664
577021
554343
953310
458354
325621
603242
949698
858932
668318
712753
438124
957240
334585
354792
52705
182705
446403
160200
575916
810528
405593
236051
324194
929159
779000
765015
859676
604910
595032
479290
191062
697774
613459
565683
929777
88942
624152
542498
600517
845426
455742
68668
751674
176425
984082
181194
811140
25390
309541
559653
96926
292817
584818
769631
805014
780613
459140
938709
564935
167406
338433
89546
383131
757369
952450
851251
527607
739912
934017
113968
918882
718680
302513
363357
873888
931489
519117
660150
889456
71914
540740
257853
59735
312223
867195
813434
774869
561939
187477
54262
432672
228896
630927
250482
330585
840172
935018
848775
72422
316104
655623
530835
406818
728370
27531
108065
770326
189226
927145
962694
636997
633276
979094
547748
994064
564046
220805
951101
113001
98707
966659
321723
157327
83130
24103
339298
579181
233757
882189
9742
77723
73305
71419
90366
533809
437624
768369
980124
809492
172977
306061
107564
608572
85585
920564
549145
245559
795687
5200
451442
67477
781265
400306
190173
874672
515420
641939
839810
536849
363846
871873
631292
880111
990719
104607
943954
46632
867873
916995
121046
869236
830115
170054
617420
301045
424536
522060
595168
19294
754268
715575
254386
847375
539852
281429
254194
165010
466485
915580
138204
795794
922620
211719
171856
343174
539151
386609
519808
547953
951896
898953
275740
173172
505705
376126
451673
216417
801300
303038
743212
246754
426495
710475
517579
59358
233282
565239
622888
261619
543636
176993
705109
179443
978317
525199
939687
263887
441765
937040
796414
837163
534276
297844
299248
324420
416123
19180
153681
956969
211080
672972
807400
520571
538260
252750
600888
827555
613658
184548
715205
14272
372658
935565
61081
959298
511764
151104
542137
564540
189409
765019
431135
27285
886721
118833
93724
634823
756590
91453
405998
364862
786641
398352
397459
892592
137111
322115
581409
478667
121186
386711
761948
355847
426682
690889
846027
532402
739213
569382
783150
167078
550757
86944
389487
619513
239390
181389
60452
386508
126702
180849
832747
809272
622924
696166
841934
706703
885994
610222
652153
421109
990497
202066
380009
988868
559003
153487
352450
569310
152523
225822
972906
761395
415263
945285
584172
935988
56036
486650
783406
876028
235750
476366
595811
574091
932353
347854
517088
178334
696557
88212
214578
73382
446589
172680
583053
179355
532681
602882
797344
738577
759069
111509
485240
760821
822674
178114
614461
562006
360885
938284
493140
223054
742748
220782
733768
299339
568148
509906
656785
554881
592135
918784
363524
931434
775331
437254
918490
544939
673469
202037
196573
722286
787272
46138
929107
918422
498096
539367
584166
860099
826417
869626
89997
917848
784791
991152
659660
206772
536930
27387
474500
909591
511728
893167
243863
189294
925735
261074
466624
965487
429547
905856
871788
911945
641314
836449
660400
578400
189982
737783
844067
346578
44856
394343
621293
664683
452397
462182
755271
28527
931049
855720
538083
698346
877447
614190
402351
987787
684556
948383
198016
996064
38248
529174
791688
910723
293999
956325
470137
890668
700239
498324
761578
816999
162267
411810
636625
749459
464931
596308
622325
525232
815761
989821
617534
824137
125091
792717
762931
189462
772884
69906
641157
405543
696273
942261
593676
317874
549961
237185
924476
592285
594228
843374
197733
173098
203075
611334
855728
279486
396763
759212
137183
729050
676536
420709
424163
837861
190487
838113
584445
172151
941598
673334
97116
881725
58220
217613
206893
670777
332442
965606
944098
904050
356543
938456
305609
258392
313602
919603
875902
83382
801571
480378
547827
320112
444914
359347
741694
453012
916777
162802
294099
543421
176401
941986
3352
457508
487502
494010
418769
415732
650517
505784
68706
592300
29185
597121
223941
847881
861631
341144
144611
331929
911579
98433
249495
540902
779966
278814
939104
648153
59420
885
135020
475298
497061
680375
951114
907310
574596
678158
209257
859013
96612
876370
891080
171692
395940
190126
853706
74085
737185
113934
543042
985636
278476
444951
911817
351524
899505
526739
155247
287
517482
180098
892952
450761
769889
966229
624175
84592
181639
39232
246312
224005
307315
799372
13544
256497
28945
211281
378738
639925
438790
335279
569958
295758
787796
945501
857873
453444
118199
874652
244701
176759
102491
70217
45961
370245
524418
191511
419457
969835
660380
743115
495439
657380
886221
526266
481506
414224
338302
753678
115486
933431
930596
991212
450670
276604
305669
990263
309812
490387
523878
753974
471206
445431
733536
609648
289944
413204
874517
94222
336116
844163
334582
960811
50355
353392
599031
769489
245915
342479
321721
113318
704714
246423
982592
477761
54140
568886
309419
727123
59795
202963
807417
429744
107940
391644
168245
532514
809751
873569
88180
152282
4494
134898
736868
283776
24
439486
134819
878698
669825
645392
536931
446646
884790
238988
72567
654530
836582
304528
956432
692012
614169
232500
102549
808326
486554
957839
223825
412793
896192
896084
412865
777797
897907
83587
154789
211757
539423
107765
618588
194961
632555
832401
630074
738788
962499
368351
852801
396558
582229
212548
989058
879297
233765
134956
838448
917391
647879
189847
569951
978799
733509
439594
617469
404666
937387
310668
6542
515688
179345
591442
492379
566081
561349
999602
196280
526871
499030
528774
782490
107289
409205
121688
544875
806680
499968
577363
898761
280910
840464
623731
704791
403182
441303
317545
329249
844928
462050
103580
437094
110776
569823
667586
985818
703323
631618
557622
278307
292360
387964
851423
41669
695125
835437
717187
323090
127361
397231
94465
981167
726861
278050
