64301
155006
514271
328130
222283
378186
538033
565207
146215
431607
837362
512767
456865
113354
794743
814877
636021
644343
953180
968887
624657
142700
123816
507774
478187
55548
603243
855924
663493
530805
518924
751867
843187
880343
269067
90072
551609
885948
471269
621871
929761
679280
35192
577122
25983
421578
943114
326081
581489
317682
130137
262448
505387
900381
701449
179739
524918
208014
356283
997342
90752
488933
279560
229948
588618
330311
668922
435709
846495
195813
788409
66148
836302
687933
882461
435884
478985
178604
268811
671481
28773
21768
242201
764597
195133
251565
110798
890631
784994
147002
283327
257821
715954
638338
813364
522233
917558
824908
441208
191909
702749
499722
863663
118589
760030
351980
911340
533754
837145
209907
670583
66378
3443
789737
67327
604442
689756
285857
598724
802971
43632
405120
951044
281463
714659
365869
368109
924831
295579
646251
790581
242168
927376
490701
916275
482
598023
13210
979774
583895
953259
321192
356318
382063
796790
498186
678917
42786
511645
246754
869480
184972
9196
133625
752799
24338
507897
999707
20971
414066
148517
392005
95726
601779
833717
134811
409248
133458
730873
225955
729480
126315
409565
470181
918712
578375
731199
129336
627448
442464
634106
914339
340429
957776
75240
146151
739151
83834
621173
150261
169333
588996
467621
885623
176855
950631
511227
814393
130768
510046
540626
830942
160034
995334
459561
464938
734498
569450
39305
818906
622316
679319
649365
617820
484093
179798
704547
548326
215937
628211
926285
297140
555731
88018
611880
761280
565780
56631
883279
64042
433698
866539
723321
182594
332541
52079
545730
322264
402429
452443
414341
496734
37722
999380
514589
359878
958780
85122
432153
855962
724246
146417
519412
924123
831473
98816
36246
373743
647878
52377
413301
256378
434953
40203
875547
729273
248908
55087
819790
897430
179277
43804
188643
385514
437812
801724
829640
992335
995566
628645
156640
29164
676675
667491
367171
780287
11209
828620
4670
739522
714926
265890
27658
365303
863382
406716
708941
822320
666572
763607
646282
838078
322630
916392
38535
256945
993503
82371
658419
195482
436192
950880
353699
683976
200238
709045
521773
441952
261782
52551
877546
303487
906357
146865
956489
158433
631091
147640
300386
52861
278059
986887
986657
229979
23738
612142
940606
966599
643863
537817
106295
807378
297264
522629
353066
46071
655854
502966
791978
431787
498944
36368
905520
116527
737750
453743
971542
470658
198440
853359
727090
899076
937770
235560
612989
510317
948868
53119
659817
228287
996728
992248
842889
481109
391806
544849
886985
336796
38615
682165
924401
14277
253976
110858
697608
105229
254893
518531
419907
80004
479392
106657
11069
576260
631447
87236
32294
745754
987294
221100
979245
446242
31894
482023
899677
245606
699914
710722
579995
773819
850718
498694
346100
542909
228630
730122
912049
23470
20960
539767
837239
946669
904498
460175
547823
142630
308914
172583
687409
399173
723280
221707
873073
939197
162952
144215
566159
997098
244951
360768
779835
629115
7893
636920
905105
778606
217565
950982
303530
54159
31647
216765
94203
803817
618145
858916
944163
928619
394098
365078
376884
855389
389155
782554
344464
675988
740320
371482
135696
319207
233111
165034
984535
41222
670692
565897
335885
876176
578355
650259
690280
554474
110174
720948
2817
263492
608199
339071
130961
530038
556040
188512
361248
901799
139522
333824
927082
730072
458880
822257
832888
900980
660925
28247
261172
131554
674063
134568
346421
65748
660080
418102
581859
832843
677112
960329
976450
492939
217341
591800
669119
607519
737831
765920
787823
432120
984645
284854
872408
9116
423356
73340
949239
13664
196270
368702
549130
690367
881308
200813
272667
121488
152338
472816
934895
770666
240769
788448
473670
74466
163898
681743
716860
857858
597682
935947
298683
2054
621053
625911
728004
707949
110075
843466
222539
140590
611485
182593
248796
214301
922008
345082
554712
238886
397897
320539
540988
803795
246912
253480
859681
354195
364807
447794
675588
723197
527565
543775
824990
10669
596192
839720
892900
130693
312041
857023
128156
743897
929066
289122
561327
451843
384047
273738
333108
589391
310246
648230
480048
273920
213864
459432
76713
645258
207050
365833
186423
182244
347955
351840
972677
864321
941850
442413
454316
729288
846608
150217
157452
497301
710407
454021
883624
927316
823878
994541
206116
783941
188741
298789
209909
681242
776662
448390
474434
529050
388137
921336
776090
297024
36417
721022
509566
402076
707039
468809
273161
167267
627948
523627
324844
975982
536873
695719
414940
483106
377729
168487
680442
744904
67215
188533
341228
436305
609055
788776
436003
928589
421851
382683
907803
176974
554208
917700
182257
479538
471137
308550
395106
327696
727077
621324
37764
619015
155712
728479
998144
238885
169563
840512
289116
273174
972741
284870
286081
232215
691563
60850
617809
114150
652005
491472
339443
21765
868241
830491
452760
114914
617639
223325
998336
600299
89268
10458
259305
152205
628185
788244
274911
233033
513281
519717
899226
334773
800596
89344
986293
6536
471461
596136
596318
608623
789016
276018
471440
770905
908988
929728
779873
408100
18118
211794
515255
52904
718011
545891
180929
821241
155965
654366
21291
293887
562057
779239
815646
685044
861956
563811
768265
134861
745106
472957
445698
952198
362771
561150
613802
951310
98601
756229
668809
938966
227471
281110
436195
547790
697917
660125
91310
691840
306857
669688
969399
413648
836095
840647
816953
869382
268846
478914
106804
389845
432371
903320
192865
228545
731978
907136
827222
218370
273526
625089
403753
682387
301055
334924
75143
411838
936334
744960
89424
753562
906231
756214
714986
815880
997964
471615
579395
446398
758868
569383
900159
343647
412535
705267
718269
603936
187813
861134
662561
977858
134827
349827
571233
475141
417705
103011
878826
683947
965301
2794
379281
142990
992575
342474
954718
206369
481209
62493
317464
897262
217634
236792
211056
362945
313878
187763
586236
561836
493588
590590
236439
130657
791579
372588
832379
35624
544398
879204
629952
809690
92809
918560
884880
874448
356965
222018
449670
680301
236920
499276
624414
252222
867347
813054
223711
783578
986533
592729
219081
803815
103758
978839
517676
724684
726121
819328
358172
489742
686879
600568
390572
656133
267084
477654
232133
472746
607214
728763
719160
636692
352747
257676
296533
476273
515871
110527
115044
991670
214446
489885
538010
68534
229482
457323
360435
413357
524877
399085
383979
702663
773331
762838
462685
634443
983634
596483
397770
609484
289609
909419
817544
577077
581095
212325
602091
731165
451697
267561
404528
943198
708196
880037
804567
407576
364132
864471
20309
177676
988946
96461
863234
361789
133632
712928
826855
932875
519431
597908
534264
803716
504700
38522
440642
471722
321461
146120
318647
526788
192122
674019
421372
125876
920326
568057
382701
994566
342109
959308
342128
722355
88688
877936
84388
238744
682562
294403
35868
151242
631877
599112
449841
347108
120602
401682
996211
805820
523172
15030
466986
493993
575105
330474
236583
640426
25334
261563
883460
485528
430335
723108
849966
928863
634293
823857
186318
223557
710678
236623
708420
45760
528337
789286
735947
691893
337581
53602
827171
924563
576389
187726
524259
692724
467228
889116
423657
971146
736840
419482
424808
10144
396317
366443
235002
650353
353530
902148
550815
982655
67425
543336
225323
774422
505562
542798
306420
346826
922554
639911
340686
589036
70876
325327
442418
597499
934948
731449
224445
641251
195982
546564
258006
876603
498293
459710
573314
765180
943914
709501
23699
321261
453322
307434
492121
774404
648735
284606
307953
43790
840051
690041
847224
66768
524002
750706
317008
712089
151919
6751
338671
759685
570114
181972
370452
236431
591713
712049
488218
513200
756819
145934
573902
376053
488560
464627
348050
965299
708691
800004
572290
361533
256357
266680
258432
847507
504494
570648
498082
294677
840407
514875
123296
827797
481133
740801
5697
542431
575549
103889
374433
433548
545933
550791
908333
101022
855709
757391
85712
820545
88803
693507
773849
806879
830135
749075
579031
846576
751307
457044
261529
469710
388616
385409
402138
437356
57831
242998
844170
788274
415207
327196
910581
721023
21998
703063
545031
953759
449130
750054
401890
911149
292074
37538
606403
389729
684117
938673
496351
68422
190091
623901
912658
7616
769033
822797
780179
401408
656716
99932
245545
219527
640892
61616
726648
301987
659443
312508
169524
266153
171774
862141
56117
301295
482502
292151
99136
386428
744697
322698
570146
937195
471993
359413
270767
720063
293819
100746
444778
968607
747436
941893
743916
760383
872904
53773
342797
37506
180889
803563
770501
187050
446877
307011
378195
93170
384778
854115
445816
422621
643433
257030
503794
82852
387547
276844
799735
188065
119367
660205
165803
519321
573059
381640
85155
501336
618005
813072
989937
969764
21732
397387
455364
224874
871072
356880
569858
837011
902954
296235
899054
47136
523585
761209
398088
379474
115241
212885
74945
716934
620570
853952
94780
728911
271485
939112
213466
471164
833625
911753
896620
174687
149715
415122
873079
402798
846433
268378
741378
149091
758593
676485
896201
530047
10923
366180
119042
86689
560812
607090
867486
810096
862661
135325
553287
284919
564851
905067
217266
503510
854176
882037
521339
153140
760003
699772
577256
938915
358116
90829
786521
255337
362333
967363
4660
225712
233092
450487
505500
989477
149668
817589
278812
606211
634368
108281
715369
173594
323454
335552
661301
740431
682728
243246
107995
600422
769693
331230
831988
717737
836702
375731
249122
888720
163855
868302
159413
172099
293661
873328
24564
348475
994309
237430
138829
282524
968676
370553
841206
872439
833197
205483
226502
32039
833985
778876
127780
545269
965713
699497
355703
811007
538126
284337
511048
155985
989386
779122
867631
871539
521652
729644
812856
374101
802551
58952
94881
355426
629889
924788
160436
697188
749536
955774
419621
899028
224542
818928
875694
341539
182408
83998
262755
585837
745309
833972
335689
809653
279195
747176
878299
284624
768708
998326
374165
548800
272977
248846
575627
563703
78155
958593
934387
874295
950874
448755
547777
672722
510506
26506
490585
958815
179881
980072
141045
558754
654566
320587
992801
652198
209267
22707
962468
379885
680338
783235
760512
434725
794775
448286
940683
642738
818530
26140
365812
25097
714009
726661
155841
309186
653175
688702
198738
4569
740822
154893
462405
183820
559080
792169
942700
99799
942282
18754
382486
824186
538503
557235
894857
62438
902879
626813
314456
157688
457815
11117
947509
916733
838566
493051
816078
945213
671856
648962
565078
870175
96656
463976
277887
943130
911658
107442
206632
677308
797112
402742
921402
891312
880740
179842
498381
482732
353100
858790
271593
34793
231984
591041
653878
885107
205301
739488
642770
188087
355188
652413
312619
300768
270229
483331
538664
292080
904816
411409
570738
285344
340825
324488
351906
888058
553411
171841
302863
145512
975667
765676
325676
301788
747067
944573
37060
274774
31386
685917
602066
645277
367639
93991
312535
336001
750711
244571
653259
373846
180059
426141
285699
939559
21825
853186
836137
613714
410085
952549
46913
299496
452407
394423
808017
991951
565739
840514
438699
34716
806781
433551
110369
78733
801213
46004
266139
374662
150337
26504
393454
534219
855715
116903
90456
487999
32203
198811
697367
182799
880242
420767
447711
950843
41117
590608
894332
126021
458034
372434
444165
848380
984387
371033
718761
748710
516862
145561
264516
177948
457615
670833
93960
965082
714382
968691
499844
397765
831713
853698
627171
497945
120838
609884
708617
158654
681675
156960
777593
618096
527042
796652
171785
692001
928482
845632
86439
309504
690045
22289
914227
891342
747478
285570
99230
19489
283033
361212
983534
854041
778041
224524
276886
669767
298364
717964
19768
602722
270283
86666
18136
108796
91434
939110
644997
752449
711664
402202
204687
181101
557816
126645
783059
568254
83899
54609
337503
93591
836435
726817
16826
103116
792992
622285
159665
698624
889624
832081
773245
537601
181485
945869
768903
540403
322866
139236
6090
379268
611360
225582
716735
381522
527135
430109
708206
36046
170490
786854
221897
714158
294543
782468
295773
517151
164685
73004
134858
584967
35439
62260
339096
256848
439843
491844
469877
972753
463928
782609
77631
833914
961615
149352
34764
106488
730931
426179
800271
642781
518865
32452
322208
310226
610884
909688
54559
58106
352375
817781
600646
802877
998147
814843
205221
377628
113278
796428
286889
55759
958496
730775
484071
913529
730824
26923
642469
189015
744632
490366
178808
775555
998848
443731
298782
489813
877250
502045
545033
833028
177842
474005
80047
901788
190086
176288
537594
984348
614678
316829
908423
815265
402339
171125
584673
431432
347594
433476
225478
554310
647863
662023
613363
918525
290281
69460
882133
959129
342795
323682
621153
487947
62401
470620
443499
377477
593634
97664
279846
542198
637664
341609
778948
852926
836929
392475
765273
601383
936234
761199
509744
19262
437930
508032
261709
245506
630510
122309
817703
343109
996335
246617
745755
481906
71427
877480
346030
545525
44676
240010
64244
493302
51770
117919
237721
988803
753868
721586
693390
805776
506455
232533
833143
771772
249973
895457
518448
369596
741359
327963
560691
879107
973374
992044
614056
381344
798438
475941
527471
648797
461665
841533
771319
326720
209024
434415
87446
995419
115751
848624
746072
959098
712989
324579
708401
97741
665202
340129
546540
651410
966448
444314
899048
10153
748066
732026
732261
832329
606464
311160
424015
921536
755764
480185
540560
210662
603802
895177
901576
171538
823916
795238
830740
705717
896464
919339
69378
547747
986184
693304
511239
331983
318648
20877
659943
219742
327831
8446
156113
391809
263047
183755
990865
775533
577035
897586
905464
340576
102264
911428
388227
429999
375990
647695
153452
706596
401526
667766
461534
825485
272399
443742
596165
975838
709836
230268
189215
279924
543869
596235
799458
676368
917858
929684
323060
794047
255923
999590
915778
190895
561626
433457
137460
452885
616806
7030
30761
162769
374131
282271
692317
827733
549060
357017
616731
373789
957733
642027
675701
937924
372729
398431
315519
459836
154299
507123
71825
450726
683079
445020
345836
408845
967652
883233
51426
651082
780552
521448
244684
84779
406298
10080
99107
14535
430127
260035
281979
599571
978149
370035
737275
699500
732020
452552
759182
25830
306531
131219
210074
278351
808594
705707
937276
164173
838745
191540
366425
102523
861971
843857
115095
419587
645828
121724
152736
468531
901630
662830
645744
453745
137281
731074
698644
4295
212297
369900
89677
604004
637142
964675
404731
451728
106713
973071
365199
347648
179225
800002
231765
749288
763606
560442
512829
55844
516917
923884
129805
590996
375577
60653
792715
91372
677549
58113
173953
308331
157556
257707
898591
369419
932865
260220
586485
762191
258070
515275
78959
808606
496396
67093
873296
356868
694322
775431
587220
853845
573282
167355
196655
214625
762543
953311
307073
992332
871689
117696
301836
876304
625117
268455
771013
644143
480883
216289
312831
198019
642091
353989
112419
676688
288484
963532
943131
96324
905333
29625
181124
995421
777443
49928
771283
38860
766330
55845
846059
706697
768979
141650
278325
807450
605203
18956
96952
476461
398442
703997
67294
160230
989462
674181
917593
118598
851048
512456
425631
790083
829165
684065
626053
978066
951164
814321
958878
661724
188165
724073
808349
159925
448916
350876
542524
839046
611216
475577
279139
202912
905544
11026
308742
92624
788637
821375
22317
451615
17201
831878
964802
939264
994780
776189
401343
90543
836905
909864
629615
823449
36067
670572
550638
112843
367435
479043
571654
489159
331278
289094
304235
412789
910819
392405
839547
702379
590357
416671
821455
754911
325524
495502
599725
725964
602992
996328
650892
130845
281799
329144
521107
572440
673308
735534
416526
616458
960396
849954
898441
548540
744213
349140
780770
870824
909438
873655
374765
720037
289203
521084
75628
508492
558873
412073
605106
321314
730396
985328
894736
750925
633079
228173
974338
728350
913666
246930
398303
999365
125770
193858
429223
757871
338981
984787
690855
303354
518441
526763
315414
9631
410012
546696
164468
670331
130330
743959
200686
607582
257393
293135
857007
617283
174055
886532
111463
471862
417946
315816
724198
912543
983727
152426
516800
892924
685173
549709
196801
639789
862705
530888
170967
847086
906645
668161
89901
21798
510589
568496
234907
795815
772456
645132
188588
898366
277793
112
979117
311638
859689
13136
730738
730418
376729
206664
430737
529783
47844
467978
929770
954863
433366
2919
199441
804387
864710
212480
42196
183412
934597
256097
974208
548623
246683
651759
872373
235019
393092
399868
365677
377299
262556
429429
836165
946736
390701
733026
96975
446399
441393
804902
12162
715585
374343
393083
671353
503835
476630
564958
956142
962583
785373
539072
315183
982908
788258
262920
179460
921135
448577
50575
628847
160429
861419
587159
48595
221976
481336
957643
99364
397913
237039
11913
276900
228473
980947
388828
978026
609050
826522
788771
318694
5627
568025
63564
350811
90641
159102
291203
82483
803012
85164
129061
597473
86895
758442
185209
811012
250625
29887
193817
386615
478296
550895
722221
230495
402900
427941
278193
917916
277899
546507
377872
618978
213923
546296
444640
279164
861721
784059
292982
308709
288831
17836
910152
756195
429319
420056
504747
281364
69943
494273
659177
75456
581371
374645
743241
837376
965744
586289
813154
13491
758537
465760
889654
266327
425092
1804
297835
956143
823041
731625
580792
1876
709373
644673
541272
513445
774835
463017
972565
760996
487847
792015
279913
287756
734140
603717
913996
173835
758195
374799
875497
116818
665695
714445
670438
956563
389856
834937
126912
890995
907420
626071
364654
278191
129197
92892
560203
824948
554780
517356
854913
859526
218625
610239
702655
349099
25181
959517
750087
580184
649930
606463
759911
463301
51803
548667
21222
269530
744703
889143
474714
319210
572585
222522
859043
104943
722784
66249
885197
262335
596369
294250
115556
129973
241935
443172
782267
736695
134013
349387
266667
947792
787818
876716
639580
437454
412624
482037
222021
916120
160537
246198
10819
466944
440654
718447
402436
374330
272450
768740
408085
636852
725959
686700
255673
138991
333152
776447
202593
377823
326983
597434
322303
108165
474219
606200
789766
615032
25995
943882
331636
733699
110901
20820
331877
799699
624002
167307
942273
860550
956029
725538
68912
426537
847815
989531
42726
374073
238169
981743
184291
258691
649565
766813
902476
602189
185290
366094
791440
972185
623733
40403
877871
613536
774846
201216
19841
673214
622827
743829
999162
425114
715611
32146
437998
817739
452968
623580
544555
416199
927655
969992
887818
41264
662204
546505
892151
397454
168839
96662
302285
99792
471429
671164
102048
678657
850945
105105
394157
258596
985514
712217
544553
515635
873960
507964
285531
514856
728594
881570
906177
463195
136738
453497
846944
343574
741835
732477
11189
687709
402013
420645
897089
422907
889391
228707
957478
917107
538492
239246
163514
807768
818053
442237
687287
120467
109177
244862
306275
743092
44876
924984
734131
472332
7245
84235
322494
591544
462392
295208
863610
266935
959005
424881
822464
921027
729058
146707
931348
602945
846467
81624
894375
958308
215822
423278
812103
35007
633249
949323
420980
419943
980803
570245
924919
685746
154771
198600
20916
852133
836470
282203
106126
270129
433643
379262
150104
687621
726030
490327
852030
894940
118244
42757
453994
303051
66443
968414
91177
730390
642265
169617
705109
358703
811504
548222
957421
775396
294567
334497
937102
62189
380835
790331
313658
761648
180686
401815
327384
892338
237052
39672
413420
7622
437267
521921
452409
586154
777692
816088
494499
311526
719352
176899
780951
577306
99303
563114
104040
317927
807365
216858
681039
783361
153554
976029
44438
73691
745209
608574
929862
373796
44137
802823
675752
831692
37144
956039
735899
736017
355200
200366
59691
179254
981537
188494
691384
344696
110421
944437
369595
431601
681864
512748
834893
166627
55172
850572
883748
560681
956157
25462
556897
110526
415170
721958
206366
810070
675096
487348
89823
363068
941914
547928
185769
598805
95980
742558
639356
361123
732334
637616
141686
439466
925475
681509
654030
624264
500766
659326
820156
406791
813024
368046
206724
657748
445226
750186
214158
117277
113293
837057
205123
334129
364975
731585
198771
179311
2888
564737
92027
665131
494225
370210
659421
908633
597669
473790
45689
895648
680057
1782
544334
238101
162462
899065
832190
749475
843980
17262
710926
505984
971504
980291
373669
297817
958185
164779
615859
939685
783099
314364
918204
137377
48402
810527
450948
559615
477701
25367
212041
509991
182648
112799
81256
209621
869131
629071
73641
895570
426237
74334
534478
282393
943484
220741
630773
894745
767197
37236
844332
394058
725030
573632
421762
606476
95766
548759
398838
11410
105834
835387
519420
515852
836737
700641
473553
471282
131192
756156
332915
699534
301469
484197
310690
74681
21257
52166
939339
676221
952794
706093
504600
306845
849468
415039
231094
996352
783894
395336
312174
686762
119584
194780
97494
363989
746341
497559
320243
175211
702063
702495
581548
28886
771549
635581
187224
990141
717369
861524
736126
508272
100689
580782
651155
381735
216263
523051
909950
627001
603804
721171
171218
314377
4599
868138
365515
591279
850624
989647
29426
296913
192552
410522
361903
810058
561045
323405
863589
470177
957741
919659
235219
787094
482609
669606
369141
585677
967623
885032
76345
434162
826695
557321
446538
700315
52744
486759
520443
788947
609262
707499
274235
920711
304288
105084
236094
899461
76293
772005
536924
861287
405597
635452
810007
955502
803579
899161
657849
851143
978390
903587
634946
527556
35391
847961
388898
544452
138855
699004
429755
250610
539302
313231
698966
104601
259612
439159
364611
551900
344163
62503
689021
128573
690596
802380
582387
426824
782460
933393
690853
339450
184937
194898
822546
843671
888194
414870
569062
287148
272420
76745
765485
486916
499061
276739
739615
977594
810800
599291
180914
384592
193238
36055
629086
3898
797958
823317
134683
53431
48253
787394
489323
607039
227751
295338
627350
366218
805665
358773
437807
700813
629416
33420
748756
954955
799544
41497
773070
51330
377010
108622
148523
930124
672611
653515
689240
37301
413664
912733
526398
215746
10986
410690
309442
396428
898647
136296
114476
720668
353215
338651
814105
881639
349393
355130
879183
17629
69593
2788
841620
634447
848413
928314
720205
251022
204040
619685
909106
515271
175741
746186
937652
60836
193679
613651
261850
510619
380747
425667
103747
151588
167944
329286
209354
225711
987517
707479
592352
497807
407042
895001
19766
532406
102867
926775
358154
178084
844869
493117
632732
806595
794954
642909
140165
25616
603135
441111
982931
617179
650033
448319
137924
318871
123162
961955
858199
188294
696553
206507
350558
385810
828348
334788
956609
458952
818282
768525
698294
620241
304213
706435
761709
287287
909951
28766
458805
522468
468256
836306
853408
286521
710331
150263
767319
603027
462052
731178
617379
243066
7503
693286
719900
796260
621751
49516
647221
193191
627497
346607
814700
593492
497614
976208
712427
215628
24559
337384
925327
971284
782624
368169
47061
473388
432728
349929
491183
362766
192857
435018
501489
964467
239677
931751
193547
506843
941978
83605
378464
282085
122782
649137
901929
495415
166081
710345
808947
528868
701755
224916
4727
437706
368727
754150
243590
997948
349763
827132
61905
58215
651102
51117
599762
460770
910926
347828
540697
546813
489780
324248
467999
40512
369374
237826
202179
730267
914832
228899
369551
964731
468523
189410
338039
683949
355560
770689
282239
15667
630653
36362
50344
632752
190589
240381
141147
346670
705424
936279
439504
681419
45390
783116
226218
346907
980475
732787
431222
58396
54852
340522
624666
666419
833757
710477
998586
434980
50233
657481
632850
197601
136347
55338
228573
243513
400673
269219
526358
725147
419470
230258
134392
491272
864097
971554
688063
462961
686342
573759
910140
794739
59559
681406
243376
642846
36169
832344
738464
255131
756792
671262
551306
602689
290241
46251
407950
64280
281093
152112
92038
467300
456499
843682
92573
453291
88231
983913
660330
259786
384070
519639
587935
122383
750717
1266
944014
688099
806832
733862
153012
828207
754193
838101
150547
841978
371035
176602
324270
218395
157424
923292
356959
85948
298920
647240
197042
844770
608460
173971
325727
592270
910984
682238
510954
334766
150846
747626
447947
857824
443655
5923
804972
542087
170460
515735
237618
168106
223696
599492
177712
611150
365097
741128
899469
227065
363865
995295
76864
495490
201145
51271
903531
381830
235369
85571
791853
962819
715577
151940
952049
910997
145776
260381
612333
309598
885710
538786
647496
995631
572096
486330
495897
409268
509374
878513
173194
807889
459382
214213
36166
403884
906421
12223
818117
928414
553939
146738
4941
674490
486059
195750
525197
261996
199462
757195
946816
70390
833953
435666
59185
131877
57331
693593
339838
278291
182325
35604
214514
673941
210702
348235
289283
896583
340339
651094
531827
265057
572605
950562
424508
142420
319270
14631
272178
124037
1399
163302
597754
990316
911085
202101
499941
289741
917616
200010
225721
880049
501744
249926
409216
985405
348286
153735
673583
99905
628311
224726
585323
50731
637803
782175
32283
997252
305888
913508
975108
20436
911022
208830
63810
605234
375920
970014
887972
72446
730146
685024
225734
444959
237063
433381
852959
205572
536170
674753
204348
465666
331575
538063
910093
337267
100941
526835
296879
325503
573221
96528
775662
687148
144030
203068
500646
620667
44637
536462
13283
176778
555165
228184
700309
18961
225419
518115
53076
86769
189630
156685
285003
288106
859193
34427
901057
460299
1945
123461
324680
263562
55736
728193
531161
376023
908740
954459
727069
16182
330577
970711
640913
960240
863435
784657
219859
598568
343330
663060
786085
918881
63736
32342
792828
845791
747837
383804
202601
494115
122030
259403
774978
720313
982103
777611
716665
493640
367228
885233
893026
833168
71352
390846
440645
914380
985572
901786
405000
643013
611868
675296
345618
713638
630366
613382
468075
620541
755078
108836
892095
319383
6464
144138
420590
329844
963186
849910
891284
197065
476860
349755
669523
323324
883915
913082
884767
635468
111885
888825
550549
384584
938475
966078
478422
693697
10232
248104
310676
47554
846811
339554
534217
16469
243428
422560
447441
158387
876408
16863
800123
483652
317503
214081
315308
383878
909300
708663
898637
914597
101792
65046
840343
406013
963765
267481
803387
289103
607476
336190
168579
474158
223854
481634
686532
292945
74508
606819
79310
917265
151254
813084
347047
711274
603210
671441
697982
889010
122046
621764
211696
368218
775022
330557
377429
189070
497003
590944
342003
877056
573071
271590
840978
398028
561745
354807
375515
786660
247951
14901
970298
59268
242283
420321
116312
81289
402745
624089
29944
374660
243528
331499
383126
642020
329246
15045
737477
876104
824695
382370
288091
45228
870579
473565
79189
523606
557030
236372
91579
617214
232949
817011
55641
254116
683815
298646
385670
6626
289757
994757
696830
10235
479199
899445
95932
96497
227769
750022
767711
238715
652703
756757
961168
305723
57142
678926
86629
188279
505261
989314
743190
560244
245916
950054
910282
615880
907207
228222
376956
565017
423178
43107
499652
124532
332782
623307
719982
796951
656271
158027
991962
786384
877428
380680
76528
671545
185556
349012
152076
796064
428024
542897
738316
660256
177693
267855
417779
3828
383961
844229
845515
299727
822781
655036
781564
598293
596867
880972
880103
794323
615232
490340
877824
45222
79514
924416
750486
380135
782454
354034
183368
954206
744830
501416
502085
499325
828308
649717
321465
96054
628082
278412
807707
279758
17786
385051
469866
37785
366884
437126
247341
158015
907619
815255
320510
218413
484176
461286
443818
856440
914689
511047
874469
888502
400302
647667
335521
246959
101483
636038
726361
314784
938708
812867
909836
411193
464172
828151
446870
672920
859964
807418
970052
943204
562296
484887
933903
503362
326141
608664
746457
435022
308255
947718
153915
1402
49646
635291
925110
617630
648247
769242
865805
830478
176105
723300
259331
531452
336386
887109
440278
875515
287627
788534
494001
959608
353421
24131
454934
407264
718701
917443
64570
69920
744711
612911
981704
248090
862895
748576
55808
271848
296243
632702
763269
284828
457830
808028
785522
210958
593343
320958
796305
576468
442058
978502
716205
74847
303643
506759
140812
444854
427300
521187
343791
943514
718920
772428
239857
864020
94457
707748
22542
532971
113247
748209
832208
100563
722838
655847
904168
317667
447815
80872
917569
251059
736343
947456
518467
768944
716837
913967
735671
853935
308258
431386
391391
796204
131379
262599
146044
414722
881693
894118
110857
737693
750122
174534
934533
809748
227856
109741
958293
164092
286384
559039
1842
108715
651727
556670
243182
664637
833653
659006
110019
818713
726354
783661
779662
42150
637536
141615
45958
730286
442376
126688
806283
757775
496200
160503
570647
758311
246866
895197
687167
479583
360240
136023
135005
196840
106961
202920
528058
255790
22647
17817
320121
692406
742266
205157
995567
421079
44747
899398
826055
374066
25663
314663
349879
854808
662357
514960
633081
973118
243515
227930
990612
577322
56742
69654
407146
706833
798040
322803
908947
744983
818260
619150
501409
231036
2104
820356
607234
482433
47212
158166
237483
863709
839742
458823
73238
649679
697342
824139
66104
865448
119710
834408
558336
724314
494004
409493
30402
269311
207647
286583
816657
514713
454620
968271
601236
316948
616407
968632
767733
535999
594808
272189
602479
259283
650674
784617
949481
874261
582419
851087
680452
273277
965407
896118
623140
738947
744821
375631
839673
997707
393431
424320
896375
186205
333430
73351
847751
135128
875548
379373
197285
842202
986648
365316
820966
314191
608735
955643
938905
167037
48615
363485
453313
969811
665540
101884
150716
273542
726283
239693
786022
560721
509650
226140
835386
824623
379184
131565
50760
922668
298390
230350
461401
96734
741197
197263
115886
94779
697975
300272
791704
781679
31613
231521
118806
143024
471474
303256
35147
535081
909923
396782
88559
835451
520209
985830
465646
14675
818793
600475
996780
163782
526639
850081
240189
776621
667289
488606
945816
991459
5470
13595
71338
301492
465081
103838
554154
725484
306455
358456
834373
697302
5604
47309
107539
244688
716123
937315
796348
369994
901089
748917
767336
398330
451917
265075
989959
828077
864235
327155
318256
949410
28998
696467
5615
882996
779590
899650
720092
621450
185942
12283
767324
63640
712423
400728
380504
350303
876311
40525
434328
859428
100927
928915
18493
422949
603690
969376
115792
94174
894556
96397
221966
190661
802944
876381
862242
579568
504423
839687
822683
910959
874786
248113
38336
630844
76710
696466
540754
645223
364302
860359
447395
564886
934430
308718
540499
269836
507590
148860
499118
654658
360797
257468
388799
970713
380343
253918
724680
593075
442397
819628
284631
593617
348194
631790
663301
158539
584717
472341
38284
639833
507425
470272
163430
918096
417532
505846
895957
840083
713314
866946
74930
842051
387461
217497
830296
469728
555931
375454
376865
28000
556872
617315
119000
800618
951470
299843
431238
823101
33226
182299
759844
13442
489193
90580
765576
127073
367784
279824
63323
921499
148730
515811
382908
69806
548007
856223
196120
423304
151967
297308
455918
124380
667176
12242
424308
996498
73721
892964
645067
846241
598232
937953
462366
326561
800005
722530
545895
739171
63556
425763
109356
60411
264220
561963
119158
897120
872872
26430
730923
600677
921183
5761
896041
810186
446948
912641
154794
201734
236363
401338
57183
332908
234877
237075
20500
240898
86990
338736
264682
915154
167315
432384
860866
315958
47944
976567
469230
696325
316688
87059
855714
11924
889849
549249
92847
856648
243434
727367
740533
358602
430618
560772
206506
370654
210727
739194
716859
632742
241892
507926
729165
613686
5881
586947
900831
8765
231685
381045
795693
676827
307913
458262
497281
162689
651798
23722
906588
707153
225668
42654
268330
273647
483325
182492
618810
999789
52779
902402
878541
378547
878334
40229
164024
371323
446443
199484
175422
715561
367874
586091
10674
132836
752511
173279
149601
297559
278258
212887
629441
903182
575394
219342
396343
573580
71764
728256
371390
317910
21076
776539
109155
344744
82649
785409
44878
601566
357780
445072
334111
35734
787176
216966
359033
720356
107207
453099
336154
146825
910141
248984
582364
264803
326784
544899
525252
511178
307010
900332
159246
356964
773615
105946
352627
482115
614511
326816
616144
254217
43973
320503
602078
725971
865866
810759
793033
890477
4423
425317
24706
511020
650458
583864
760971
756159
391128
136392
216734
364490
642517
770053
576632
927741
728677
207338
451608
116236
302051
634122
939477
195090
574301
157184
674358
485307
570653
860104
616152
288906
5929
753569
677404
320591
689042
682131
413762
469438
659979
224376
718239
844338
24529
20093
807329
685797
952883
629513
995362
947724
199559
605429
461706
48398
365461
702512
353209
840360
651593
545827
471693
125171
620565
219025
512638
557061
827712
555747
777652
192537
112376
607615
198107
660023
127353
968717
278751
456102
579434
982601
155959
764932
408479
628690
861762
223780
51360
219490
270648
509047
664999
583489
840893
454562
51522
245349
134224
429723
58284
294905
187601
531531
691607
853175
640080
95436
537196
219529
912131
540954
151849
386216
592033
818748
669913
303199
91520
973372
828364
385162
301943
561348
848119
327488
286608
400324
339795
375834
30354
841670
558163
508478
765826
482554
269135
207866
585226
826992
666506
286609
948535
316711
492316
240029
401061
825096
188162
213983
674455
483152
825153
617861
284568
503545
33740
832955
53961
928400
773463
273898
872659
500560
754110
87052
518618
44302
926044
770445
374580
509246
653702
967763
802973
651772
753299
346520
813035
695244
774393
32702
793915
568213
124664
464220
740569
721570
807614
856998
255453
801868
940092
465049
857132
52972
805553
13312
673569
420248
484340
871084
451812
185529
616540
400406
484328
750310
966679
435160
965850
193302
400175
801400
597599
217866
436961
828884
806218
905366
734489
243119
795607
757745
819597
925515
843229
790760
17165
259875
299919
514591
728669
296715
857367
671678
895812
444797
858757
308111
235577
413978
607810
86322
651683
552431
823742
688742
334528
96964
524798
391946
368826
974835
177042
757015
2318
2145
716931
168446
469009
412048
562047
305231
172065
250123
388057
664473
743095
351846
408741
866781
638479
719601
303991
132653
550158
477292
253393
706351
688955
621199
721413
861644
203173
389043
681425
345456
670359
886792
696606
513138
57955
211380
534256
212838
597182
545519
64866
54581
815669
161895
917201
849884
862960
113475
798639
162429
10222
554995
187554
975817
822630
320004
701067
520700
93659
363162
452178
255264
61209
716115
48085
453045
52069
408410
730935
239309
351048
641861
365832
379599
667828
722148
594951
961239
656152
295014
465113
626254
483026
202273
800607
871748
653394
305084
639839
998166
365972
687896
668139
924977
571442
453146
144867
160126
308252
735665
112940
602575
754795
221562
114219
525006
346755
631662
92159
230655
528346
285204
586897
791694
348922
574269
499194
461782
389722
960117
327899
990062
160002
461815
458475
819809
48452
534486
190926
196573
914992
139186
931162
187703
971950
658257
458827
820317
467823
588170
676303
886313
145545
585853
136067
975456
444936
429023
966320
150141
987419
256702
882714
781721
120482
110060
648825
301392
921657
912950
766042
953747
404231
797429
408873
868891
141438
681470
99067
65161
937377
8630
533077
817600
725546
248706
778301
236233
378950
4925
191356
52827
861440
672324
316219
295089
226535
379848
925413
605697
338462
453179
711325
830224
615799
987557
740373
68824
652130
62183
670696
572901
757938
202305
875078
714522
960614
458781
420956
454716
661316
250971
404685
968924
984226
901303
781990
535750
619645
629731
109776
93451
936097
763885
772450
840397
147892
513431
815275
846961
769965
477114
199680
174658
841194
6076
417905
872106
459301
735320
607551
6134
569588
716007
993838
733306
928990
920170
477370
861815
901756
261871
73213
1437
968407
636918
538099
676928
477320
222958
54967
178797
275186
449529
238747
990544
142251
333566
73709
460792
53439
280485
685158
827175
548443
936466
126721
868195
991230
481348
494452
221639
411377
396828
141400
902122
271702
582220
681376
587232
569905
114545
890992
444191
670848
614972
515131
758521
125429
389365
107086
271138
881231
695224
283832
260362
230395
145936
555037
211604
160478
936783
897096
51151
533535
762599
915566
961320
714550
128690
341905
482262
767322
373824
280413
743072
621841
61794
353774
243561
714284
856731
535332
729971
900617
14641
940324
789081
489006
542166
815254
558251
35484
168201
9648
651901
510329
228844
96264
716534
65298
434809
604349
213567
394532
972554
28956
620899
334453
852653
530361
416208
411683
159537
406564
687677
191630
354978
711816
703772
782663
255628
964302
72610
787201
420581
210068
581358
907911
967600
60918
469634
190113
735685
561026
469064
753936
771815
272924
345816
394608
355831
495337
141814
425239
96651
319080
21596
47867
591913
322968
557848
554489
527397
432771
123196
587205
942084
380028
607740
845128
899029
245403
911382
74350
86330
119284
724908
137772
886618
137637
721178
555426
302242
504835
670058
278232
359258
153427
86054
215729
489206
891532
325183
374861
800897
848035
426508
25344
532440
160251
978856
430223
147789
582526
622679
856065
442180
57389
184075
960256
282229
94889
199732
436435
134160
322810
146530
736522
559184
79370
481439
314480
803842
593030
737505
20646
635481
819102
58977
958354
411628
253321
40649
922062
441972
473214
985647
114641
589344
945411
749523
884845
800627
980743
872698
582346
198911
372036
217173
476605
793051
94252
974659
697889
296777
924337
817575
182682
508619
6664
9559
892312
798132
180547
21816
375258
322426
782184
775702
267283
319791
136771
388972
876606
586489
432942
57582
318860
279300
107211
605701
293656
298913
156227
199208
259757
151735
171781
888308
506067
587853
49435
537022
709236
894882
77137
447765
487362
722615
322078
299769
754952
207869
891323
77421
933541
605310
843521
403939
702538
927588
299005
296103
808833
1587
408887
177533
400388
368781
57654
743421
234878
780371
365473
446472
615401
311496
641578
707335
402960
890189
470524
691365
849341
767203
876416
663122
364530
475778
191823
85620
659209
804026
94012
361048
647184
80569
912252
612800
445361
803513
923733
147939
447475
850751
552464
280764
197643
368478
349197
670209
40627
264096
76433
188613
162695
700428
742563
272749
989849
654661
607568
674547
27091
598771
110239
462091
446860
604644
775240
28272
249617
673770
515668
464256
946576
499103
424987
944265
355849
18426
937947
293007
896775
520591
686827
688067
198212
753520
365333
812583
555881
576308
995548
922837
166117
140426
773501
325779
957086
332548
869083
601278
482836
940230
550432
901734
612128
745095
45730
989803
342270
602671
924518
341015
295352
127995
834410
993475
190538
478657
872964
278639
198359
193937
946702
507278
344458
328133
461462
128867
583981
438585
15458
343815
240704
771713
474774
999531
38802
388918
666233
502354
575797
584523
565316
201568
272203
620566
495099
659853
661608
54157
10108
445515
932046
916806
16950
954331
262722
618985
250217
235198
768538
306688
589228
798843
365994
412865
77902
739426
375690
269472
540409
706896
744568
354725
361075
736178
520842
60924
635155
483773
905769
680270
447925
865279
260989
571397
9310
756651
244586
252118
570861
235082
287585
835567
69259
796824
491864
258979
942256
685967
677025
99106
613997
325519
115956
610193
876654
306773
874021
12577
220988
538360
848500
418395
663645
286319
992516
668585
191209
469565
300253
925361
333445
717521
321773
739067
567684
265014
121037
486856
476341
623112
907219
741294
113521
978782
262901
707941
55080
163864
401303
893822
591814
980742
507043
634628
892103
478922
911689
720180
493125
332647
993424
829357
744523
473365
724433
711129
279801
586333
636096
17784
228860
104566
187263
296187
806215
921358
212238
679060
710229
50042
633388
627
404754
584370
942652
762400
427959
223095
19107
16576
24149
848353
701878
383548
738999
860400
873226
780256
449564
382583
437057
946014
318149
168925
355615
529051
714052
533911
893383
979385
202342
874478
71584
787106
183417
730253
116568
554543
204834
514658
333265
993600
306214
114178
357389
40622
958358
49576
76705
2265
541542
392455
345219
520937
257314
611298
637958
385894
818837
242152
860790
326543
318962
290374
87134
780696
396386
491364
546774
10786
660513
822211
581381
399974
41909
723897
951791
809763
35258
119654
639851
409847
540071
744913
596456
524510
328506
422000
432635
967756
202959
172791
834665
984007
212566
993126
414318
974699
546823
263306
368754
245369
662569
816477
677821
802760
250497
935807
839623
654123
317055
366310
366098
605735
661787
178467
753181
559996
70090
654378
294936
788003
412985
465754
921230
340407
597689
913077
255585
753332
112127
531060
908505
814223
295544
947035
393635
140980
437814
742170
395262
377621
549359
282397
488685
921166
96326
994946
575704
612752
308915
898918
967113
512853
145610
806942
5136
745479
346220
8209
585324
365518
522547
51513
775578
720104
228438
159192
727685
334882
765644
865142
539247
287803
852655
264025
759142
687072
880366
704225
763442
336868
975347
603114
357471
704792
537345
81356
38330
866159
306243
569129
332038
932730
277931
365527
718229
765183
653990
2320
127788
652592
52059
131331
774952
620586
147650
1522
659417
100275
696352
288277
936519
292266
717939
4623
674497
888841
725979
257938
695954
739532
247431
847295
467341
265645
116260
465870
151507
288021
431420
474769
425166
603805
61374
35351
578304
835864
103902
517752
638329
241854
810909
216197
944674
254542
864143
72977
624769
199251
713471
292176
704303
897979
39644
266382
415996
331053
632718
445538
687066
239338
820715
897567
914258
520487
437947
527823
940842
964511
60445
594323
602296
77580
303461
41519
687829
456727
652274
843102
280031
148894
665880
733613
275810
310932
241817
560248
48186
707050
200974
3858
464327
170653
384514
568867
740808
864739
617148
878800
86009
918685
544791
916317
592957
125099
595914
966528
563769
972802
690611
127921
16669
406394
555297
519669
22543
538671
102773
477959
769595
172956
824256
831505
874213
878251
608966
709372
770379
883534
99954
685084
816843
892453
904823
11985
780587
413094
576795
596457
12019
544661
469423
941644
75616
210459
125728
821018
841727
952778
425807
144641
934877
763747
661407
514279
5311
506767
512414
287209
634020
875999
739714
759568
687616
175178
475214
473097
65624
511563
144242
531361
59479
555967
740303
556515
115038
964688
287317
203410
638898
636217
727559
724224
239622
671194
697679
103344
34461
603080
68235
412799
846779
869968
732281
527062
384352
915856
932992
629698
550538
834097
85137
890039
477280
350686
443051
4284
601326
416991
973947
243664
466875
365973
993684
175660
647262
907972
84915
101488
538403
674527
340400
567638
478723
373191
686736
579471
743515
335558
983681
734236
599894
33309
56082
109185
37322
592803
947109
831492
219810
986608
280951
809620
210740
434564
498154
548093
798979
194725
255743
762710
435916
7252
226625
485807
450467
263165
186212
241153
172691
174032
582276
841877
183434
900695
20328
751691
298692
761599
454470
783671
700792
764562
957673
287659
348313
968450
643016
71838
938404
843527
159158
745042
532142
326717
457247
986868
569059
458254
61517
914493
911923
502910
551395
162518
485223
345143
527737
136896
57376
693182
999174
474423
600861
443442
452339
374306
131741
643274
840757
358792
273146
198276
631752
234739
556772
416522
691795
944342
442243
792764
506670
71123
499179
281699
281254
128406
431903
939990
522726
749629
756939
644846
841355
382384
865765
573467
134152
7543
858176
337289
817755
816739
756625
235484
933307
933915
402105
949855
472239
411643
295829
840896
957699
780125
368539
252296
328971
170108
243683
781048
923043
565532
970901
768494
298731
104865
537225
317381
637036
655370
996447
798633
486895
533095
506612
812862
783391
481606
84398
385434
89761
771984
36406
167880
617408
403860
300240
620866
591703
528235
195887
477357
42379
430188
472014
219321
5581
593721
628841
289667
531009
657385
818115
676887
158168
136500
218128
338501
709136
553618
784174
165230
990098
414710
945543
794886
629394
774359
212469
603845
589696
453226
877688
838266
400255
114759
475704
451476
224609
954380
756105
352656
451216
950434
229502
544756
919556
860330
690863
693532
695737
855667
973869
718330
274528
75187
194191
360423
391588
72516
897239
999885
457040
534423
96219
462111
837329
685362
616839
998143
920019
914034
617583
717561
496249
118408
323342
636730
346000
312410
312630
677992
680024
547179
304888
7159
352903
865910
261370
671814
348278
766359
278899
704610
286115
40522
418255
532473
520598
87764
352632
482974
681492
256273
778331
353283
227272
223527
276957
887349
49880
899126
861936
52699
455226
96520
915639
232494
992108
548686
200577
340426
267308
214870
848453
514216
760625
396486
309566
847026
242588
500492
543513
465005
444811
758269
768864
390999
264137
503651
932981
685154
838123
559314
518728
974480
303836
542594
608178
914850
289202
927195
933152
322981
729715
339949
782224
891394
466666
671128
123074
517665
931878
973152
138294
44394
463295
595685
641073
745911
673509
419941
409119
12059
334029
213490
529882
736266
675158
533090
694019
352103
337427
25525
571770
861551
319558
749737
474605
700786
231219
218361
309137
979311
537642
397474
94185
339866
887168
215825
262808
18184
737191
250793
194080
360710
253719
438180
717575
530590
367867
335706
716996
935227
657270
16347
689767
44976
43987
118849
880884
64715
999623
472074
44912
655876
147565
184892
402507
681033
695205
42004
267005
542797
284365
843982
592885
865109
416106
343054
912336
944079
976002
506788
561297
995705
610522
466555
859448
642446
222986
834066
544952
887317
491902
598461
185437
415273
418667
754405
272636
78289
905708
660949
758670
301413
889357
140889
821777
791864
496971
899053
992720
445210
953872
473485
855364
674232
456525
3124
513649
227707
457848
162124
301256
395520
926984
864842
490960
345267
650869
398946
364720
898153
414996
752572
714274
378714
255067
192378
695769
437753
615751
920661
845258
488699
908739
376970
319378
163841
595721
846079
423212
258656
920974
160314
166485
584950
269050
440826
189715
299513
228661
339901
245072
454456
337781
328011
815101
490858
466648
982559
692708
168459
728720
889599
497509
35234
230454
281189
337148
315276
771698
46463
527329
92276
156043
273818
203515
548286
785241
30633
244065
470375
764261
50298
344862
974650
684580
579980
183160
773149
572312
912547
58272
919366
985922
806520
955009
258934
908138
601050
805574
998432
744092
733423
394966
238777
10352
52280
285882
765612
552979
954218
74167
871144
531862
937752
239230
262637
671763
59458
117194
461492
793902
201869
346559
684919
785172
465813
936790
884909
376128
526937
48971
309960
375943
834430
600294
427456
197890
377479
954651
393240
101882
858879
936075
305532
898727
3435
988105
399997
407757
343938
104836
241026
39034
57202
516103
699865
383783
289465
711014
317936
697662
86546
743278
698360
544188
393388
183157
352287
841079
618349
100572
359952
712924
13863
689532
995136
404681
890190
163760
632188
802593
460990
691699
918976
377451
74606
942483
703419
484402
980027
531656
3190
978435
708200
180851
963369
525665
984014
566963
459136
951423
934992
436176
792688
426867
403362
634133
811179
494834
419096
191769
98528
781355
744746
125808
778059
787912
662490
928837
139520
738385
636401
237843
709472
843431
455187
605528
730326
417556
921617
295301
305083
360927
784611
963970
376193
325188
531411
75280
346901
739060
38314
648154
138126
795014
212903
700149
39051
162401
77722
847542
173018
221996
673570
778849
896202
427294
332406
984701
548639
743594
760978
887626
485520
660815
518174
806349
475503
989900
43438
831669
519365
72803
163439
345108
886006
606306
203737
104019
525167
704402
417043
268100
546729
658429
353802
294698
131833
219502
148756
228329
726300
785311
936747
389237
846130
658148
380652
303737
921396
845314
635087
578595
212788
23289
108200
954214
31710
167888
906182
157251
94065
138138
909027
20932
466802
791508
711713
170873
855889
906992
739166
144523
769112
64940
244211
664025
477012
364115
972885
146263
534480
624190
999240
180387
367925
580014
741829
645259
927886
810970
418854
286666
930653
732083
530410
782479
284497
309262
818072
829141
3549
528121
920363
122978
682766
837613
408737
80409
952769
907777
721094
440282
244350
475488
500892
735075
299030
353103
962264
567028
786669
44913
170624
376619
169493
112156
926171
275105
208320
278484
313675
929405
919154
699807
897616
843518
392587
751523
929019
448110
494883
724263
127010
199298
410111
170537
451829
253858
839048
98354
180304
424776
508951
807608
246628
370288
22097
938216
650247
19242
699541
783807
788951
798059
2453
261715
41905
782565
46558
144634
637644
490463
869978
187844
216496
206671
892535
112754
660673
40599
291589
782206
234227
372298
576174
206777
380695
89165
48611
677078
112838
908776
325280
743818
942845
833992
512368
515938
248230
454363
612810
160983
759763
324267
558365
211583
937958
793193
439385
518542
152152
684054
544449
273602
342233
210825
7471
280845
743613
81133
508501
437880
569376
62635
85854
660631
981184
749416
655185
515208
944599
424934
504540
541014
377855
178587
609297
786908
336173
683899
765781
894642
725911
570229
574843
86698
910489
156734
204240
771333
760779
854847
470128
633027
53790
280128
136546
413654
209363
41999
925590
362614
779602
2028
459858
541744
751209
464666
791344
928
465572
143612
644086
812522
792576
801970
983590
841750
220075
831724
85211
684477
75080
936080
268178
11521
952497
8628
930028
230867
970439
198929
520327
295597
179696
386389
969633
812419
135553
936887
525909
441671
109403
440845
451076
458588
89691
951392
621696
479654
496166
951947
10277
489771
755891
58273
271175
418823
669043
127655
454247
727893
118664
580504
283953
408143
383859
275747
393115
992834
831636
208400
663237
351057
403028
76995
608506
591432
407405
954562
400677
400444
125890
261515
118862
899438
118776
244465
574053
888758
591508
62921
663300
126124
753333
814130
459357
167917
131630
770948
256081
738510
719215
922831
326479
968725
34881
103616
751705
250859
675215
204126
173762
415419
275968
102150
342913
124813
444031
50008
949922
496950
947847
885234
567745
321336
677776
993389
778268
211633
524280
547081
27976
655047
973563
407355
75738
952754
789888
931612
287421
859930
851694
830146
691904
457487
107525
964073
201638
225653
104544
152536
910560
470896
179214
819920
102294
927436
216555
347012
74911
152150
384700
954873
460200
637419
343062
940835
81184
308339
797079
700788
259755
779279
905536
321358
489617
646664
141935
921964
508497
644629
297988
813041
10627
43359
907407
950710
954659
509946
20598
207713
956504
140193
966220
331439
826077
657995
367738
792675
153715
370904
914025
187896
973057
226242
657823
763381
263631
41847
783867
108093
437270
265396
554407
686572
809115
832975
67719
544876
84270
111721
764009
59049
144342
983673
591227
287742
694379
506494
463409
149932
705696
603368
790308
476596
762069
139486
664000
615652
989670
284077
318796
876214
509262
815474
577301
680142
699881
925094
79499
795499
577098
460069
179399
774997
823745
246368
574519
292386
616075
989293
416366
950663
518088
375487
639485
292155
341864
133486
488904
313635
543829
487874
546753
903850
512094
112545
874858
895823
66548
825632
773306
773182
672537
191299
823456
371924
402226
660333
939548
854065
735564
95396
728842
396376
620730
835912
512211
290792
281681
694125
728055
843622
113910
583129
458081
737465
637751
813963
969757
712137
962950
613565
555960
334705
116955
351325
6145
713742
574201
648977
612293
627476
853766
633675
847140
99150
482655
252531
494736
98935
35286
108213
694976
124753
921108
792876
536880
927317
261622
31771
658559
882567
475453
309618
620260
199856
563835
820548
948417
702312
105939
405475
997559
139385
247516
954420
858135
745345
621181
600634
949569
524156
580573
204609
910453
518615
115173
49276
943542
667901
109422
486771
862740
557824
976765
29981
736128
769060
933035
41120
518231
737408
949373
405547
528072
721986
112898
607230
530513
838640
318635
757062
546625
940718
961160
450641
767538
517098
340245
827727
472748
638290
49378
317407
272753
42098
537298
39063
565065
462374
588951
829748
888043
819243
335664
775894
62266
133543
785584
867008
942305
810459
806909
281226
725512
591576
630163
230001
753369
967877
518562
379297
840275
622143
447471
700890
89310
697118
548339
569943
319909
350106
664035
936759
579514
301199
174307
872383
925571
488542
119387
517534
174652
211609
32554
558493
578198
507598
498407
228442
181247
819681
645424
943648
209203
937238
518351
451152
991330
548558
812992
723801
144497
958979
986436
687443
577737
140813
523721
424325
90049
284092
439184
252995
304704
505573
42549
855668
133287
382271
752493
478413
751887
708509
678871
84390
181546
919380
181605
714495
508730
393367
577388
907416
710471
673326
787999
110532
175212
818836
927453
787958
239602
786360
88160
62046
167994
485837
140172
810853
653739
612505
491917
62656
935192
966518
359436
890294
947762
482217
87560
862430
776860
986080
58279
790491
80308
194417
230295
370172
739359
299945
73681
330309
915741
438406
32653
44275
889736
106521
210301
177664
377754
90389
13575
152178
565381
50722
386554
68395
142869
720963
514423
95539
137054
890371
571731
298198
788415
297716
282667
822876
784744
725390
538189
729265
460174
804095
701995
296394
762110
753389
933530
267205
601570
819389
698223
532300
871930
74527
379467
69971
511796
220835
127568
239326
210632
702306
38525
130090
715711
901720
510448
15374
403230
47639
230634
516303
254787
964451
140126
804911
997008
552263
79419
412149
640186
598691
222380
900578
297059
413232
624141
839141
343599
892086
780966
2543
556610
584375
229636
86555
764833
753653
709407
802962
811960
236921
882236
914225
72861
682384
829898
589875
991374
615533
714922
16868
15904
137367
810746
368104
680482
217097
976616
902196
995087
628271
929998
911909
526633
97013
322323
521858
787806
898326
469812
360322
247469
385374
444393
893499
565972
889795
125430
621893
374685
879048
658394
412414
593259
558936
768388
410686
745393
583091
860360
787470
28987
488690
383100
584465
773218
53760
209846
853753
922262
108130
816708
288288
765136
758579
618158
132197
670932
571301
239257
906797
427795
615883
27413
325641
892028
282653
16767
469979
745867
724974
201712
272911
256727
599559
418589
179585
445033
929238
430008
136306
315341
586494
982166
780513
755497
826231
589158
909317
996536
529316
728188
569288
144462
331803
458044
112507
265322
89199
696119
772586
211208
609093
459437
837885
746101
559966
262399
364160
410196
520865
52231
257830
65970
617489
966315
472316
322261
942945
694280
106109
12395
947192
63628
913961
400041
296701
220429
349942
565561
335651
432965
325899
92813
658478
802869
223579
820400
635114
43640
940591
210530
269724
353036
711871
216109
212514
223072
778488
698970
809044
661651
453277
569439
793931
425722
219603
94676
270132
132521
856006
646991
64763
246857
622816
288378
54671
860547
592221
787079
862335
555765
631367
242903
383353
840972
140096
348305
359356
553404
955545
323752
683222
951943
299822
689354
965514
93981
229246
432551
679109
987811
445219
957869
948284
398179
787623
220731
326192
11968
193037
279971
229305
170230
994684
993157
721279
119576
100332
715361
879500
349097
482945
584805
314816
991064
824663
805280
857245
431524
153951
322136
290377
470122
126212
778996
553037
460406
302023
901380
259675
236149
501439
718257
176454
826177
493650
22599
272044
242225
595209
772987
816777
633887
964562
371684
929548
472196
586066
822037
442152
302322
650955
300224
176609
747172
356850
275102
720441
190900
848614
307918
406479
26311
15471
317033
55134
604388
191194
275396
922002
253180
602172
916705
741697
921969
686653
5344
559457
607550
467018
335597
180205
722127
751535
664304
140347
889481
863149
824142
65250
386121
496894
741733
264714
255920
19355
461223
576799
739855
468345
572511
386255
602735
615049
218220
900430
462136
932500
47148
442672
179392
361509
497340
726736
62138
731284
132591
908691
655770
485994
203401
812494
5474
987940
768628
934938
54589
791711
591889
338619
786378
605346
75402
562351
472865
814279
207744
915970
18421
840042
451423
996818
526566
626972
860728
980026
718132
717622
581890
334554
484845
196136
713339
580722
468073
300746
598819
914798
891978
730074
878937
142503
341399
668928
917210
910856
74079
477040
154383
477571
252889
779468
375501
570686
804881
881924
179957
73950
715452
335774
190545
908444
131285
184385
324776
781937
682687
8264
754998
978216
767232
905260
358569
513082
33258
643446
336838
847595
355016
940629
614245
72976
699193
479181
372876
615926
443233
348038
890136
689335
262070
561322
41137
102524
411333
241577
323433
226876
270988
284437
217610
207504
377551
776764
212493
944671
376171
694433
715146
485287
758349
326985
912039
678792
667999
615089
966510
128071
433684
592292
372008
770695
404492
883521
734769
493877
553530
758410
225250
87841
683794
369482
891021
697337
33570
393511
234999
12171
36783
910536
681757
730979
758134
531535
155515
95951
17121
566537
872368
403827
15518
573045
857094
292730
131264
306893
115595
393915
265510
714953
453411
306607
686014
349511
312683
636240
706983
936585
150048
791727
112958
328088
225897
994016
130720
716617
720802
314115
130487
428169
852492
585887
184632
99530
366632
964874
400764
260109
558239
279443
314933
942189
474259
435389
224044
910053
178521
276568
944351
787001
254138
237792
681692
600291
268449
916094
783704
773251
8029
393606
922146
17809
577149
172705
613307
336263
898752
249803
231046
57429
249635
534830
32176
734059
599872
643918
682775
538933
790733
386320
933179
64870
802210
520451
282631
233408
71054
25791
537544
446469
423237
84362
432065
387783
990624
149894
499529
976608
495877
710780
923151
765583
307594
459394
935964
977810
725146
965742
891975
23019
999289
108247
900099
672242
882604
400055
13375
405754
768603
834402
828985
43712
419307
236685
382924
26080
463784
905529
302568
322289
203304
475288
183782
543819
790886
371851
845655
606146
493918
987712
730438
694564
784636
466282
231620
396907
388337
870675
791132
740831
399628
580556
258752
904929
5827
492328
735848
522615
914666
884207
404466
194004
354106
662695
866811
768088
248553
65906
919292
258141
459063
842838
641037
375859
561032
328550
558481
832716
843855
215988
812195
12160
585806
679727
845152
886589
128220
730562
391394
266446
499580
335786
822692
430197
976256
776293
344100
360808
943577
68282
332040
317511
883275
899304
321126
346899
785143
331176
974890
969905
294683
454915
812367
330732
818061
898343
492569
724903
373177
452575
398202
195201
847438
170892
991648
457124
870231
912625
886624
877141
6915
598230
367956
46159
154795
328907
236173
757370
212997
810409
853209
894901
617702
538098
617097
591766
727393
308169
819550
76916
588682
772345
763697
426022
49998
804015
127747
522839
118836
748200
567129
157413
364464
867933
443615
904614
326018
618761
910304
766242
812515
491123
349014
516992
690395
929646
587254
583678
873585
98863
162208
711642
481278
853944
910525
248834
9243
901906
607033
509465
860713
141555
365850
916786
45380
280834
57565
714001
91893
578419
697523
229197
640429
227610
526002
972747
368791
552728
364626
486525
387691
132548
493964
125843
239031
113899
381268
860560
646844
347294
428563
314944
447451
678943
533308
640302
616798
177701
766923
428294
706765
88015
205876
654280
445815
806437
606045
174345
359767
603400
362778
790510
39944
784620
784847
502007
96167
733117
396829
382511
818143
634956
509994
239736
595488
981467
469516
858082
738363
622764
892898
131473
902028
108786
502597
87462
448187
60968
809609
926541
81638
550530
357404
942853
589226
931235
516688
363876
819503
91489
640066
330588
175117
1517
155810
711481
419417
733540
975980
280139
761192
198364
245423
366860
398750
917070
919416
508832
332185
272428
271629
742360
118403
651123
747052
564225
971484
599990
733785
576068
378067
333708
399167
38378
678326
264077
323202
437685
712887
929466
20488
656735
356236
911489
951735
255418
888267
83244
37051
472213
857591
459674
321980
748356
202249
492942
677614
212140
615831
992740
959846
553154
643597
377890
65687
184501
530560
888290
706302
767812
880014
233001
348630
272790
935426
867890
222039
669969
551522
549411
740750
744606
106069
510247
835932
398534
463794
334191
697126
247798
387279
830055
951608
283676
159610
334870
522214
119066
389843
403704
286035
95337
983644
545995
747820
141336
716536
12738
32663
302223
970709
519953
351354
804247
897232
459048
69608
625
587403
783965
46062
685988
789040
230057
170699
604226
375017
348234
545051
860554
790811
865642
761757
50566
501950
683387
432962
930379
289270
546248
164353
316147
709059
525790
587234
573402
270928
691622
157963
396943
289978
345842
557852
50151
450039
14870
630268
46947
39144
869766
326950
670422
98049
714334
213555
723169
434803
126784
649424
151377
34352
39194
759279
895560
915897
747724
698665
631406
735636
760969
208776
861693
315651
197885
404319
742821
891757
592438
655906
240600
497498
12204
337615
510529
320054
268889
898450
364322
383734
240622
772874
292045
292896
619087
828553
145174
809242
179715
400822
485248
314662
27283
613966
870334
634476
626669
876107
975478
330955
298705
462800
664406
312131
968121
299089
889401
7937
219528
951348
938806
540617
985858
241636
623314
230708
330840
791371
496788
323979
635347
677863
437592
282941
692206
328590
306923
843841
42251
962638
90922
712138
154156
834023
81448
591349
240147
97649
887724
29186
104171
230537
410461
138825
705329
862968
37634
125774
881637
26718
675622
887356
652363
60938
38171
494467
714861
772349
648935
372040
99535
188078
803636
465649
45895
443830
95237
395709
867428
353810
755590
245723
645684
943419
273620
739259
108099
702139
47513
115068
162019
943742
224362
407658
969339
999198
124863
11196
425501
788642
764361
310784
555076
492751
610768
358535
723068
960296
114073
864980
793595
478619
41919
864807
266184
995074
336995
682204
935708
686407
806269
578098
90598
551697
330154
371717
475513
307828
774217
804915
892487
332128
38054
39997
452004
295714
667177
798655
897293
613231
540769
705920
851959
129563
527411
912740
106013
929258
971625
653488
17181
208804
510889
44028
312587
109457
904540
975545
897684
655005
622702
769931
263055
97346
397363
742500
321877
943013
178821
239048
396191
990365
294632
904870
719903
59303
535317
453720
628723
877636
900962
910270
991886
363235
410778
893640
327165
165797
259050
295346
435453
142371
760547
334656
422001
183198
328404
131156
584177
589783
457157
508211
840733
972771
534183
724532
583118
202998
178650
761342
302785
303977
735653
770304
990330
402469
946108
298162
109592
359150
643212
306488
885796
957060
730591
26610
420636
450403
47967
914118
933361
17169
70722
391973
66543
642296
627446
891158
971414
484563
888542
865710
473166
71137
92362
880697
989057
483894
508185
506263
934228
90450
570276
245062
563535
489209
830773
315886
109407
654518
770563
400191
791006
774994
348667
266539
534965
651287
346698
131733
833432
394
273035
339839
537096
980318
233414
426346
90414
449569
917778
485468
650917
610012
991389
784878
22683
32210
867402
938880
10482
225234
421164
35688
873472
695385
15610
986904
262918
457316
265501
168549
643599
957336
961068
494767
150767
749226
754147
654113
675092
824787
459632
734894
47354
976277
210360
703340
439816
150286
132060
55189
558059
449770
869856
32296
827226
148079
967518
145014
357475
244339
148429
37549
573185
23591
812788
948221
287230
744445
171702
547428
479560
588462
509229
482383
57470
93556
621653
647286
140641
725073
1239
929173
16316
461875
869935
301501
142095
438008
86751
691114
849693
567270
441283
56056
605479
690554
936589
374511
822870
972890
689465
499899
319552
4408
351616
732345
153412
426058
59193
901101
878260
56601
933854
188352
447865
148238
287654
441626
994984
861867
217301
203063
155361
339505
689409
50982
531840
104975
529589
682963
633307
860918
743702
300973
729908
44880
578390
919059
826306
748045
913874
265905
753616
638610
790833
890894
630868
244432
229546
329273
394751
888131
652955
601648
895332
990174
6911
422859
544914
580139
39698
79443
798252
214253
224975
120889
312202
958911
643091
707522
360440
687860
698588
489822
407832
354363
422953
71491
88360
558429
291033
874685
945311
392727
369458
544617
367607
596138
565781
342093
111529
102470
82676
664810
290450
112644
141223
462021
533000
495157
196774
552409
229982
677383
420502
771102
499181
751292
597012
208792
149328
611131
302521
769484
250132
155549
218450
343966
630020
395006
498412
56209
134946
565865
918573
708352
161450
634038
858734
375494
446688
274549
211244
767414
373661
484718
525705
532940
863705
758846
417449
147682
727084
696355
70529
626146
832680
238548
864413
241779
641603
804661
251374
586976
746883
120616
65352
791649
574719
61436
662290
561101
172465
3340
656469
165413
320222
608613
870560
914635
30115
742858
227894
437555
163624
685406
240480
217963
171419
312489
259913
875679
520135
436840
380582
976349
397159
750664
988843
349205
868773
90112
725931
919382
411952
367930
294888
885572
267368
148832
19858
875369
686932
219144
431896
568267
703381
81047
892556
455494
524960
557317
423193
967651
9490
166540
631244
370205
63507
71775
328386
23343
749268
353462
679959
905975
111805
310879
316504
300838
435657
911295
792160
616102
447468
126189
626772
155827
507368
833534
86337
802832
359093
882542
784401
565696
493378
771211
394681
621792
923984
688231
254693
229723
367465
457146
210405
495507
588013
945418
364898
467821
746818
560108
100907
846246
111440
176033
574293
262145
679740
415044
268384
147757
128076
352361
737708
47215
580919
143722
489076
205450
646643
851358
895683
669409
475946
768770
104021
370042
498952
294615
76209
111398
485044
629102
587633
822197
346145
59713
735142
289606
706687
890133
321148
668652
29868
272351
923442
817811
358112
30875
27737
344062
519557
110761
64311
460891
954524
196888
462242
333910
893764
485581
854142
197046
176000
38757
865274
150599
150458
37650
311710
990903
459814
279014
650060
395684
153856
730358
414105
88516
374900
820503
256780
23582
856144
174688
541047
668371
770399
350464
532599
501285
373604
884721
968183
524204
741610
924231
743802
608732
125547
762970
158591
96844
936472
585973
637413
980769
812027
632088
861378
568597
562383
202540
711076
511074
336083
980012
450742
645808
908686
433725
785551
884001
734691
635386
23242
711598
207975
823024
157138
582290
766473
372261
867312
549046
303435
494989
12852
81927
360271
661604
925484
130111
589350
511187
553231
133579
575297
352187
318180
473305
618237
271087
757569
263067
572938
368056
756809
962348
214539
304194
278293
536119
799489
639836
632252
127978
884260
757168
648103
685098
353676
152348
935612
960094
238006
443582
817873
170229
606384
936283
301522
669110
323927
258739
607723
250919
550398
223116
620265
698034
933245
478807
912639
131661
798493
482286
747614
739155
463569
545231
499413
578269
517553
492977
833984
545392
20256
934130
832655
139430
694920
323111
912985
901186
851255
333479
971320
8015
801273
391791
307277
353384
328699
38760
536190
450514
971112
748241
934802
506399
992763
513519
623181
735724
272001
161040
473207
49886
374864
202170
793659
485272
801233
641291
885785
730990
39402
380158
311701
44897
241686
726929
719897
859024
182858
302198
679228
313413
367279
577850
492532
481438
474933
555637
296965
200388
721787
120911
313018
44979
850904
40675
674846
617415
737894
301992
444648
718275
510337
972883
929891
809691
519575
295902
427514
459520
875034
68515
45742
681209
102517
845949
277434
847833
519242
802394
557192
56549
109609
160027
867967
282643
583098
993864
318158
472094
494270
15535
830076
458629
690549
232625
900520
66506
705545
466938
402693
533386
864447
550387
752709
612087
895171
164151
427105
714856
693202
101901
719794
65669
595027
995515
667902
136510
745791
196436
205229
102698
862128
684152
875600
699359
861559
305732
929530
959242
142854
977683
191854
524521
177022
521170
93510
32691
61014
451903
398651
193940
85685
80860
264011
928436
822316
421518
600114
640916
242720
37078
992058
329776
839249
16167
918196
733951
796310
356303
824079
901675
285543
401654
917090
859451
541705
532319
386776
927471
304025
375470
405715
11591
381163
742077
425314
465023
420854
568487
297474
544039
8772
828686
160868
283506
171606
558810
719263
849056
217956
727392
806472
363123
265766
1142
396830
97768
348192
695596
549634
