445917
569301
772343
856516
593209
799672
463980
33285
465448
643940
139880
605239
82309
760331
561649
894879
860516
191177
703594
828066
569565
782213
273215
49294
361598
789465
943291
338836
424490
344400
541405
584428
668674
369639
97164
417270
487335
82311
655273
411859
296689
763953
183962
702675
714375
680361
359550
434131
43157
430439
504840
919396
111771
306828
506786
998933
45098
235970
637943
620478
230683
636317
369370
214848
261947
903328
567826
309938
912032
803686
137357
682547
725618
834005
146613
624722
764018
117525
127915
720041
18452
375454
246668
205923
126601
678857
55089
555447
884053
580775
185882
276935
879576
818992
729830
178518
688043
727513
240224
456203
954667
45992
75441
43612
129612
534978
140147
53817
988203
889168
785963
387001
932937
637519
16880
584028
282838
940948
424722
407628
126181
11057
180175
673181
393130
904958
119249
983310
413380
988214
974235
344516
263819
123903
859206
298759
735383
37173
858396
247572
718615
471542
634445
663363
116526
501961
727096
476375
314442
544306
972153
709046
756912
288701
288381
224601
726295
871264
512606
323462
242719
386057
562755
681490
370371
680217
622050
434400
361435
443832
188640
219676
872600
985044
664247
573
48032
712492
27986
118769
155194
366359
543067
73213
322975
431884
803632
539350
341442
991700
454493
91507
209711
993746
41104
372784
105281
768745
791273
425474
451952
230671
102921
982181
311368
151775
249781
705633
895172
398440
924285
636526
36552
413228
149232
165634
280144
600785
470040
324505
149428
854756
731920
944247
487574
359904
14590
878060
352247
528208
388475
126837
921985
276035
932109
5686
987054
924157
755996
422479
663241
684414
935255
734973
529678
813483
162710
83189
524406
443334
547285
107122
727647
147317
720650
826644
913375
184556
782610
217303
535963
573227
564410
531358
436834
210798
111275
245103
826360
597127
457769
152359
408665
293226
796319
270395
256003
826909
371569
433328
244409
461742
534070
351421
693346
584093
818748
872077
376950
75072
624017
34717
896948
836340
208934
775241
984602
325092
231843
801742
816523
194394
794317
542706
115667
607422
802758
913509
341632
11170
123183
567577
122610
684208
511579
564757
798540
841402
483733
957162
381938
234305
501622
498574
315097
408766
275060
938534
819762
235503
309657
806276
360532
173565
74690
138117
75638
377673
655060
183664
676199
739273
623934
174600
12774
917321
573349
540872
498190
442171
396609
201255
555900
693023
735288
341266
666587
72699
499270
514129
225419
146155
239608
645356
937249
361079
665808
507570
378613
459120
534265
937801
37970
655803
808899
60550
789703
367578
541577
427985
583867
166505
840258
74519
160275
119894
467772
102412
274036
156188
40358
341785
600577
8036
295187
352030
810405
8425
696988
863429
184842
880711
337201
318077
823853
671580
570596
575268
182943
185102
405644
48797
162783
481833
737727
591959
783982
796327
124988
482615
160876
403732
532736
998116
180491
511636
258665
308322
988252
919313
406181
316849
237642
381740
441871
129247
334347
244199
39168
116832
645219
737182
704938
980969
150908
490229
674296
659353
500920
116518
150816
484743
925499
623672
842681
403677
556898
39469
443925
116296
626519
556868
807517
645628
843529
550841
61593
816237
298312
702462
828065
218564
168448
551705
171103
94788
118199
803333
978091
571561
629046
865401
666483
558626
313535
9237
67445
660369
944125
288846
648463
227892
641259
220150
433765
237937
886027
769069
64023
806249
43746
246974
828085
456068
52133
587494
74848
213574
846061
991082
16151
414680
540344
90004
804792
825872
743244
440963
951827
702390
363952
995101
653213
392250
472060
246707
611144
382091
200085
448915
137168
436725
643415
396123
931081
399902
337803
824150
940158
501774
893627
202690
102771
743495
3599
181387
109698
310478
654033
517072
336136
476407
160897
309856
167014
412693
869375
893391
319957
593913
462543
656857
602991
255825
700663
387376
864588
573367
805148
938463
578797
142955
293956
438745
379275
574658
930041
572260
464535
183007
246328
561194
535476
88267
460066
953150
38685
614374
77933
787591
342442
107067
287380
42899
253633
974944
614174
235311
145398
658559
879377
941000
257137
29679
298989
349220
265891
394002
465815
293635
482775
204582
338406
173254
977976
519698
559919
484579
971570
397490
975844
54573
477963
418613
10429
121230
558540
870677
805891
470689
436578
755581
740299
42885
466425
128637
204985
774455
559597
473303
453292
703125
441220
188193
312924
817823
842701
996659
428885
826107
295353
583184
41856
675914
231175
361335
325
80473
122991
912178
930721
336041
189145
301342
175464
834083
54380
630063
797643
23687
602130
491649
967767
199407
711298
963611
247819
158433
762731
741523
802600
656562
74284
33734
181034
698953
25897
217367
104242
735534
293228
990922
739800
846868
896538
777268
701523
199780
580483
857897
27006
203736
408102
586807
99828
610146
788265
678360
782502
606587
583643
128838
271154
383591
314233
426532
762362
705553
533737
407091
683383
952696
629155
467642
366390
650566
226874
912802
699793
47392
778741
613814
296785
694817
190073
526534
448180
731438
179001
49545
50275
795287
148274
428380
382282
588287
568740
67847
7308
48992
376358
283319
99544
104222
692686
622056
993463
77846
619989
390849
949027
764455
698331
856078
898852
593718
826890
304166
699521
328209
501040
410561
537314
424985
295397
563728
875637
321023
977035
788839
161397
980619
107361
828747
871492
584783
411504
889984
518954
464066
329688
773081
977460
828666
872134
981868
86193
674711
34221
631725
161581
509238
500563
399875
304152
364361
593536
620129
915187
660186
260623
998003
879552
590833
630279
500707
412207
302480
624651
343788
483344
531214
683486
162748
461846
306428
95282
259958
899564
957440
946542
719998
172501
559603
702271
797442
923214
234779
99661
856072
590948
43523
939572
242785
181499
893640
7562
958995
909124
129316
338351
266331
259175
18684
937526
810341
697592
13165
269532
721042
932668
13079
757933
76881
828725
16238
185966
400024
284739
630451
670241
758541
724802
407018
979354
973301
979050
645434
22228
202832
786234
833229
809492
159861
756113
953555
248997
128442
979311
991694
268172
938060
854132
478490
55552
40056
375813
345355
340929
917511
82488
162228
91591
93491
222049
99226
728513
650706
513957
984067
563730
160877
47399
159529
626193
634504
128695
145141
371871
925037
327971
145494
977989
6080
244538
869590
948467
558618
908467
318820
191414
542070
212094
922198
854316
571092
347329
239459
673863
330466
678458
662455
631956
20866
174374
146043
629498
137976
432701
723415
513229
822085
718470
777147
378257
508254
799888
278834
803055
357922
167411
519985
313355
459002
637483
288265
898920
438147
50805
555896
962009
449094
241564
832195
904581
575281
59285
260146
640232
172951
84588
745727
418125
884633
566862
405038
469275
228361
119453
587242
465117
635055
639481
526714
793074
591811
232165
202107
971939
310439
225933
267122
475499
198449
397185
629942
168621
618028
241833
195406
820306
80935
921591
653458
641968
338846
149230
75129
571432
450777
710023
511831
398551
215040
419058
92143
262008
954501
610310
774741
439326
756594
754400
750283
212505
187324
676171
673925
118066
446266
619497
196701
677514
235863
837638
191234
804141
134236
123787
100713
690654
932950
158008
947683
597297
849874
497691
382891
19134
105483
354523
463989
748637
751676
557960
577496
200788
613606
144916
172887
412708
876542
25063
709058
94847
219668
456563
955816
151024
587478
526342
309100
656733
983341
306274
748808
90243
483704
236683
819386
788979
469746
297328
197752
599562
988145
949139
744063
758797
467764
37953
598213
357513
388622
265731
79929
193405
43846
165388
328094
79398
377881
259092
853894
897598
476537
966548
819088
736420
517164
576647
801659
92568
507006
151872
30655
951739
870526
779261
753806
753241
715777
105807
985194
926952
781211
777311
932533
563944
196609
332480
266255
766278
418543
974310
78865
659887
984269
985742
529253
535561
864906
299256
657377
223814
103270
880092
84980
210057
646334
603666
548405
304220
270590
922719
232158
735221
617895
56832
536620
387127
454894
448300
546083
172531
404046
807308
970479
275955
507015
97231
704456
719572
946517
48632
44299
830966
671826
586999
312063
616557
186224
128861
995711
124627
625585
5094
307664
894519
843995
375759
198606
880561
728881
408711
713349
89772
327128
631794
611747
143918
862317
376174
821103
900015
258744
622058
694886
146693
522555
114996
731775
991742
370863
102106
992628
594209
50478
104326
2884
508944
559689
232133
543436
835375
21738
194890
555274
420316
219688
898378
456771
515054
367373
496063
292307
870423
798642
23597
831048
977936
959210
722105
504252
502330
166928
756431
185207
483538
359802
558471
244886
684926
299761
948517
210149
952589
479652
170457
374622
237175
253909
946429
571609
590804
120510
68730
619704
500816
185894
783224
104070
23229
502271
300452
236889
168635
707078
148012
647189
181851
6214
153598
16851
947448
18675
78763
259994
572187
890619
591329
574202
158537
679441
918835
435138
496582
764300
170935
72146
502679
894995
680722
527600
360165
815398
722716
499985
987048
376140
451718
596079
721974
109761
949923
842275
723506
384098
480571
912931
784638
291521
854163
316940
980616
141998
522336
965788
432813
490436
216775
926325
900311
122025
715693
724499
78978
461204
398450
137243
445255
230315
760703
801867
157294
589489
753500
871724
162076
449206
272537
281864
367647
973114
880513
680825
481307
580208
465579
295881
412691
904484
330472
436741
756901
195676
791428
917367
90985
371520
911679
512657
183409
711838
348993
782386
320067
539613
306894
328821
907003
546300
776533
424122
627024
856898
800655
922215
258601
720750
558196
798436
503273
40498
928488
214638
704721
624112
35812
718128
164500
145602
372744
137360
221518
353029
326830
696385
710152
241228
287491
520381
396746
595330
818834
294769
40417
40949
151205
394370
910252
18696
542934
850815
706059
27743
370917
147025
189381
108383
661087
759354
810393
418851
598385
756325
102978
456524
204796
847927
110512
928529
471156
674407
382351
586275
224339
30811
345594
351757
763768
504553
424526
649506
981042
974730
802397
906926
646393
204968
758810
669157
155652
403083
597868
303610
83542
446216
166902
34544
7181
187392
228754
155982
748864
122578
337101
53729
723684
137452
216546
529825
198381
847565
600633
321068
166337
647650
905581
209859
14612
155174
867467
251063
105050
738468
128181
691037
562435
954729
144859
522924
326669
394495
709611
766038
807838
478907
966431
439473
219106
354725
240746
25567
820634
984846
534910
214420
816782
285018
853794
314642
335815
796035
803605
654420
950824
391447
254484
739505
230120
519694
485899
939485
74780
816575
741709
507428
407043
133836
317801
891785
252937
719490
407454
338848
600306
858712
402919
462448
441465
450474
905168
71953
295577
615290
354672
957762
211441
919239
756929
532927
129867
592127
350849
640308
669083
42279
110758
339470
278959
984109
680530
814099
663501
705003
866636
448438
97119
306379
228928
128229
820928
84107
251193
285770
860529
829901
586644
526254
274193
858152
534484
126630
931248
789728
424797
686248
441477
158776
999624
44221
332379
248176
719467
806757
72027
982220
437150
579399
224529
671834
183976
970598
39905
416736
780670
158300
660788
663571
470553
692057
402719
781651
442412
273373
597667
756271
684866
517279
650071
779041
538123
495140
490753
808520
336324
281744
121258
881903
556089
626276
971307
637614
584797
158096
150867
615528
995934
800948
495862
801845
18014
740709
534128
149699
214980
517354
247307
758542
309317
926624
319798
392185
638634
686555
268408
776522
777054
637868
385858
623493
975696
8969
810384
501405
378431
961362
899953
79623
431338
455697
505882
392404
316527
889694
164684
285598
342021
955139
401340
999444
5332
295934
96158
222603
308276
544469
118019
727217
403522
509205
269575
27910
853864
162157
406038
586326
185997
458778
392515
256195
306320
271236
926705
611715
244825
115857
915360
927371
205089
116718
321921
956157
682209
357000
810576
81269
471441
826671
257870
562241
974974
591004
203911
316238
693117
303588
193445
25964
435808
930605
560636
54081
457195
476287
482847
546406
249120
532416
98846
17081
167722
838284
544864
602814
783438
248472
881391
904563
123870
771349
225231
281041
757708
759565
317942
174620
918952
563331
945832
647743
75737
685465
442277
680126
707059
198492
767591
801204
799924
827738
304012
411899
181679
67295
819586
285885
804314
472465
457934
976541
112938
761681
680831
734624
545497
260537
946913
661873
341426
91927
887284
904105
609324
7327
693561
479539
892543
138062
423663
431475
154152
593328
282354
864585
554421
421628
706026
552967
204789
136411
944367
694173
131114
569864
627762
656660
202197
281496
904878
687918
523057
594223
308614
58052
912373
474859
644889
916502
186791
978401
582414
791079
996171
255502
136749
86852
687033
951586
216440
882790
561044
8717
961692
483013
279692
717211
329189
758327
502560
721228
475418
15730
258555
793945
273391
82545
77589
355275
726644
393199
292990
606045
475937
984819
991787
450468
839926
870412
277475
519147
935351
45377
812381
103975
631201
662255
30446
309931
288645
562048
675310
887690
851196
294704
715791
822344
326255
375258
812803
528984
422401
218532
935663
606893
380970
268343
541213
507600
253593
152582
483212
85943
972915
511555
532784
299555
168285
105033
499097
200304
551573
856386
22452
403900
304361
9405
580521
344360
383843
266526
648855
749672
326981
152272
677672
975429
13229
265644
809285
79182
683040
866608
620646
43087
924501
995228
109882
331910
700249
408264
392056
204304
8013
648440
497222
751935
713543
448854
179305
881452
245511
992933
146535
647372
643900
642998
539280
100383
174827
19822
431609
301954
50343
876012
497946
242565
105961
928599
661229
699930
132727
457078
164566
933922
524326
915534
620155
414384
573316
640124
883142
433492
691714
438494
252681
566197
765445
983886
689433
819831
461013
750249
377676
463611
120690
563568
39285
141739
600401
872260
77737
510328
493564
829944
835099
215506
667874
52771
929196
433986
567441
592696
366247
930494
515659
260691
530860
35139
848814
516631
139188
43111
287083
998659
615852
680021
412359
248969
255113
103893
463769
262992
73086
752929
590536
672006
442
259162
719284
735753
577582
52193
672692
682096
968255
281106
99531
183082
909965
882570
55219
104423
370920
730689
697772
637621
412997
355061
855441
422399
363780
572992
177265
75348
317081
948316
105299
793018
522363
935177
399259
658109
162599
495469
337405
431649
138509
853607
469433
934676
461241
713589
709498
713054
356799
725588
2677
392105
178411
197713
341247
558947
122943
977134
439756
448216
806522
704584
463403
475138
773729
981101
786761
572128
506547
830079
828031
499206
797780
277050
463199
540022
960739
699888
915251
427539
857139
224963
364547
503358
682525
492644
875376
170659
440400
737503
351681
394405
304473
751743
533866
521348
427172
733682
957446
887518
655936
107085
395277
519951
620921
502231
942997
17873
179777
831427
802239
983902
926437
58003
289495
396751
105985
25889
818577
884408
17548
801212
584323
675193
490342
501439
893293
806710
34065
285593
215869
953138
525224
146849
285717
442982
391539
884036
813116
573083
364777
7796
344791
474885
737764
823017
120531
984971
370909
771310
584558
535234
303209
715015
332169
548442
672104
248134
596321
834384
934486
718228
371947
580171
692450
475720
133478
48923
167180
253690
405986
999258
18875
410219
483292
635318
992856
157635
426012
32619
998640
621855
25859
852526
64635
80694
830394
565040
472897
180824
45230
945967
652811
900675
544431
40752
430290
23764
657582
47061
693652
10337
81028
580286
102928
100594
884378
696380
233875
63401
228319
707704
94015
788606
249889
531457
482134
837089
199029
415065
72430
22801
913190
522997
21433
693544
429362
771706
287999
485532
88365
232359
152154
834669
993695
303472
194347
115295
824963
487371
512003
115129
18251
378565
99427
347929
206735
956813
685813
585300
383447
564384
723433
616137
294279
107650
340057
419577
993258
427414
171681
478708
275288
338880
860675
980747
451734
871896
621609
647616
327452
361380
97855
475200
685965
606767
509507
935810
987257
210627
976386
598244
880399
725322
868424
57486
408093
139155
533626
335122
795117
565984
234092
85608
560700
92185
830531
253860
989410
227332
102699
968514
37284
290396
972183
163163
871201
246356
214023
904408
278222
201325
17982
57272
192484
551377
249365
879473
993673
329765
996963
229792
701532
632344
819637
892311
763143
916582
19429
25975
301330
350956
751478
539196
103454
246907
739183
70562
134614
594397
553721
745232
45441
102019
551925
740336
128891
691161
424786
747121
3536
720941
560948
470728
421997
860693
602901
264814
673777
254978
616079
166971
954564
92949
447864
745005
753597
478879
23637
242127
866864
265483
264332
326112
904274
217899
39359
310077
996938
945143
643371
60495
667011
417598
973018
289283
632259
507079
163051
403899
970003
351147
351945
739205
191429
872305
230439
657737
56429
89016
677542
96843
716274
90687
172375
972871
826636
893327
454070
50672
900564
857869
512219
722409
364131
622582
197264
822579
268163
589992
908894
18596
864949
944007
9607
354492
373463
25454
467979
37999
329914
293507
719170
873737
373117
430996
368926
869049
266616
862294
665875
448877
91798
627729
19321
59654
558656
163803
267342
977983
498081
969229
982736
202331
45881
507635
640550
857326
270598
25884
33628
121765
757544
856445
365467
620866
700767
730583
293547
133071
208305
490183
940033
650626
157623
451505
888679
640016
687347
152709
200758
930962
978321
821084
653879
513900
831479
641529
72516
513049
100934
461914
946165
460889
334146
274426
516166
779401
239748
163359
787189
279287
755822
651940
973389
297272
810956
827693
11281
812943
185890
756719
276104
310236
238609
181907
691980
543073
798552
773211
695782
990686
263294
776979
374186
561377
659497
864391
698293
474573
721940
509251
938324
228727
431323
59533
25598
131960
994212
555015
420929
823230
219694
151534
446192
572663
562219
584922
232313
363489
597712
15389
597947
852244
240747
214242
691679
164815
954420
660568
439915
59173
563217
554012
530583
332934
397674
528159
7533
403840
114144
828409
309500
769682
331470
931114
644236
716586
82453
80572
350067
25802
945889
93105
734272
594971
907286
403581
115797
827760
915501
640164
570681
722054
544951
236061
41677
20281
73957
938334
662741
29481
547045
980179
682093
57001
689320
571063
796149
279437
195954
746259
336384
573716
337105
766530
348088
341689
747396
154189
669485
159296
419477
697235
724701
487522
752956
610953
187075
723530
423013
258844
904998
922042
848568
483299
244533
304544
399287
265116
876752
788363
772828
817700
337171
138478
326283
508972
747734
192937
190090
68011
444567
80550
213176
582656
465146
251829
736267
204028
478314
28243
549128
55743
887226
24925
363472
554201
284341
365774
413864
231214
693732
676161
971909
88291
235927
78193
682615
785294
131108
383863
535717
829286
367644
323093
822961
718104
640580
824353
925805
737024
913863
987011
137171
912780
180873
526798
158062
194582
374646
808888
946447
284939
894669
963073
357586
640246
281681
297487
197556
117162
999792
50552
454881
545067
161896
127756
365773
633920
634672
629903
764058
376952
471806
361690
535782
518959
487497
646238
530746
839824
987526
579845
983111
706039
994473
210296
659502
577066
307877
603933
312795
704611
46057
144155
566090
743640
363281
706254
914515
411999
219325
883085
145296
835677
582450
199186
260363
406296
943397
920409
887872
978397
74207
316522
763712
379890
971377
203584
158066
709332
312260
225542
513217
650618
134173
625524
779594
951569
201971
680221
600694
133403
960892
153993
179427
456183
115247
705769
499978
268978
787057
251330
20155
190175
896919
779655
541052
659000
562063
748290
592709
513309
528932
905863
384280
442721
588880
756712
2398
790487
26075
511152
34244
860234
716597
914317
271475
864880
216250
202662
975557
37014
324950
291814
310931
935839
528010
930789
172922
899314
746360
114289
841962
160239
848652
781678
342859
663878
295003
856941
624461
662702
599995
884762
190651
587451
454511
276734
398666
396323
410335
385304
595529
63394
654245
298389
342388
77515
233515
126018
427418
121638
249178
522724
625967
622198
448014
667706
377592
735832
667656
294221
539992
363861
131072
226040
573712
869935
529007
874049
137050
193511
678874
617058
858836
397199
865312
414453
46732
8243
347953
81819
18270
702149
271634
331934
240598
829090
958459
468865
846412
280558
218144
427565
671631
183044
93424
775959
443735
554487
430596
101472
765938
752369
143724
928383
962339
251031
664515
106480
171463
514278
177871
757056
874105
162530
335217
794405
746489
262971
811671
879630
290968
554496
50399
51121
954702
291505
212816
976185
943940
331274
391819
290268
558817
306224
239159
780300
594534
539987
336710
152624
488727
932580
358674
622428
878218
378029
724526
53552
548527
216874
192409
619982
300682
579502
776828
157399
151253
671133
508315
546341
174184
241784
346610
403428
237714
149629
529180
45123
715138
643426
122333
373467
136834
703127
840746
302940
302932
140122
120707
776708
495086
365952
630711
60981
287835
302290
972661
496329
600497
501918
717087
55485
884623
251372
600551
365941
38442
950631
41277
602309
539989
68777
20100
898135
775835
694532
117850
668753
8103
231636
850710
61615
8992
723733
816187
271191
77023
203101
411919
871572
552678
150016
627837
616445
165500
800866
422483
879545
550496
930558
210930
796255
88623
7688
759056
824532
39894
717796
812069
636038
306260
569243
423753
832853
206934
148522
102660
845105
741715
648573
933529
953988
294172
682961
317751
827374
740249
71666
112188
247123
607385
740516
566212
574368
69315
832881
528354
950214
596487
244066
136450
340353
692957
584773
592520
470642
336231
59439
953940
36824
594135
32450
812699
780898
120578
905802
504304
673347
565770
901921
443833
409022
652235
856932
213242
554878
174609
466822
127179
810721
810168
511879
671710
516617
82745
985023
838144
591513
459054
200252
176777
802829
811212
78285
704983
721373
930829
867755
691627
175261
369871
172923
85424
78894
749711
334081
847483
338427
134821
305250
119220
601409
886204
769752
60426
152641
849262
192301
441046
614026
141240
78851
526292
16701
44137
854953
145173
199773
276702
836877
355874
613061
6686
17482
737514
430988
282252
5764
379510
23432
948319
169997
542007
752141
515916
133543
420266
761537
552097
217482
187528
782793
132942
869964
246470
215511
125424
473956
474002
725458
326393
644880
734831
237915
700631
851647
379074
680787
994718
17259
351338
283904
630316
950855
494881
627263
646612
454770
212638
503260
407400
955961
931474
203538
612165
397433
957180
124160
526673
34919
374889
748360
172261
967576
38108
497760
271233
401210
501272
832390
123432
153127
558418
807036
363585
782841
113741
986552
265827
584378
906244
838596
260678
730680
595758
398447
256274
489297
767236
901212
256403
429711
349366
575835
527823
18941
579919
156792
740254
764532
816282
78640
359078
241389
765735
552811
910720
909222
744234
934525
25092
932251
315137
402542
908844
903013
792452
931961
363362
90832
670127
220457
340561
505554
639630
344591
953519
252552
36724
135443
288183
452109
865343
650958
571615
477478
632158
307246
803868
199845
234741
137922
954296
725404
56505
687651
532593
647636
133344
782781
104710
323371
455012
131117
37138
809946
594868
720778
538851
258471
77521
978627
988582
88383
914471
447406
440083
723489
500354
707550
76519
213428
815692
301509
554761
675205
304943
712747
786813
515231
658601
771652
21031
2348
997077
537413
920987
267646
413091
14955
139115
854006
549072
155751
935422
932762
47166
734086
326515
415907
590844
545238
774204
590565
357955
950710
851551
919827
179632
799903
257827
150756
172641
435672
393958
638297
335397
104903
230865
187296
763562
347757
223422
812903
827001
22367
787574
552906
425919
994148
41042
121580
594693
518692
942752
889936
298467
957246
462517
901733
78279
301662
289347
416405
496621
934771
444929
769113
716573
747742
611978
392882
335179
768464
286066
349432
325009
173762
196197
133561
672819
211278
215747
958694
135988
694875
541040
15590
107591
329062
454577
466898
562672
953247
794180
199540
589438
729331
4296
823252
669990
943894
319600
917599
173887
862208
965836
206148
759451
781249
746042
497019
686907
991896
500831
705691
710812
597002
807019
378724
805798
632015
94398
213963
310676
267876
490995
742880
602297
30731
506290
270883
610229
714842
843713
515493
211750
981930
220249
342419
72476
542244
853427
278271
197339
389287
761550
462241
716490
447040
186520
876114
361963
136549
728502
991281
711803
4495
224642
725444
457102
476508
245662
574389
410290
608006
511827
622085
922505
979901
621741
385131
12498
761046
922647
907629
626710
834847
684606
648516
401257
137430
950517
200049
724039
7441
79737
118040
691063
941528
580322
834053
540597
691612
531319
635892
606434
618725
800170
693178
835640
602607
826334
718931
617620
784957
337749
676112
904386
689439
858757
43699
249195
274282
787913
170892
307322
310881
776405
458847
790157
740916
573576
233365
869979
440793
869728
180532
324360
582966
968868
672597
773895
143936
262120
529181
476588
420634
328790
424268
70900
453184
380923
858683
537690
971185
753579
576606
319997
890404
385657
81974
529378
566886
362334
812126
697364
441311
416354
311797
949540
519892
894859
445781
213348
95035
44054
994467
557675
609439
807868
67720
272831
556990
297708
741402
748383
851520
830324
929774
567689
379757
443357
336473
126749
561390
943549
19622
178988
486546
261638
507673
110136
720884
530944
873715
475739
489538
908399
725155
409818
810507
405825
73336
288859
597879
662789
153805
294448
154453
117121
601741
304149
269708
499733
619786
340733
182561
66515
594586
756061
956781
918337
740967
238451
478974
140593
558052
117485
159321
621671
565995
528882
194234
639580
204549
142966
586153
695166
444424
982403
858090
868141
213509
278999
603655
239152
409330
887956
865046
81950
924703
583089
121924
737586
730183
736153
394551
712767
651664
504343
687384
421080
928534
636306
4442
731924
244202
512156
640881
844955
539675
465578
752179
443173
247538
832627
846985
737929
227477
592871
361833
631341
858405
775812
378598
524894
681858
42505
521180
376053
809219
90119
486009
777359
883192
203779
233256
875609
453890
54800
576668
107196
430373
488697
614438
158065
430980
407844
47524
646214
901025
588718
77926
958875
735106
893682
410716
442464
770017
250588
359287
814289
7378
293576
508902
89782
324680
756123
923113
391707
364701
531914
144742
380554
539583
396337
722689
831930
364336
454119
171982
819434
551490
846394
290240
329070
765198
213826
775220
802707
852258
148336
358752
579765
840443
342351
715077
725411
691322
472090
255634
225276
154581
507488
526912
174617
847451
88922
338556
889870
453516
508497
253485
659381
584350
304902
369006
105759
824725
342598
35120
961505
656193
912409
483209
250729
706566
667812
630101
339146
985588
79401
263246
441104
783620
666265
739327
789005
141540
344185
349902
641219
977455
578598
580901
353648
862103
596259
132943
677815
175893
971723
739749
208965
496556
165037
52505
6012
821648
708857
669007
288742
581096
856300
194329
710860
762684
139416
151178
672014
634342
268453
416259
954969
585091
677471
313392
166642
978537
549762
809622
176758
801562
470149
74823
789514
107553
882038
506252
279296
74070
477695
202598
418017
766064
68170
395358
426
561683
600387
779433
88114
86369
18880
497970
527391
342843
27211
311173
604580
216596
782517
107516
678019
149249
215055
666367
287754
552718
630888
404163
669407
737065
443985
952248
314298
473024
243755
270562
580888
964495
134531
262156
888059
897029
601276
807022
636173
452469
954426
770851
689233
543694
760115
34738
916540
826515
893186
460757
731426
468266
703497
88818
729994
594987
176718
783100
304103
752688
192836
970181
797126
819260
568285
165516
855744
567101
762886
328440
131454
288255
48917
318857
367182
61441
275438
201579
444040
773850
962992
491299
405721
803624
419162
121727
467974
976201
870860
326499
358023
798831
572593
500481
655646
195962
675779
84532
386500
23511
561939
136204
928883
825111
682661
696759
92332
415693
830377
564661
393054
984889
151421
350712
272813
892530
539209
86389
31898
670090
809521
244041
495968
919121
249991
206001
344442
167727
7413
171779
420517
581602
765658
47247
760311
701874
78259
274088
674955
417150
193463
414985
214502
810234
15621
230657
282887
964645
925971
465785
156908
228850
799524
231395
680866
275748
618712
54457
878294
974868
186750
34683
623235
362635
114869
944100
645175
331533
578511
75885
367719
8491
155495
969936
99214
139199
36660
417866
812735
670769
468229
900057
233175
993704
491952
602518
867304
826144
599813
936439
487715
84319
737827
764969
878696
149989
42459
218026
595569
525728
588309
891964
431593
43255
765961
685283
672437
130530
728864
185270
566683
468899
816963
92625
821836
760428
181804
927133
392331
396253
169338
774643
461903
719923
6478
470551
238365
475069
511131
91781
528737
959929
309890
968934
102907
622693
352196
770605
101253
238372
103606
689707
524797
313703
739785
743275
24096
916875
1608
40920
219740
775694
794526
177819
813104
960616
453464
543570
155364
738101
147555
877733
144673
758605
571091
158048
816705
612144
742330
156197
514900
647076
803508
307469
647824
724671
385281
13220
563752
542011
559678
123931
362350
930317
626843
41660
502068
761529
536128
719478
817941
697507
723496
670162
868539
522913
584555
235470
333351
884177
705232
392607
879761
905687
473672
655979
722680
185984
979952
235693
454014
553468
400546
998631
90901
457698
861673
587692
587100
547136
716820
852043
637110
390754
214923
439363
122433
784380
14263
607445
804343
13159
132734
184978
645019
547076
59676
383101
708543
313377
378508
852868
284061
652940
377461
689968
873660
166255
814199
278036
381016
993238
433402
666741
458313
416627
938848
450628
165653
801285
105707
895698
801661
321123
486991
867286
437749
402052
841988
912654
924303
85804
957479
48760
772686
627411
976676
375163
393597
678750
42604
119364
145307
554607
251023
512102
298353
414304
895410
137857
879284
909794
905427
480057
504258
397898
32659
204207
678904
345907
192791
975371
115530
362871
363819
70721
441284
145881
765110
224081
379478
253988
727698
971423
312691
365550
218225
765783
777222
527868
283078
240826
955635
173623
634212
49830
32646
844382
929794
729798
561510
988638
422985
923533
979589
30314
966886
640852
845420
488342
225757
757141
986849
386473
410391
8939
755426
850691
116008
755810
206517
655881
768675
671243
701974
120610
846627
827109
416738
862550
554890
256054
637446
695271
525661
720672
968461
446946
569552
687415
289267
538187
545190
653633
296596
837583
243842
806212
993691
118923
949517
974260
498361
528838
638232
384236
561120
204638
74385
409597
43924
229983
449914
611865
799319
240835
811750
851117
227019
116651
560291
197760
602024
787519
812158
455593
26444
683565
382543
43686
601047
470644
19543
595407
913015
830561
493186
752665
13604
811143
606949
596579
195527
481898
640372
408778
74811
81124
162390
739601
459508
63855
121655
958703
107223
504373
974466
592340
102793
526109
381296
84095
115517
441119
490482
668938
667217
327467
367080
19776
427465
78969
970350
681875
715022
531141
523310
738559
234689
132131
315183
372856
616583
890628
544954
119633
681489
464873
359014
309248
410421
301264
793099
762345
525678
624068
495131
729884
506498
739630
582123
179907
244903
932004
114010
382275
494489
679304
590808
679384
441782
579314
485526
695522
986767
290393
539553
855547
850270
363971
800080
70473
742628
814569
556351
114242
657905
673026
608218
985140
419750
224580
668564
369721
148654
286256
768449
277013
250859
896171
138562
337230
771961
527073
112593
636850
253743
462805
665660
119688
657805
422028
181369
839930
105702
177499
400531
899167
589196
848917
267705
849946
145680
792604
738747
376719
332721
363168
522188
571144
674851
994121
513195
239977
533427
668729
681723
996401
420290
360952
721918
80271
659817
402011
775962
457688
568612
784094
543344
637425
844843
650816
721016
30656
914989
485705
145882
947349
838496
689102
222448
322394
605596
432565
856193
162612
654017
94936
653529
929363
372068
957719
168465
245129
661106
414497
616622
765340
154341
445921
363938
254972
738302
80890
202023
759564
46744
381854
292021
313634
496915
201845
755848
357252
733831
191322
926400
815525
53702
475096
901982
634647
841670
999472
452049
335514
543334
283601
47884
12029
876549
773980
701559
917029
41465
974556
447176
760189
923470
559494
959060
488392
686221
92968
132758
338124
718903
489898
640494
660359
193379
371870
826433
926442
120183
355496
243819
239778
872722
337327
881964
104590
653928
448282
941834
570994
396722
242879
220820
893675
527126
600568
444030
48136
546126
179388
729600
947800
670634
349874
99626
552394
360807
806872
589028
761671
970704
406720
310436
59588
107501
402564
773215
958528
179326
391860
454937
282283
322768
694268
193859
785814
549350
302537
729719
605382
35404
33161
260000
902832
912885
402381
87111
381723
44671
916483
888067
309232
116313
822741
520466
905136
609574
13783
119125
825745
723254
46436
283476
184664
45812
675358
367043
220293
669475
91271
192132
701897
718681
268934
396528
207196
850714
436760
591987
727669
999834
340126
948877
939255
153306
987590
420874
842519
491743
561438
338760
581073
807688
800857
701291
162697
304706
828549
478928
904360
728281
890297
607188
760492
114035
471906
418813
368330
47539
796298
114765
130534
255952
390358
890278
319562
694327
18384
660606
178922
800397
155152
79798
940257
739413
920784
143883
93780
445382
39789
288777
728389
690929
863115
141222
869087
25985
534299
367538
616697
535445
901362
696247
797805
759900
872086
346487
774205
95944
26894
953129
389946
950750
286690
115544
311236
172499
761458
227049
450496
622079
639328
268157
150618
401725
191585
124449
687817
484604
541619
925083
235566
769845
55356
105765
463344
174049
371723
971918
844339
69157
242902
215020
72646
688015
273889
550015
794670
722598
981228
246970
635284
258446
886447
714435
686285
83676
513362
67316
960163
465307
675406
897851
674672
611011
105156
265372
460214
142350
716846
315530
727883
888747
364941
279906
113137
838028
190222
642551
87227
300909
660082
950849
217359
430508
637019
617447
246185
844674
187646
205075
837451
324444
78353
158325
970080
745756
123096
772838
604723
622948
535683
92860
633168
118135
813342
392583
345664
394137
760600
669387
396695
617365
258694
447605
701619
300457
718291
675035
876989
417724
255940
723814
467716
872456
90262
793805
257620
843293
292784
522935
819464
445894
580639
681843
920426
848862
306213
15579
222286
646537
859968
518454
216349
412167
67374
332131
997044
310578
271325
343150
950511
211324
994880
747480
914953
495144
562731
777829
62353
775208
956669
717411
646665
439284
425854
197718
72170
271178
719970
49756
585196
427275
177849
446316
451429
831772
44129
657299
671095
214984
364702
783492
912083
789599
511070
319216
632482
386344
981293
259467
293252
494184
30409
721362
562959
707371
914703
367736
620973
735136
300106
792110
151352
175386
689292
425118
382802
63006
73165
545574
703733
39146
220241
698901
771366
858386
515549
449866
646622
218807
81804
151600
487460
829471
440105
94146
208877
573693
412006
801430
995250
505353
842461
32803
194179
220539
278750
820983
152049
493179
306874
996231
273323
332684
117528
812348
248899
3278
403669
708728
899441
763227
548451
782772
425939
783719
18679
573249
363002
821850
885570
460527
741740
384889
711407
645745
162573
775377
282695
702836
46113
559362
868401
234131
717593
889764
75660
177153
540601
122883
247443
316706
393805
69713
722355
950160
830284
380350
376416
814028
709093
889759
775065
613897
250720
154763
769615
667286
402708
194083
91238
444463
970570
130518
228664
232974
815781
193011
177601
90659
377571
284128
849324
936877
323333
93968
118767
381780
618945
629328
764002
71589
939575
833355
456724
932756
253033
427196
354265
470898
590691
139122
530104
515731
841546
941564
539038
506447
790651
974414
948494
953768
93172
156613
390231
744932
970158
402583
960687
734063
61885
864237
802531
388282
190131
262484
814495
302150
90389
296084
242797
660121
892917
752417
693523
182832
234618
368770
96269
609248
771577
175593
705803
276363
115288
574491
959617
686261
365922
257729
993370
378549
509980
325974
553240
520373
538256
408095
987517
334447
774197
156093
319101
637189
853094
408541
266571
652576
39489
326700
210810
538047
758044
689042
583986
10916
753195
508139
380277
922776
12023
817079
417248
721309
770568
291828
736760
149092
858018
16628
947575
206513
576572
438244
141956
797055
815358
878834
272964
152828
149819
763662
129473
993055
560502
249935
116128
600567
55563
376424
29818
849283
693733
369841
113835
277975
805111
259404
468058
862611
174207
576659
70318
79070
260788
759985
713765
492238
886000
921420
869641
842967
818596
556109
563158
858301
803939
834099
851608
228534
527715
6948
437878
477947
33502
581259
781931
785950
279063
836315
802865
380430
340588
853688
671604
788118
585068
476599
859503
458016
58938
322261
35036
839135
774385
421463
243110
399173
914861
125512
44910
384150
800204
408555
457173
12397
978241
151085
888027
261236
357501
827215
414638
429137
554302
626272
966034
423315
391063
798802
369898
29193
779969
105442
670165
303592
871843
954140
17900
786489
291789
948767
93222
516301
293746
682220
299158
271819
671975
720071
637952
267805
861420
862787
566852
627235
157424
670199
375354
691691
133227
502579
646807
280614
201898
143509
294378
562498
597428
204189
657827
432919
881255
658558
204503
87026
322548
554583
692962
274633
515508
101501
208885
122414
821599
41341
68689
134005
365934
847331
69111
262615
569655
741542
235284
415750
514443
601268
504277
213253
114725
949090
763564
140198
363068
171189
373063
485218
893415
1217
477764
322613
129147
882803
424861
602
907075
159909
601887
993886
121267
541091
941861
755405
730050
788318
396045
548561
300963
300395
864733
250620
457643
949009
405894
630034
198658
591579
197818
264677
885735
474639
486239
209916
502943
515944
66845
221524
304956
620882
133878
988348
663269
119079
961958
639589
681190
447471
941099
941139
825505
738962
675652
862007
176310
609777
96765
934757
956092
964419
8663
557735
444372
145949
796359
767843
420283
498485
982966
249226
281233
348154
516726
754709
451760
221904
320042
661232
970653
323894
194734
590427
207633
242101
263356
825367
390128
375370
393198
826665
327003
938892
903426
343636
563645
579111
980791
314610
532148
59508
629745
113977
29110
596270
982819
16910
570926
123580
55710
679943
395349
65945
340626
196155
637377
295084
146537
66589
621971
870865
944146
941793
705026
807164
426286
223428
71071
56212
707936
60
185495
190640
730713
852291
526336
934795
545078
553057
824648
425034
61040
427382
733747
991925
879902
216931
797378
559998
615064
444377
398034
306352
921856
411326
498982
352001
42465
252336
715952
76832
534276
608276
422354
547926
778609
172576
832983
653737
930933
778265
204421
336794
911521
408568
194341
238993
403809
62524
660160
988069
374418
521589
393997
530559
552186
38826
847005
351671
554254
278738
440800
837316
126639
276966
493052
409383
837040
235945
971016
55972
837863
854776
439331
104351
316870
544303
397838
766072
77852
319316
934433
905279
808225
818819
923509
696656
871260
616530
485021
584490
697090
170330
875240
564652
526118
602257
883658
264665
301658
533675
175116
633327
818298
667310
911553
863500
382741
453604
305421
128852
767359
328203
769757
888283
656967
252798
980067
789348
152084
127726
763952
302810
417084
864769
212147
508805
476543
698101
639726
441092
435424
131077
228352
293532
179627
380776
974340
433115
816779
72995
29201
83740
652242
722255
968813
384511
483232
146907
981140
501347
486765
519780
63463
442137
420519
149118
938274
379581
561557
376261
644456
837646
827783
339931
902006
552331
510353
179606
895107
457172
945336
176841
609473
539854
448552
300253
203862
590462
450809
293363
211933
615553
820624
689274
846382
676407
480550
586137
147010
866690
149198
177711
763230
933873
171343
595210
759324
953120
943083
43068
477654
838844
586212
800627
58254
499269
841171
849754
759941
733600
445619
590063
846349
21988
961767
179662
19836
910565
134855
701541
5677
339054
644335
811006
766037
69891
758164
570330
527136
259652
542096
300202
473516
766253
602416
398942
198390
670907
751970
974696
227875
145140
954742
910543
13213
825820
360556
192968
530865
756833
58648
752463
115499
175608
106423
375257
453157
19778
684663
561083
91110
502183
34521
789468
616310
800282
28863
300480
918913
274155
626382
120830
495921
522638
578081
644171
43751
308061
458965
96279
885111
250104
316005
458624
638228
272687
345965
216072
964175
738253
785228
974780
170430
574676
781711
986626
115437
814803
541759
662350
337494
863798
659488
880264
778210
367566
69919
496947
891338
420775
614679
439418
5772
449715
460843
198341
530098
145727
978854
605793
510653
872361
980604
621960
664756
308485
682967
990291
862581
247640
393202
288238
176638
357264
168918
433223
304500
670094
291015
147314
649644
444140
657035
339253
326061
913660
519870
386347
826094
414941
670883
94098
672847
223017
988708
145778
943812
784386
574675
533196
825063
758791
180960
486077
182811
890562
16098
387814
282675
653708
665116
709457
341005
164265
928521
352006
749499
134827
75676
542027
107678
28962
583238
549980
330806
498928
196760
405549
935868
812698
689135
658043
526975
794933
958540
279417
249903
3353
695572
314588
238142
485224
869663
703286
322934
369722
259778
927081
490471
2027
961593
154492
859428
547883
286934
345104
588920
166689
285243
938920
997815
47093
587130
76246
477746
855573
470163
1862
312913
898818
755296
186238
612178
494873
142491
202116
638417
719793
430904
417998
576993
500814
851429
414748
111178
698808
892075
38220
529004
202757
529603
38970
58049
676714
767304
337835
730584
736110
655334
940453
144210
856558
751429
128287
924181
885589
843419
463752
766563
759576
705293
520352
635713
211874
181456
849049
927915
962637
397260
699810
896949
658951
290995
106610
849555
311118
991432
979220
595685
395246
529265
724593
592256
986321
465491
281223
506169
891344
764178
925865
982309
205389
801401
545167
101757
663811
359606
869369
720277
707967
633591
974227
70464
198743
139865
840144
893989
72450
942533
914128
291379
817761
892965
367283
967374
675790
454975
989883
862867
688256
202749
599741
678075
729465
942274
291353
332597
753351
796663
14297
171539
226357
967559
673576
331603
499884
599907
349863
904387
171135
104448
21036
933359
841460
762905
191176
944265
986735
861152
822956
678797
534604
424909
170221
495741
432558
692989
734076
531349
231102
808385
592046
914221
297903
465801
882585
971659
123615
430956
251629
588349
23303
614465
113642
928739
760095
790947
50239
516370
549246
590734
215376
194532
590134
81015
871448
262301
938909
946164
123964
516870
883731
942175
782096
3611
104477
824979
456788
856530
815072
123359
289831
192555
652937
748251
849544
864010
13115
858079
720574
858505
529298
903482
183724
179254
730474
486845
378825
850831
228403
319507
752680
17011
795026
469830
906796
338686
686584
714345
513270
290763
814970
901794
546001
348559
416191
998525
318035
432636
456990
705517
36892
465527
820698
68994
551237
95830
711141
979612
858553
726151
318243
219769
974420
608670
930682
798358
52158
709276
118290
169486
569898
223531
55148
186803
63828
214047
865877
310708
126890
716698
649029
74021
807464
160738
670112
477190
73155
719150
32146
256755
600317
455931
494663
547289
524603
469605
978500
704939
86515
727278
31201
802849
649674
608904
94523
366192
950259
393872
695904
138827
853874
43678
631026
676998
12025
404578
810114
704783
424991
398109
781762
520570
424072
344818
57166
235826
666364
226958
723811
574760
361298
559445
448432
473585
562501
770643
821639
275000
234846
161769
320277
327635
889361
439628
433034
475565
865146
370490
129983
100680
567552
586423
192818
632624
672591
746051
39257
198019
207144
253105
316457
935039
475816
449243
131210
126208
232032
537614
442504
411378
150417
882009
595450
714769
559359
969022
414262
499789
938698
326711
263015
518246
670494
22714
347189
411141
120674
87120
85557
560895
98899
574193
877288
106756
634464
6781
814447
540896
498544
851702
690056
496783
430283
111470
973448
262297
909243
579690
944528
823465
556463
370223
454273
233148
345071
931669
710877
358266
758158
704811
519975
397968
619333
637343
901858
957424
901448
304002
253302
109736
897443
3567
931789
776067
351569
600837
603610
146977
857986
792732
204114
895736
859502
409357
596116
341572
707788
887983
970829
38267
606002
522409
699671
14216
153321
553522
591127
126236
938365
277438
113826
978296
438587
285509
854301
448101
334875
318084
123801
383783
182128
887203
869923
406644
437701
837967
397483
159820
269981
553838
467108
871747
812143
970137
94425
240212
998738
718044
460725
234873
733349
250415
567447
464733
76145
812651
773168
254266
365512
278287
763508
500083
74271
827866
836329
660883
255795
99046
793866
781331
369683
78341
330975
92831
796565
404716
671743
497900
102880
456485
722859
308441
287818
130358
381525
316090
765615
406302
448384
712924
515202
575913
627174
191861
666022
64887
654473
836769
963023
772782
507511
994317
925176
485647
324367
927466
914682
752203
907914
8937
947680
909594
791121
986139
31007
846022
426660
108914
888841
919551
300790
859984
741879
172060
66400
195103
213923
44537
85276
33776
495722
485124
291256
602903
499001
282287
952841
531208
842066
130747
193415
892859
212734
832250
154795
714840
156077
490403
86449
849852
990212
170530
716379
985663
90483
564012
361321
25928
891426
841599
684941
832764
718863
899602
222253
813914
482997
788354
381839
660408
523920
511206
398595
476899
634125
264692
636442
677824
734233
556099
6901
720922
572580
3739
510272
151115
261943
368711
436160
719501
747887
145559
865302
253538
736423
851697
964085
533953
754618
759938
684856
847814
449167
389081
160732
499134
261671
733164
135770
201910
103142
947516
318989
246115
669898
371796
825747
523335
841981
99264
338037
663048
508354
264039
373584
786877
633473
715881
514474
862276
467527
7904
520460
397346
493656
506422
767932
460717
664127
896794
569333
158534
9347
599285
516323
563518
874847
863215
895960
489053
141558
63683
767910
540522
878904
284991
484913
374881
683258
194011
693819
213578
586415
21137
372867
384152
918366
67251
792769
809434
253366
278363
720374
851602
80318
118599
683534
529857
772816
715356
994938
26855
192102
261395
368103
760270
151648
457244
235567
566764
747781
693704
397294
162316
466232
219139
404498
828880
500324
855180
733817
129196
491092
748286
939978
396508
825165
439035
93674
332384
692999
748174
97673
865998
530379
37430
863447
792242
292790
948328
904636
575135
833544
451835
91856
841087
913082
510942
176382
873047
297666
239365
675515
497068
568414
740923
989426
563699
987053
316686
217443
476734
852379
600938
962163
755927
862546
647699
858041
656679
467011
282772
278735
419469
746101
870197
711763
799052
822866
676182
459792
981198
825225
159186
244524
408836
280693
486127
759286
377559
343324
660510
734608
220720
716686
62037
361548
582321
780442
449336
638554
812228
912417
547296
696920
870589
428574
581135
739544
25860
589552
663421
889692
25002
519746
491997
714540
881592
576413
400515
824453
52888
813722
74229
47160
568237
952178
939700
161295
628011
966576
515889
520325
807442
591404
500064
954893
942359
518244
767114
735521
54701
311750
187655
676769
163042
373995
452129
592265
156040
109127
305643
933279
515593
364912
176431
733513
708088
266413
708425
350650
995178
45671
209
389545
29525
506549
788483
102375
418598
601655
590151
861042
710211
53316
612343
10689
127884
8488
891546
705089
610590
530771
47943
270357
49472
276014
330596
183638
311781
458247
844520
154017
715721
657753
437178
570184
110980
185089
211371
801803
763355
323653
794413
228473
799295
257829
366665
929910
995186
523841
413330
898148
824407
98213
258629
778961
207448
832414
856348
102506
86139
441301
918443
626282
37331
314870
925149
185310
583363
664530
836323
672396
441166
94651
299035
879291
460024
151466
121920
407181
243808
934023
771603
209111
171244
452402
888992
428756
931201
406403
225774
904036
293263
759638
549585
495216
56653
150081
988356
598176
864802
364997
445018
642444
255311
57145
144776
693949
755290
550691
862482
365516
245449
960953
210439
876623
723389
561591
71337
912155
656332
324455
463424
972441
297220
126580
70637
638567
830624
924248
881470
922654
549744
126101
602307
448587
187967
129413
17961
573016
685351
879818
28163
614671
281804
957147
410102
954489
215183
141423
594411
285062
939367
996548
996718
421427
566629
977650
814108
300911
94351
346260
909961
503834
805373
272606
181795
293564
449259
224336
825490
86346
67468
16418
29658
602212
15677
550197
355667
217604
763239
228250
61108
393921
606829
293692
111071
193456
787153
306854
867191
912928
711624
395116
3099
765153
345193
125101
15827
127228
582977
509455
57913
658569
499283
499037
444859
696693
72891
896293
877497
462821
201945
906719
874876
864956
888504
423118
919284
616162
441817
166802
267963
13602
290852
299730
271562
643237
175979
801564
254925
560583
108614
570706
345650
609458
768540
928764
649650
586617
199371
979533
993205
860073
277864
93683
365187
94814
978536
330816
627590
655580
676352
166988
668781
553859
191793
48354
594709
298697
796813
511317
109681
16741
411984
200125
987607
230430
877207
490988
347505
676959
653134
103938
745355
209902
583482
499950
731630
402825
980370
484576
800094
997710
557328
212872
850231
25437
899587
509643
972548
200818
353990
923058
90600
437161
594279
326935
36854
988413
567796
25165
920348
292540
396428
299994
496656
717453
138387
89463
60597
941433
632568
826661
895763
743267
38413
76556
425792
943914
964737
377719
813816
181823
483214
565885
145543
835800
594463
440267
352741
671140
713580
481911
529605
20421
324472
613402
488641
347954
42015
786121
244476
749790
107635
8947
504102
485838
248842
844410
570968
517760
796392
935527
95865
812309
672650
751899
884734
385145
61633
517073
818395
875035
518950
373994
487092
538842
847812
381257
931375
664413
589361
24915
649732
137320
734416
472618
954557
715332
284943
222919
235355
909944
139877
73518
944821
346654
38918
364315
169442
450524
622129
493304
863718
919925
341939
293064
821449
136695
81034
403561
331421
15907
317244
189982
545916
346818
139142
779660
929036
142874
804042
356034
255799
74558
788827
437883
269609
753223
660750
186845
257082
68465
961509
163035
525484
914428
335028
431980
274663
424697
639521
785953
969979
914152
516530
83193
608859
902546
978948
146944
586533
180884
294259
35963
25620
817539
297120
414828
126965
250210
277175
605021
713437
756841
975706
768126
99294
173559
216206
729668
303957
900410
663468
592177
373566
203353
754963
919703
299770
605979
970838
836458
952612
533955
286051
715761
531267
279228
941038
379599
488099
858924
748908
810980
510278
642915
642412
907658
904522
740313
525178
104407
781398
194443
724092
735555
244637
526587
620697
65975
884460
516059
555385
98204
767579
923128
335859
575838
29153
153440
689199
782656
756709
170917
65286
577201
541461
869539
691489
862198
319662
368237
561775
306816
366658
857045
250562
164640
800120
846911
625076
779006
23427
640449
29877
179860
853412
233624
59120
964147
102844
385769
327354
927292
43233
557604
414022
235795
700013
128934
818412
966536
13083
246155
683292
117743
765776
201555
870455
578559
446738
38336
536786
706119
514630
818445
458638
16396
578871
846859
659103
797517
84031
842720
912793
184657
937087
716193
582962
56898
899019
215142
981472
659962
542452
670315
107982
136055
926740
269673
607838
439288
50919
707350
235269
454792
745514
721054
746610
787196
101491
650862
483847
395560
828459
840684
630398
188983
536081
240411
845444
876110
639931
363857
881539
466236
3112
617107
832613
614684
432172
693413
84186
179838
432085
56507
798212
876304
228930
128949
496027
486344
935515
764406
331435
809235
913681
572351
105669
512378
823236
463259
742867
43758
168480
982072
196315
457632
930277
632453
165150
931255
280629
866051
389888
720047
293424
242354
881625
629649
899898
255250
993769
518495
181380
286290
630321
518538
594050
242910
118935
961661
8483
390160
213335
535122
522451
612041
269135
581412
138360
458809
647902
793206
685419
248613
389864
722117
276756
632434
899011
564889
266095
336372
766587
250642
281903
771211
298070
924142
929986
406772
473832
49400
411891
125648
369646
481572
828928
785304
372827
869235
504471
908699
616302
72804
108544
976347
253925
406123
270010
634490
698987
950295
360653
942847
842302
590362
142724
720828
290008
979887
763269
983814
866364
307304
410607
450452
701513
800557
937866
422225
53011
392
76322
662773
73163
342865
905029
83917
547630
802800
461407
27064
265031
567468
487971
550702
971458
655793
222709
19432
338272
869820
765773
509765
463067
888240
405264
263466
24521
747112
424994
57740
877620
814110
395878
95527
453061
365808
225391
540107
729759
231958
939766
542052
752845
511261
850538
850046
312817
955788
730750
105295
371399
443057
916531
21408
25243
608505
160454
842300
686881
391588
930383
710643
494753
633821
471689
416516
402627
988810
736039
844461
991849
516802
913196
764225
495400
413852
501345
231338
817251
951614
688948
314567
81637
856637
170064
32011
667897
405307
745056
849272
684209
942302
103277
938650
441723
704627
364057
91351
437977
700020
228343
797706
112043
606684
180445
127175
587572
745389
485062
82505
712862
606465
753304
307132
192138
556075
712753
159735
681421
662357
348677
326591
510672
854062
10006
503634
520069
211939
912917
74112
581187
514107
365533
575811
283489
666339
844049
967132
22844
41389
994557
742113
145306
414203
234438
513628
962931
706230
384970
417286
292240
776114
791355
216433
929860
306150
640028
753717
475385
32851
263889
352670
851007
252696
934652
782465
464250
272299
331380
661315
172457
473920
494722
705604
843034
144868
876733
879386
375097
557876
357914
580821
796069
762537
245316
534477
66113
30874
792784
178032
83103
652141
461840
870114
622186
395749
618524
794885
802986
84506
487366
720511
878440
621771
85343
336427
208350
506452
369323
660389
557389
237378
483725
766066
230076
577513
847178
223903
993219
657185
31421
922994
792318
465762
984225
110215
135899
492183
490955
149188
66372
177260
26945
7683
340614
741228
999638
693557
254339
473462
620640
509147
464692
784830
791558
560383
854157
555114
479734
412944
361472
789250
440220
897883
606375
397701
171892
657189
39488
935794
792396
432612
935991
861088
526507
308610
944629
854853
537818
570166
941399
100578
4207
765170
455212
996727
161145
241267
167969
967277
597364
949223
829891
230468
755704
930713
261697
879399
499110
317900
456455
835663
726303
8809
468928
17466
654652
415254
841747
294727
135464
228956
139537
789904
559428
618836
67636
476955
17184
534035
613492
380497
277421
679886
545635
41504
987095
889006
112945
580597
520263
712254
366682
200676
365818
531206
196634
921634
878031
657162
615055
275003
286214
511051
412627
695059
820914
922236
186662
745915
225000
135574
804672
164672
142380
44589
520964
38806
30898
277318
517111
745314
199810
87606
366865
427301
364287
359786
375184
211673
267450
724417
142031
136688
964993
221487
217177
856812
441710
277285
831620
184885
776416
741712
641008
520702
808278
53799
425864
84349
638173
565305
67127
49138
102359
482052
48476
189977
807726
681705
857379
413294
948458
406303
299369
500351
33764
784525
738660
673783
714909
251154
810468
771799
885066
89868
784748
541972
556840
210783
651127
894358
111078
81465
270155
816893
577780
743415
81790
656084
834105
683339
80121
204800
800731
327167
586250
22642
111396
271270
536338
658983
814089
726305
833558
488879
388471
827539
456604
645780
819815
609230
914641
921545
931059
165321
976525
556184
431415
866288
895312
506011
295944
663408
41301
85244
367830
364671
191217
418718
881608
962386
882383
134709
13441
1589
533937
526504
468896
425733
120495
972410
828872
533374
813343
226191
974994
954403
139864
263439
733239
967201
385662
138044
40352
329594
518294
929213
994552
38222
14468
107624
177609
204395
820116
547920
891629
723606
7637
597349
835669
606155
326243
529818
669307
169616
766071
969144
851148
790574
742168
930792
874482
562966
265838
647502
991804
372948
590036
115964
982508
808685
483238
924678
603336
448742
724378
519482
399321
405691
24767
412986
449190
578602
92926
58478
750633
307682
921590
28364
949340
852019
721734
693289
715076
483857
645122
771895
622952
222703
921847
160778
182583
516720
376165
212461
169191
320026
192494
889374
215177
302095
630600
208715
595876
845092
441257
61330
139485
954704
701128
392658
246352
295817
780669
170813
253380
189571
613413
463472
702208
489769
979686
538012
627515
159582
304764
84812
202520
675761
725094
926456
708489
616313
783739
961100
498292
811084
422841
993191
582194
463320
211347
721754
110271
234907
75751
887248
29158
418294
579132
671727
714666
221261
885588
907111
31749
830109
356852
49709
740633
847881
113680
502456
116692
518233
913705
914445
407992
684186
612763
795673
817270
34926
441383
26113
493277
441788
313542
17781
88061
887915
120438
984284
484864
938314
352377
776577
850404
760020
276196
897415
305358
387191
41676
754588
810903
930500
907211
617397
721223
856790
948823
157141
244318
917799
542865
797516
970250
510992
997935
760858
29238
479102
450560
372099
696533
978366
975509
418065
248972
721709
976746
655225
435159
783658
913006
878551
224251
406915
237441
944080
156623
204925
262
954868
118475
850051
745614
332987
543646
188264
632616
940147
757485
363379
200309
758733
205024
736458
749050
915665
162770
494888
801848
903510
317706
721174
468686
648723
518871
459914
109304
526612
666924
222240
956183
321672
553684
195645
540961
516932
522756
823206
71740
288458
323966
270502
493613
726084
353542
705521
941556
297053
388295
472659
486512
492028
612604
213024
670570
302048
779587
565515
365744
720272
387717
260371
472350
318641
644094
16046
322771
761878
49463
713909
18579
197834
427005
482677
972087
981284
573218
186643
758669
282070
692406
194909
484469
837413
637534
880514
572261
102262
733784
501826
759450
339712
169953
333326
723283
637055
570316
35539
900172
996624
814681
519421
666957
407602
564773
284418
573633
325375
695333
954894
128256
837748
517423
728698
216685
292679
329736
258083
436658
170533
832111
114494
563312
791497
525637
291453
748551
996441
243864
409899
772349
602028
139108
3788
423453
918492
61849
926550
626396
989307
152907
596558
681804
629290
205396
822219
835603
917406
534648
308600
742543
597909
312607
133899
942503
280137
599189
233000
248968
741568
862656
402314
858434
308530
450685
810100
187169
216905
173304
537202
993420
891894
464577
196649
565402
674692
951794
38825
675617
547332
720532
916787
134928
90936
544702
274035
827619
651701
440834
505287
369300
183570
470367
673972
584001
998253
860407
508920
161651
100237
580352
956050
318771
420977
699620
693887
820271
980659
748568
15819
10516
279201
155847
438989
725278
329170
601628
542067
961934
143455
258506
427060
741822
511737
790122
786697
943331
622666
137166
477073
650854
764027
258989
835428
757922
633161
838298
279952
504106
553143
22572
820959
657454
590831
742984
97557
696246
780796
792575
988546
657947
765966
194853
976037
968139
694223
997496
384104
741612
890818
211421
733485
562208
139671
484726
397513
457580
225511
559304
959557
607780
236425
704482
191689
421718
884189
408744
495043
728911
60313
328321
935301
902197
831732
401841
897424
964932
164400
919512
272520
42994
244272
730941
436144
126458
143166
718339
661327
540480
651871
107673
110101
873029
593349
548401
613271
262187
749604
723041
730312
923873
244614
480312
918983
304204
285033
746251
661008
173984
647054
890402
664439
752207
826948
661157
657422
368545
418504
495502
62836
154204
635539
675065
820327
214576
610976
280716
74098
738070
998392
360570
12825
857421
459087
713789
454179
154845
382059
119557
43327
232716
72583
857445
638860
865050
176336
866988
13325
151740
295417
537798
218093
360636
732408
821619
143420
674803
93281
348806
563731
337975
413170
864682
126217
661706
679228
788522
418701
295654
594556
824004
708696
216955
364478
835998
587894
647040
128123
929109
127960
510736
140531
555467
335270
171702
106885
619460
646582
552641
616064
377708
389502
266132
436236
136923
451377
838567
715810
526754
948630
469384
310991
13247
21838
780522
730373
330142
839119
542279
343073
103079
655217
551075
434186
819193
99112
611085
332414
781748
859824
300501
336709
530333
653024
536011
472542
877010
150761
276872
548532
598163
173456
176646
549596
36225
243271
633854
247509
617071
396719
503562
199625
967043
516021
6471
73978
124420
764814
247600
799790
852820
546894
580294
16898
993409
996207
303649
45714
241464
107742
802582
862935
162574
562173
791738
71901
143628
114507
787573
79752
113015
982909
796098
549956
497615
125932
777611
834320
20966
360070
923656
291760
406375
796664
428020
500395
558964
53370
824055
154921
431295
400755
100376
87675
517001
282935
776299
351462
824536
935359
568439
168945
538410
99822
466994
443090
729075
10180
913400
85726
864770
943442
521538
129559
803897
771241
383379
254233
241713
876061
823471
727167
325265
708647
386096
542384
27593
325225
166327
752023
609963
975064
218933
363225
519382
611212
636222
310434
262901
137227
545744
874330
567260
697101
142467
766620
395123
106406
272479
803864
721749
317571
906583
632974
619158
198824
584661
533506
490550
623485
770774
750021
113275
11788
594295
524675
13485
645294
739354
916214
205105
733640
457140
631740
974575
572981
531746
483471
266877
942376
994773
820502
258712
571395
884081
722413
128480
246141
493495
234634
849620
115467
168420
787726
872915
1794
973942
474450
399519
455909
256772
951015
187995
643895
156011
747233
31340
769929
991847
42028
108686
259464
906805
942804
390686
104509
666133
627395
296278
1188
75320
705904
375298
235259
820244
855572
62141
330591
3590
647886
575181
929738
586562
65594
968992
167266
678730
42660
629166
699440
9018
710615
538791
233627
484790
769534
469856
674261
315913
455257
597666
311046
980186
100554
349907
999292
738347
570202
564212
495059
543911
938477
415835
501658
235155
33807
426811
257277
129056
708644
772932
209006
531735
976382
334375
263816
993497
923442
689917
627690
627545
55628
234839
181511
144302
139458
381912
471736
513677
81047
509163
822322
686885
568826
385643
191089
105639
618904
611399
422643
123811
830185
983572
771757
451963
994411
406351
348126
75929
508694
670138
244529
856077
752596
828142
84308
48438
822011
724339
494424
568707
339545
878549
582179
736229
81686
149721
650060
140026
547507
490164
150173
197118
769670
504137
887115
198288
962674
325606
657991
800688
68546
605501
814330
475600
923932
47513
50358
44913
111256
459853
483580
117596
260514
986556
925540
311865
872122
472949
351439
364127
123454
151823
310614
478325
367375
992006
453112
553732
600280
376187
573257
382229
448451
544895
143242
249022
722307
109764
409213
615462
847899
308668
256317
392604
834423
570391
843774
322594
587138
507951
758715
625616
608960
656183
46015
128182
833053
870649
992128
675429
609735
159220
567542
425688
94324
787994
386597
905869
184168
532723
209106
670425
346700
88429
990851
62170
908745
455853
469214
4187
346724
663998
83677
343069
903558
95725
654572
45305
967060
739760
285969
544332
607834
183259
3637
522631
502323
363048
450991
707165
844934
165807
635415
411189
847732
895920
293929
453852
510681
673117
963800
448076
826079
914615
132149
796674
870990
654207
294664
366039
133902
625344
456244
603526
756898
172053
690284
795635
966758
416775
500853
467547
227309
749195
671322
793604
11457
687403
855673
69969
91997
664255
385759
410507
586287
539892
567026
833742
950268
467324
354877
979034
625184
644131
854656
888972
662140
240588
928577
489510
49647
292643
44360
891996
220113
487740
295217
849379
116317
253243
749879
750748
802498
835852
683170
751620
46791
880854
330260
75493
100994
146311
477565
769782
40158
569042
771236
621448
61660
66033
896876
186542
398177
945712
114635
414656
3177
338618
877513
795051
677711
626492
99855
51594
244568
374974
773611
968252
915650
24732
82237
948577
640977
864311
534756
637581
940846
286627
538210
121457
159633
528097
576420
419329
304876
178136
569703
408827
522940
39579
524287
317581
288112
305079
539278
394356
944579
643293
705110
10807
444232
543282
414397
489513
190079
579730
695599
150650
881817
294007
705299
597226
86772
722433
507799
463466
591171
765126
930322
817999
776963
702070
868183
106979
35512
539808
752174
627477
917933
650523
6979
828481
336183
667970
194518
168485
159115
282251
975236
235350
317939
298855
231856
134847
451628
459675
228385
137363
940131
209313
263319
532243
130295
108009
276760
465135
175035
458653
780446
735479
143678
391817
50308
629319
614226
202161
763983
894975
458544
149464
199817
517616
346652
274709
29769
917928
121762
215981
525600
895600
946175
69853
145342
916064
651721
294645
751214
286692
75537
782410
391945
655928
82406
330174
655916
863540
570945
899022
93961
512109
361420
281018
606350
710916
251683
128729
400008
770370
249899
918731
619334
345293
549211
795570
310164
284565
903962
804905
34607
982100
563019
219633
585061
423082
706513
457795
169485
298714
258848
36320
273236
552913
155740
493039
276599
491349
259766
147683
990990
64116
890374
438348
183032
216507
537962
571241
176284
459116
153995
466785
640781
506679
884882
603094
363344
485818
934089
586840
862141
104798
772805
24374
475574
232330
207654
873162
278541
148792
740102
693909
857582
535147
840230
898005
566038
651561
501614
458951
626759
801748
298736
243644
454886
496439
639170
740132
164050
159328
128106
177401
669243
288454
420924
36679
531973
983306
635690
909648
179675
429178
297440
513844
522735
50646
386940
180913
921885
19075
162308
136108
722150
238909
434389
807427
135924
573206
770355
735607
413480
241991
986365
112157
324928
94019
276465
984750
987818
831856
24876
47080
667418
543289
159772
58882
144484
115381
869749
485801
721007
112960
917823
286355
904233
432714
689171
869482
613768
794415
299889
837214
608589
667774
22219
493100
109924
21579
174897
397284
684320
499559
444766
572578
606176
540626
929361
351058
737482
860642
575639
263253
793743
584477
993839
44483
944781
859311
625818
364734
214537
390078
240409
362390
292525
894088
336259
487674
836447
988562
369959
261510
748170
204093
770058
237024
663354
58735
297278
651695
740363
244926
116850
972880
36087
638985
376232
20909
965096
356855
587951
364177
377619
557444
25812
56121
919165
450869
766381
92483
450220
421263
657323
432410
932636
93903
590065
383201
547130
220363
617065
475319
993638
37362
96167
240164
94051
429005
236966
582773
900282
427873
712490
481795
775881
696827
746584
671030
834561
477667
368939
203144
95763
929353
52389
351362
553831
61850
348269
218875
283112
734526
689035
52183
533882
947834
32862
990157
539615
983534
877629
470076
937327
401295
588524
811118
559568
991649
657951
949814
577700
434195
414046
24718
94630
853063
741776
908812
35240
478817
799265
879214
694460
844679
70014
390062
370145
887231
383121
130181
448162
621809
352536
516796
716735
535622
905504
556368
233090
935124
517707
235456
594690
493930
829081
343174
751290
715567
469630
785144
916347
270000
378999
738275
840784
760920
401945
22142
609166
993878
601551
512277
555448
584695
275680
249525
999221
211370
817085
635788
509174
298899
104054
703588
613954
647072
460295
424381
194396
761911
523392
130006
354161
44570
203646
50765
942190
65553
110317
180858
561387
12272
488939
172943
900840
311829
691900
443592
677102
521883
846243
925473
926075
406172
556149
250480
128832
796972
537693
441426
146080
657057
9925
36036
890248
75155
495477
39720
301979
758175
2792
585567
215796
663291
813890
501274
746027
298194
621860
329903
58625
670856
981994
632396
371236
519398
621630
601733
168019
729694
318821
83923
819788
811958
834393
263429
123806
112201
89262
831852
937734
220315
205181
190874
291161
191864
364539
12207
543043
975822
988418
618453
782891
698862
320772
805785
47789
86337
816954
651126
443045
290806
747706
640879
331858
555669
135484
100634
194403
142284
357023
243758
884974
977167
397121
118182
565344
195402
75808
951270
543645
573972
790521
916264
900816
801559
817474
284502
466922
866998
91940
256082
584125
550816
59491
332397
233260
707577
929033
863125
274154
594710
660837
796013
256155
728937
630547
905695
960100
73197
352330
15479
41218
614065
415863
227046
715820
863423
926039
580031
424834
953313
187822
76416
275221
248478
379280
188074
272420
45073
796417
874773
178225
368790
988851
113272
64175
976638
402358
101808
830119
155595
394480
521314
483290
189314
184062
337748
222619
282869
23361
101241
477375
300293
308793
434836
37875
719238
933578
587820
518768
994743
669741
348395
786509
241842
451711
608005
475109
646049
516079
987394
468594
748244
779110
782248
157718
23190
555808
767049
931046
849979
743177
176936
672472
738346
547853
393273
520379
329713
173899
239058
816062
755359
280343
443264
627424
148571
577639
176512
85816
232448
869732
56324
68965
153596
835134
353792
