517384
120319
129345
32952
356121
752875
278640
631873
208582
653603
407120
764003
506443
147584
207216
879555
440203
309760
209840
836678
158974
644613
861695
758865
598204
51176
173616
12466
79175
642980
279540
48838
248973
471273
590537
470751
689392
92165
25273
423102
706749
458555
622165
741558
513264
445399
878108
161431
850039
931392
797422
13933
782260
642477
615207
476432
570038
272725
446711
791219
545037
917171
856559
256965
830281
653921
787489
48519
439787
743983
804706
510529
340155
707746
839505
660212
601330
757560
226086
759408
306282
883737
787288
888486
422093
662902
147715
441671
259244
217247
7504
327113
342360
449258
626532
392402
76934
277235
559604
836413
551491
537454
152203
103557
436906
244095
156281
847873
735754
677308
327827
793698
251945
648787
30512
987291
579758
385149
723183
435274
646022
749246
953869
300029
141633
424354
434344
344996
175003
534379
344028
389252
161672
638502
340331
629045
76098
273326
972660
930480
731520
674880
352555
400432
761660
709560
47645
1622
570433
439744
424753
535998
313131
949591
449310
190105
878417
133476
369317
832483
26123
172887
792797
167541
429137
524153
899871
303545
292787
552376
798597
217343
695227
530442
929325
932810
527255
750120
843491
326357
930054
402355
513236
291578
669698
682446
427160
835010
563777
878470
841667
34491
719532
594126
86683
987821
848933
141835
1595
848827
284
105213
822485
530282
706996
587620
122998
676275
938186
802451
258477
297589
332200
175790
655602
82823
436122
592009
302985
320899
809235
725650
461424
996305
555197
419530
346326
395601
433480
120019
264358
622481
30798
583924
717799
133691
233278
78930
42700
913035
283762
146432
63860
943172
650333
750695
131840
504774
100595
579924
456596
961704
869175
543645
698661
104300
989761
386774
137095
984650
834878
331303
663643
172998
923140
722595
403615
548525
465976
428744
470129
103328
992680
507464
295309
621031
943257
315650
656622
156953
581913
206891
147172
567671
152518
782547
358187
500576
137244
32724
436615
607858
888975
713122
813150
273818
903057
37311
889577
719632
72226
145743
41925
199790
73470
652554
101199
737881
98922
532024
810217
110651
214799
685816
953628
959815
216462
380123
160983
952034
497974
943442
521
744587
86092
821097
156948
848129
467143
253698
937283
558652
921086
945904
526565
613237
987153
467327
406764
196209
776437
961607
605392
905984
405726
133477
966694
163294
402574
500235
224499
519087
436907
296004
605777
749762
337893
705583
67307
817702
769070
359202
696621
861325
356696
523696
495881
339168
948685
268756
313247
418093
348458
122076
672238
148899
895521
733786
978600
405801
715296
633226
476584
528391
936035
380726
158462
825057
95528
450870
412577
953357
268177
668367
945820
673554
551166
943891
613272
310180
272975
551135
887064
664853
759522
619645
721413
456158
402638
748256
472168
213732
47774
940431
393002
706011
671032
211306
178900
195692
357555
883681
370312
71844
595549
556268
555811
927046
374914
650999
788827
137346
261501
30142
613317
102602
71344
119764
366595
376105
800612
314140
961965
901286
793957
5455
771529
874882
466621
826717
585627
680139
669312
752321
332926
786135
605005
397285
940658
10047
843172
918
226101
436148
856618
623773
444639
287914
485547
830076
273107
925941
805030
198651
545628
592055
157761
929108
870942
431259
579223
659807
782111
804344
517191
967576
130350
216542
102661
878617
497289
89816
15954
309110
644205
794832
492860
235164
938615
486268
952015
567201
799873
668574
102821
973296
714430
963871
883345
81534
595780
524326
913418
769570
763363
899209
40499
557959
501518
345333
504741
121318
6435
660074
755087
332489
39197
239126
170688
370452
425030
256258
2445
646063
43587
683837
490099
640185
211607
405016
745436
521994
180087
423160
573509
705872
843717
160973
412669
465750
493650
675635
274072
972582
522087
866815
495936
357344
586988
930750
24486
823544
99330
279091
747353
288010
577333
142988
669034
978052
617188
491312
450445
471908
476832
569170
493922
908246
454152
743308
190686
929469
65995
517838
969749
440396
499121
853463
60827
275676
174769
478903
587282
461537
576564
417401
446487
68300
883438
891988
474492
580257
405695
920852
790206
144727
938444
172358
28236
898100
917229
459822
967027
665952
887280
720676
161113
975412
437465
727280
941443
153239
359631
355302
411543
474865
178944
647849
696551
116259
174732
997489
451468
814764
743374
3989
687290
630386
304809
771354
963366
682748
238001
424388
883432
708996
467945
243245
663130
965776
613525
581638
277526
745300
987862
837474
863727
828975
178382
244329
589778
975201
266444
978201
455460
331955
305611
453257
871684
461865
619065
802129
865334
804932
667608
176331
939995
815170
760573
222481
501639
949068
810841
265038
809128
166011
397074
102250
57726
516530
212828
572982
983157
614189
995600
291774
446906
366582
26601
821511
670022
41404
956381
42002
106345
108126
681467
932947
729125
917208
110851
738748
968284
619059
729128
469613
962893
273933
896496
978124
63047
583071
112734
760970
508915
677043
43273
5059
110416
855171
297776
472609
108948
909050
931227
74071
465899
385014
96664
435085
849969
539094
703218
621678
641938
430867
203859
618019
80050
419124
831295
380180
829610
907507
912993
737872
577086
761798
393222
739366
319233
31872
786445
468004
640775
638755
613135
32596
810049
438774
715327
262877
760622
342232
487483
90360
668874
889559
305222
568796
795494
944579
70820
799137
543364
479942
742952
828119
646522
639904
85866
456519
78934
404647
796530
478349
419821
183581
29161
986226
239254
990230
636482
413011
916577
483282
309580
773291
465723
957921
964702
632449
6147
304084
453468
265328
291813
504805
504948
330024
534528
729577
642763
766085
60988
490353
587933
933673
145297
108130
260958
838040
377081
721344
163421
707621
746364
24063
58830
953820
798217
207162
735724
268185
22037
331153
583298
392288
907218
143405
874390
704206
568758
407912
445833
535614
100009
946581
575292
552145
379476
288609
755030
327894
803015
363835
255796
538833
836369
979862
972651
45168
199516
709500
693728
754978
338769
944497
592389
734067
223888
763622
7716
805656
20233
566574
786160
715962
909321
176117
720585
921170
947189
190296
771672
967241
137654
945723
290827
389368
579243
75255
61387
628338
501929
880351
600991
778842
501684
997486
698770
951647
251610
497950
195422
32310
572956
119332
871016
943409
586400
107840
515359
197936
580414
843120
445479
114521
11462
199944
984194
293217
436242
286036
509187
68051
338709
638769
502797
763425
154635
842753
806438
636927
694846
500141
818229
170056
307199
783351
346924
672039
859374
355004
640604
821854
662585
461097
66447
809996
468033
33309
180456
468292
325991
123347
315806
529942
62486
475614
686465
915343
935206
62326
253202
715502
226587
909034
3174
46214
470518
173021
64291
862091
527658
27237
990051
159386
361281
471729
38655
829639
929055
977675
397480
92772
18109
654218
333984
958709
491194
596113
162533
213804
531014
415434
812101
761808
52303
203428
444039
802440
722406
752601
81176
262192
110379
13780
317121
769512
965343
205795
37589
786998
973591
170462
971786
857984
149661
741313
396247
333663
907180
611875
783007
743532
597331
668530
187107
965359
133370
183971
433062
807512
861158
988560
424502
635054
358448
588929
388587
960863
628536
310115
252014
324863
324837
192292
305105
641329
314134
22091
826647
732763
77167
720904
332854
708291
226256
992828
197679
514717
946528
493988
327423
592493
387784
397506
53850
413191
831416
101600
7193
219828
859725
135782
958620
665848
871431
726477
535527
862477
631163
911100
177025
659166
659035
801697
772871
273077
507850
452109
852431
724248
315681
914351
163401
846508
254885
317314
755053
25279
293136
598666
972392
346598
88435
864240
385872
528858
247229
569119
546082
914455
485532
134818
278927
583039
672982
278952
799602
695211
557987
852434
890337
101885
107894
375813
775165
992406
796379
156657
625193
771710
240346
967507
183913
459071
188321
846924
777407
662217
173232
461514
445588
261388
989676
424515
826834
704825
418027
474585
131965
713647
845709
905571
211815
96714
252150
623971
911794
232590
489686
751598
972615
396520
107860
143071
112870
753957
123356
311767
807406
674061
870897
147635
575842
5148
924994
653509
983003
166764
999370
582889
46202
346373
445045
332766
918003
545530
611594
570777
479756
616706
450165
907692
446683
732088
500565
271596
971892
529137
484068
824543
497506
176478
681525
75406
363006
898228
22344
896540
762774
981801
102102
989553
568167
651703
794031
140060
351691
676910
651122
27359
525244
480245
950964
187627
993807
53056
254097
508523
667217
391028
965011
990182
108568
124032
980483
208972
845679
784989
535657
461384
619272
943304
685583
574379
915632
965493
51851
862378
630385
228057
450144
601162
881847
57660
473655
593446
416694
257186
797134
913861
387410
585099
864199
24956
356321
780021
324732
726876
556005
206701
881626
698401
215779
535147
912771
58926
171404
386654
661282
80988
667162
248066
247439
731662
930536
594673
974785
115625
800182
140815
218746
567420
688567
412793
229396
547911
83129
31051
707259
631230
190654
216416
200770
683381
249299
248231
200352
768070
661784
980154
926102
71879
496925
964791
661065
370735
97357
393750
649531
577865
49871
267938
878619
285260
634671
294383
860575
790805
66602
761601
293758
972346
723247
362045
966107
143097
275461
782220
382352
358645
439354
822206
189383
536152
333986
473936
117160
449485
750918
907078
318366
459219
321955
536404
730326
759033
112231
302757
657354
610516
557846
912688
572882
727543
78782
68204
914082
844452
265381
902639
264821
161284
72729
682427
29181
60334
63587
846368
941563
284875
967793
696594
574931
384257
268538
245033
469955
755939
680638
928295
515786
551580
71186
779173
363629
258014
90693
875261
830748
706522
82531
148035
325249
419406
738865
837839
372408
154880
621543
937439
866229
18356
928673
773198
547713
241522
833078
943710
767641
896890
396079
477982
75400
584507
967990
718981
144770
590709
641311
369949
569716
442826
396844
58482
212294
967011
962868
750735
885585
80450
907982
63050
90994
562023
698884
162981
944072
934915
38968
28387
333341
46334
102572
224454
496745
826672
665516
411674
850860
730928
347087
122757
765772
173685
995732
572673
605603
602392
923145
958397
844445
475726
967788
859952
795188
964821
484460
170768
484853
837662
352505
386402
987306
423955
508811
51602
708237
822332
504161
122553
662874
89376
107947
82918
29608
916776
183372
240794
531395
864435
134396
690023
797191
366835
368262
873731
707733
446901
928759
284179
138115
937821
740756
275192
710237
711368
4502
922798
130274
313420
98199
717096
277351
63016
848408
100228
352347
161557
726104
818651
299505
872622
765850
444366
516797
761661
509257
321898
626704
484379
217576
740593
343748
105621
391383
435048
322339
6103
664644
639848
773292
24982
721436
133090
28865
488595
547421
160588
913203
220086
63524
503019
571029
741038
469395
301920
939522
516144
642680
940435
452285
666007
826251
767663
348889
645097
382680
185916
271139
534994
137601
216941
776585
502765
667619
665636
529758
720616
270460
318245
593697
807245
314877
405279
885461
116085
376163
341055
408924
890652
939911
823870
393976
431004
117837
130548
163018
296377
214140
869189
115893
744959
975231
140364
622052
989678
507663
372700
843848
800627
960514
180515
277631
892391
80934
111489
282242
809153
266737
308822
662175
681118
367490
486970
928382
762468
390090
531795
345240
635172
125987
215564
419967
775772
408070
765882
926510
537491
221745
500535
370106
938055
952161
118886
704248
481781
21520
82123
217284
614744
990453
982583
712071
986874
967297
295362
153877
768315
859957
593161
363198
535084
857803
553733
420409
711834
198422
110008
894772
374021
204679
375774
612994
733887
542520
422505
284449
580510
708000
411745
881633
524746
390312
748835
9987
896192
417188
839111
318346
854457
950451
183654
801852
592996
770167
919470
461344
332802
386282
977500
849871
644080
199188
902864
109658
922634
552717
606318
182229
61105
455879
451722
240792
657437
386071
152186
735870
977368
777317
614119
891924
49166
165949
450607
458069
782022
886088
452826
854846
110245
719235
471306
288988
693825
748392
115720
679996
401318
589738
496722
166482
530079
70034
191766
216508
598411
296296
775874
49105
917570
813951
513352
313733
225527
76057
686634
533078
354308
152578
50130
186231
238515
850096
833658
826659
62745
223010
526659
851613
125712
483864
676145
856043
955896
445119
925349
981464
679384
101237
627369
995153
833994
477493
50602
218166
215225
472615
326896
773153
627713
79930
205411
608092
23598
606214
759147
629452
500822
647953
469170
967736
719934
932994
349436
663449
321732
104857
532602
289743
942291
964986
579690
256876
863937
109280
309317
436865
896524
84080
380458
236955
632131
629508
997545
670196
901916
280328
376383
54675
251183
912875
43526
674564
275038
908027
717040
681015
717846
448505
829020
421009
357803
7796
247414
528907
353549
664458
925630
179595
604922
859827
446451
391352
649676
978614
32881
97258
71499
930638
97114
864030
408713
573818
792100
384660
913769
581111
176156
505093
297414
699091
724876
967280
261461
164187
91556
337089
944015
654647
21518
786
560782
139527
10102
231383
484652
428615
483264
420280
600183
202497
937228
594555
589847
786344
616988
554267
189950
848474
917291
834116
436015
923952
881357
590449
416701
764265
808403
310197
346723
736811
83402
173944
286485
34712
297754
350232
415889
979505
846715
480247
874184
289494
941812
608339
64997
434383
281282
503760
217017
262732
474061
10083
716555
712474
214283
35398
769820
757814
334809
748247
389813
96099
939695
386719
223043
555986
263413
884257
337618
599872
363221
968791
664663
352983
386152
50722
205429
417444
308524
411328
181727
189894
437187
947467
225683
871425
68207
650743
849643
720606
962221
197224
97770
116542
260374
122577
24373
961181
123699
376395
213439
319058
566477
351302
389741
26158
758663
559255
626522
953089
337244
34667
840427
27040
113800
605085
299936
524288
973960
317239
430870
946669
571472
295174
511298
435297
787025
892097
460649
356076
447513
711461
418272
51204
888711
704176
236108
875818
711505
149394
834193
488254
459340
62617
779552
676205
216539
898029
238426
262073
529282
574194
391218
308871
725959
161819
200605
670769
992223
775588
938641
914717
505601
930058
453943
509502
279753
504938
617378
407499
512824
104198
168405
514588
682286
535218
73709
286214
621833
974016
819675
377563
883616
311471
4105
478644
23686
197526
104248
5752
797654
175980
280137
757538
643270
994179
69375
408510
929152
134231
301971
99867
65258
507447
581422
664776
114009
595417
913305
206682
294161
627657
515970
611421
310490
64929
757698
13865
291555
954815
638293
78773
424960
856508
133151
957814
173136
778183
310690
652512
270348
919833
730789
136735
259238
128646
750413
799406
826197
810938
983673
115065
796893
546749
982705
793396
899372
186316
273904
425893
19157
760994
160449
66384
794795
618143
288701
749319
641904
875673
631827
253905
70139
364157
826489
604038
47163
987639
194385
325449
568072
875844
354238
897710
124257
781316
957366
108078
186037
932654
288243
778157
451613
481099
874211
492599
520759
829761
58308
760288
386108
999240
333187
664683
4786
485128
282560
840109
735433
409158
607447
811633
91110
221649
907970
275321
19792
533763
346095
78075
496617
702185
419267
807208
871277
711967
54646
442545
257950
479850
199094
53566
493517
195803
527379
770348
139854
361008
185008
155590
440877
441080
306440
26109
999231
181224
977626
641348
120638
597235
930318
909871
932037
290553
825489
182471
434430
553156
667869
863654
425393
79478
720026
917012
362337
390756
977836
688119
856456
411857
215328
140084
301643
739721
222894
498346
226521
144978
941759
855518
256239
622414
176073
280803
437658
361747
197951
625008
846493
901390
876524
508484
142815
333055
589994
776025
590358
669323
50592
590792
158817
792671
307281
779526
254387
618052
507610
563330
562841
424654
570615
81333
205592
554858
739410
176954
535250
413724
467604
986339
208525
72209
271045
459590
725350
511653
815712
726972
892318
332944
958763
453447
133519
114579
91285
516159
247877
654092
81065
469101
481027
64869
800266
277980
377594
442765
232148
824317
331207
971771
884110
793990
103192
813636
300174
135620
395814
535242
414972
22520
973257
507458
675561
457328
849718
724734
498633
546939
65454
714692
380615
435320
827916
667409
325575
91630
361953
35376
226224
377813
174000
345573
699922
700814
785187
38525
947164
733799
812324
729857
666617
655769
414249
536198
667653
854265
455278
623116
785325
195291
762088
645833
66859
868319
130516
981900
928526
802533
296371
715434
395523
688159
754731
961417
677689
948377
290897
672836
285284
352566
501897
97519
204431
405820
681561
809601
168530
921837
793281
535499
100644
367037
398804
727382
397968
356323
204587
518484
193683
395547
558382
832984
562589
479148
599688
659180
335731
936978
905
776498
612853
170692
140766
519578
8153
514574
446648
866876
861599
209130
156870
942076
647952
313423
955011
443394
639521
94672
121542
563813
524336
741438
98662
881349
40542
376804
544221
22550
467299
852902
234580
247284
701448
330074
998123
4304
953948
112886
902603
938557
662691
722080
515146
763264
721983
783997
356529
370504
983231
149745
730814
299695
97846
768830
403100
610380
377851
860602
850580
39080
570662
590522
746136
436243
866326
478976
798003
810111
836522
503398
230484
568401
205855
494674
629771
97598
631266
804213
273437
33783
868908
602002
528708
178694
320267
260939
95983
885409
582126
446187
716196
693958
885730
2167
665893
63743
26422
87175
170946
818848
349882
612724
96268
224577
444534
775816
967036
268939
633497
256034
336778
617311
21891
721596
202086
895364
344290
909035
117766
70258
417591
906369
895751
546466
893113
451766
288324
453930
528595
653823
931155
130758
717626
2447
923079
502287
243198
948723
691743
89172
469664
136221
63584
461284
7111
263883
667312
64837
236816
15648
709506
349410
777917
604432
933726
925286
262069
480106
893109
672228
777830
174550
994031
888636
101676
417132
438490
396701
37026
550046
954001
515769
548072
99963
564104
890339
340015
614216
753666
436262
933361
359030
618639
486446
715241
514775
228262
283398
5761
524538
725530
356020
99672
496631
99158
84065
635711
645013
186658
364287
721891
448305
278170
41940
429476
192676
387839
243688
528037
912298
901991
995949
609128
747464
47408
106429
252701
642416
750091
79687
2775
480825
758648
486198
313706
187122
240418
677683
172003
137820
441796
524059
495768
233047
93163
574759
749973
647791
356557
372673
404411
374799
710644
967417
105698
271307
163358
150049
313577
828935
538025
60132
232456
680959
441617
300940
2955
430237
213641
799893
274094
628094
658463
153390
171010
469560
371041
834147
763257
427381
560268
468983
324184
758102
651196
184888
452823
396472
685614
225861
817025
903557
436260
249800
538950
486108
791546
881483
187591
766451
295547
171244
614476
798451
542808
121359
552441
849637
482382
134462
563473
756271
681960
865219
64374
9210
141199
390045
886527
841903
988282
282063
927493
751028
314459
884204
11702
894818
847298
86915
950227
963330
353435
233918
334837
243681
524067
395133
158393
458332
292536
538625
21645
396153
282075
448148
833955
855104
206038
529563
179429
92200
205918
8349
486922
533341
333777
541994
480824
712350
965464
14168
486546
610825
428689
696358
10437
942204
91666
913636
420496
597263
168448
752736
466454
624400
823133
457244
775842
291624
809608
211471
456091
43757
132816
814810
923865
216126
167684
533082
816988
797559
777497
170877
537998
176761
891423
445866
799853
224476
200876
929494
360104
183968
276999
245298
972972
931016
377436
787055
411406
450284
661014
488462
429779
126191
326124
256696
484602
937106
809595
276059
605644
444458
521138
244241
514216
68854
629839
797491
144419
925006
360954
170629
32517
67
825742
979427
834847
257629
46916
982406
800235
158134
388621
227370
40373
769385
34093
345326
232986
678346
446413
404016
720048
39138
717685
107544
105522
222926
372288
21955
4877
515154
902929
67096
986476
74002
983239
515966
330357
704643
745819
39014
197326
88672
555683
909036
565466
828028
89753
883908
69194
470373
989001
232597
744827
658804
370044
676020
189708
447960
14275
84779
456685
292067
227929
153079
297666
210223
11832
406088
419320
561616
145693
382553
271701
388779
181351
66211
960437
789513
33217
204168
863813
851821
305742
162513
677374
944396
75333
141388
831654
929807
392838
447259
236157
411089
382640
40201
892363
912476
944273
986968
761155
627867
339225
860144
329694
660408
988703
581575
196960
234830
969546
182515
390641
728053
294700
697627
234213
289226
959647
50271
606349
812807
400912
733753
254312
14476
751620
882666
262812
188912
989693
126808
409555
637719
966797
726317
954296
131760
986698
653532
955114
98857
606121
932082
138580
402460
332645
537711
767131
649460
805451
653147
789880
441856
157092
785586
237066
61541
180234
56591
453836
799729
585738
74153
366243
559199
816521
862608
64593
369189
826119
543665
673111
206663
353379
822961
285695
161086
686949
122583
610699
82916
579238
754176
73727
730189
624764
415305
937708
463157
925862
953421
286766
695029
995800
172017
446927
797898
669704
206538
902270
473022
523032
71601
62246
642898
776440
932165
327326
983246
377365
134705
644732
892915
967843
195679
96956
690293
293672
62480
137416
355982
317440
23426
881941
408704
475682
816459
149310
110502
868898
117948
761796
63235
19440
995428
998567
397738
727221
486161
231337
83256
976993
138130
538029
775054
69368
451701
381096
226543
149940
374069
553181
946898
831011
193590
835922
761603
261788
717874
4837
193171
757118
260151
478250
523126
351185
858570
585307
534841
100136
109808
171305
643609
39612
717571
279798
8911
225110
712831
720498
480890
673898
408166
648287
954885
915466
87540
978924
69495
352343
451463
424224
36882
7565
868064
617492
739982
960843
250425
952361
647772
216190
134223
171131
846207
234272
699480
174940
190962
877855
169816
264638
409295
344619
74648
357632
529287
658278
225615
164161
148999
968320
82440
944449
251513
720122
371887
418835
687397
552091
646534
298469
364502
385305
299907
539070
673094
444643
998076
285598
160397
538604
155092
43743
256275
36051
707086
826860
390503
953930
651575
815180
248960
55474
848541
342448
839196
26258
518462
51061
274584
168434
61449
794983
853490
112493
178161
979770
555439
105008
287217
163307
425404
170337
908931
974083
858057
884997
215034
303760
326807
300602
749184
699101
33491
684403
454160
159921
485035
727970
951540
207629
867811
117075
265104
554275
1646
608537
303793
168075
950425
341759
461211
726684
195587
864045
735253
105864
218336
621043
192043
486480
135908
537314
107378
554095
252920
661171
344059
813615
230743
735745
471833
988401
435435
422623
311327
618942
73048
128800
757082
711189
298725
989142
595676
554224
730900
211566
909676
402295
222271
62178
126452
901616
83892
510108
397102
560226
301431
232252
965040
110478
588142
766961
389790
606515
770254
90633
865030
692245
406802
93448
980128
293246
549951
570830
586876
848773
137874
991127
388949
334129
233011
653796
390693
775043
233128
652432
412249
392763
244464
950009
325009
407541
117920
472002
324257
33321
539357
402960
285476
288551
312359
205357
578879
432982
94857
809629
839976
981008
946993
622804
864513
542274
454443
615632
812607
291032
316146
997523
752578
72089
958852
519669
762098
549285
791879
948451
739162
385021
708092
832757
47619
996916
68503
217227
423303
206785
550774
750101
2627
199972
708430
554974
697005
516224
264269
568541
505032
454428
749366
368256
539495
434029
805933
106824
726082
284659
622143
893360
976459
668727
533514
4113
907753
483832
331337
790820
794014
807044
310024
879103
466349
921095
131643
891291
793016
543116
172007
838169
517457
577950
907596
803555
181714
199364
578940
527296
56651
648375
622541
260059
602358
321339
500631
677851
672819
455667
846341
165082
324028
571327
702691
520107
988998
650085
724522
705307
886861
90290
224240
327942
178919
526163
456550
74856
344867
819990
886755
131453
556575
688014
833779
419374
77685
319460
650524
637674
478803
767609
963386
145460
176919
361430
508256
685738
507635
889939
889903
375794
883469
982382
789931
220597
43390
350710
311131
289373
679192
858438
725977
473234
128179
205401
43835
738723
686230
580679
718552
726929
99964
328945
88723
97602
312301
41208
986990
760368
221494
17506
919609
131757
71284
873857
277394
875836
246029
79372
312852
383407
670640
578528
15393
619714
686123
805511
627118
803933
960822
419290
711446
46904
500322
175570
466992
433638
218650
353837
385110
210457
550603
540631
621068
907132
524444
184200
556177
206736
559203
149987
529104
87178
318092
401097
853874
879228
465308
711288
90728
156013
813106
429004
313183
275076
799857
858633
230494
596124
814767
370408
880676
956384
481263
712447
323422
721961
972270
211227
123222
579786
887776
567408
328766
257632
856926
487201
716103
204088
939222
796206
433031
846750
691401
899810
615440
658134
313217
884665
416261
140840
384271
701793
292124
256754
245435
13051
204199
941126
513457
402129
91616
447127
206319
460819
542079
823179
433544
172165
370572
63448
616896
419911
874483
260150
422759
476320
49764
825666
722057
28055
804069
932834
909021
401378
48709
890069
343407
28897
829897
859427
277621
843989
5078
435127
354401
750000
150296
266479
923415
697363
867143
624046
637892
648817
981474
88019
869387
830325
574796
15928
981199
346391
815115
821712
632675
950262
356270
895450
135935
933749
63009
802769
478393
869174
567577
71297
544555
311951
701873
955253
820021
1665
228857
18333
376426
723598
524530
19370
787386
965254
620156
37819
747702
380514
151695
431234
89792
729155
337098
861212
932747
639303
587293
439408
493891
118195
148564
937896
298812
356376
396323
173203
28034
432598
851426
33198
979491
349777
126722
943606
324864
99353
555520
114225
510673
14981
360200
9231
922827
776573
207048
302892
120714
192114
612241
84106
168986
202891
362369
559589
829633
48328
544867
291009
173813
926185
401816
627338
633757
159222
530001
308984
286152
23719
819525
223308
452641
818378
826256
262412
402774
426376
687151
868109
971710
337243
368583
512731
663882
247786
443992
679411
292786
572564
79610
883437
784245
845820
940206
798186
484969
957674
449264
178618
519050
783027
955632
598420
887544
638699
622105
575542
26563
485180
812579
565996
99045
114919
250690
272594
713915
276630
824266
786837
771431
411036
749229
272109
800114
139204
283457
267227
437108
260801
825551
265475
821634
443611
411528
239891
798188
160314
578451
601194
109212
477208
424128
771033
252291
507287
223742
22999
770974
679361
260454
319476
894373
660462
393378
941115
583208
909324
847244
412087
185738
515993
413225
968793
489945
150542
714081
299874
915190
357493
147624
748722
406404
179650
457251
151813
445855
844377
706576
6836
121007
879599
891686
338775
515522
874632
128591
592279
816192
591708
658756
102449
475598
54027
833452
496457
56557
563580
529988
601198
418158
719214
666734
30573
621072
806216
865860
362769
978368
922551
163672
83201
923401
132465
189041
552745
989617
494176
677790
821030
530400
497993
635893
287051
459564
438915
605807
435486
184354
310985
235003
244045
377798
653543
585640
970325
866097
879154
551728
13689
223498
325609
615068
614790
855013
391872
538534
976102
599291
148277
9309
807386
179340
592926
304534
256548
25863
800870
474012
595292
912999
885644
954762
459770
143077
691091
612915
321366
222885
508849
716582
797086
890225
963416
158487
535653
141718
69095
455309
485973
515596
819260
802970
431655
565398
359976
783731
515712
538372
693964
742291
982549
748723
505161
952924
919243
1161
942838
295199
927794
599190
76390
690080
583823
871178
983291
572411
912714
730872
435672
985679
280010
550232
694829
765223
475811
70704
37756
96623
208475
513946
859781
943050
876392
205564
197379
753425
768262
243601
575849
901324
187299
509106
953931
452302
84731
661957
110794
639800
457085
230742
306287
922715
408668
849281
607618
625139
334820
888351
468936
807956
491969
68856
728777
836946
124045
882466
412431
635378
802183
347674
577263
258781
612908
782894
421839
157995
646308
494437
87229
571983
325579
120179
104717
598354
687782
508921
938500
508514
546477
302472
518051
950893
673423
473865
767008
263380
743648
369487
806046
56078
179612
32496
368744
745539
937635
731703
793714
791097
401256
151517
487454
994828
802962
4441
692530
787248
729875
157630
909159
633358
260147
263644
303427
597933
245921
595020
327421
655937
923790
98962
925341
847956
960892
307185
137959
597634
584119
368183
105063
350564
180138
957974
668705
409914
716834
824892
916367
851002
453456
276991
774244
946857
391820
319730
750459
98461
862015
747008
816999
812470
892887
466848
258511
184474
19454
864588
769308
158314
534505
547851
381008
463894
125709
685023
425275
896071
639567
555023
385468
450840
700466
897764
184976
896794
943489
545365
248822
919462
751554
87425
806889
617701
351775
703135
983979
955516
803193
346179
271532
395071
152557
388172
6708
709385
472007
366323
954413
353441
166741
880320
749516
371829
465167
74485
495491
893825
578079
757690
133177
838077
915886
928482
454145
300566
591715
182417
983610
291729
147375
694852
630895
233350
57113
795883
397577
636126
623741
839175
942787
501953
565174
126822
347679
585189
836812
387807
539926
39879
250616
752232
561576
246879
20462
686939
415823
887052
522209
924556
335037
325255
926867
440766
43954
862830
156910
140673
613775
125118
708511
802589
375703
40487
500405
649826
983434
440630
663906
312281
438188
228075
606044
139342
825381
455620
104477
217775
677771
373947
225418
653211
151224
587682
135565
826831
700507
531759
376847
780597
553128
227565
690714
126148
679622
926615
880819
227535
969255
66695
362563
164026
711005
787914
241388
618165
361130
670650
233156
194312
329043
555
804204
390202
888333
358166
596280
146908
254829
839431
610954
881885
479239
866098
439757
790788
589751
830067
176228
773578
509562
51268
852538
360508
519502
697907
25142
659326
601900
313346
44274
385418
695411
557147
286534
833754
813028
510652
110562
920561
74866
301316
520600
854949
201152
525626
812526
549456
955195
746728
923907
820246
308335
29602
459818
446097
834903
739716
680886
237449
237003
857236
233725
652766
445792
229700
318496
750003
831953
106801
994477
110066
503131
591246
668851
101320
814660
475766
461246
87791
680820
884898
699211
396628
992717
651156
24837
568730
720565
248297
518191
572261
112935
957561
197898
24741
708322
187844
819648
281939
37852
185990
677528
639532
235845
435416
877933
934601
638570
526174
672599
25451
555927
901122
767342
238055
623904
27329
150923
966742
906808
829919
545127
553864
282434
130468
141943
442453
523049
188736
613749
435555
350308
644004
906199
281962
754323
624652
527252
501401
421597
438599
785977
634180
69361
128388
615676
473346
74868
208259
136685
399641
21187
626962
702596
750553
615431
419003
922273
5226
824392
268225
669899
852602
223425
731677
274422
376998
18238
842655
752488
352117
794878
723765
830880
766926
323996
5369
667948
299989
91805
537565
472116
433865
378783
12722
22946
338477
787361
147818
450287
71169
32899
397807
102828
530765
491880
670146
624705
199754
653155
458902
331850
957367
449561
151681
675426
137058
259361
208377
771846
564863
402294
674988
376032
643048
167420
712758
513533
448264
677726
219256
856074
231108
388492
366713
885319
355604
907232
735793
768211
241143
273863
811639
896974
862123
955903
194986
110798
461327
454102
453770
76790
487884
779027
873145
638067
593314
788598
235965
953314
742756
271785
523067
492340
143205
884514
15036
262385
692047
751406
861478
928245
971522
889709
84029
490180
283733
747163
629216
935311
362866
982687
469554
868387
152823
501555
869311
593566
804305
881077
807915
552276
116609
967243
110477
251480
859421
513704
241540
703244
549584
607751
737836
183642
120733
519656
492722
386143
504055
569452
862623
301084
597203
721652
760814
189476
908020
776629
837991
391987
361924
760796
77494
964726
796265
513907
226476
151220
884998
970300
313634
851272
71044
528538
160235
794068
762470
957865
544089
184305
291732
315919
26192
499032
119901
411784
899302
648985
533415
410055
474546
403459
895205
198004
974067
117512
25182
901922
648796
585389
878640
855916
661966
666791
920146
350838
563462
460710
950785
268570
370954
575768
515065
208797
937481
906849
174366
303727
930370
702486
351838
869363
103288
496888
626559
193201
655276
679286
102793
739764
332123
948093
644048
715981
318473
984157
556164
669020
139835
727367
820455
389617
907793
576563
380536
391329
608754
517110
280079
215495
564122
27786
319359
713267
161979
557094
508995
774160
358656
835023
142570
893565
99149
488452
591595
728041
53810
668475
523056
316068
693055
662830
258001
213668
110309
76213
567681
112185
981372
129952
23206
484489
551322
923510
862097
142605
361129
131958
653251
52635
363878
684077
803743
529342
802883
393209
530068
267605
384780
164359
98698
233911
642714
291398
246528
52294
418873
697546
198944
59352
36962
189326
59205
619699
790385
276655
859185
451443
252987
19690
566384
290941
468950
582955
573095
250638
550863
674588
574748
36544
382021
149689
432721
430628
218408
255640
612620
576540
193856
275848
208674
207666
997676
525334
658720
558368
848054
187807
864426
536737
789649
768304
359369
428027
428172
150275
785710
656582
909942
769895
847402
23435
331327
355509
49740
192699
89212
719569
422331
194871
457205
432311
808339
285561
674328
737028
500931
259045
241163
6448
563884
97655
281177
241315
396285
486820
74879
259817
229024
397167
215589
193327
457447
230609
597520
872827
340618
9744
67178
648502
960965
54158
472832
106370
190799
406158
179666
37956
905418
362471
725216
903105
272417
580813
285753
92797
433598
989685
332886
359563
70853
922968
248083
532646
367974
389863
392597
300090
226933
593278
521259
453899
901531
189017
634978
52312
255799
950465
661402
806461
909091
612698
601622
375153
950387
37028
908218
953130
169764
830190
300193
951912
900188
68098
673679
887013
607822
42396
509649
158809
56357
813925
782493
118361
763129
106611
441237
189306
624732
113575
581351
66071
974564
51666
396847
291267
903182
402726
979451
814880
5685
324201
576542
651102
233958
365352
150826
140303
819097
9377
62252
808426
403757
826085
549895
344984
513313
503048
65036
107865
452943
393933
882637
950285
704760
743610
700708
511267
820288
804799
12387
783873
939274
695950
527877
288508
735048
184802
346695
638294
705439
546199
245855
162572
264911
437160
739720
976777
425718
677781
277952
349251
738061
724667
666588
454203
667426
70604
709118
624254
225503
76807
105897
432654
122324
432606
709855
726097
259350
907219
139115
157578
177779
430785
91834
610709
957646
281846
671533
730587
998099
455904
774676
175280
386186
119470
221919
401936
231772
679608
518192
730742
900715
317181
682163
440897
68236
946356
421061
138037
605952
611796
836189
488401
177450
544564
37519
466861
351316
395815
544083
910478
897786
593455
668198
991023
20384
792356
673971
965012
598395
690900
349689
273108
19027
176616
236486
115271
704452
897324
521009
557426
80014
99142
309804
919064
801113
131318
322219
497019
454598
465619
409542
8146
515962
337863
93507
774103
697953
352892
511514
971193
706945
193594
91440
198460
311640
478972
53896
158854
947294
220177
610106
414168
396185
684614
363940
626156
100415
748484
268179
57159
974217
868206
874059
496973
115562
835310
374056
830514
927480
786412
354524
509462
316754
92771
892653
751302
86349
324132
475500
174780
437835
28144
811440
914087
347696
347434
976637
408420
168108
425677
28503
561771
353646
167874
307463
376360
14420
301597
10274
160401
777160
850623
367988
601131
345416
254241
72406
151576
662223
463846
620011
218611
328111
603254
47019
532050
569602
755863
523335
104641
519720
588724
403006
626772
738419
901785
297444
52409
413214
600928
912297
49593
976281
568471
152672
964160
314110
271011
564599
331140
189531
850283
530721
699632
75951
879076
867562
672241
313447
747696
302380
827370
742907
952032
998276
135208
655555
887043
255603
595077
188099
302023
8240
510865
71759
365662
942562
939598
293441
799333
275565
767942
437034
817051
539421
108684
165277
25441
935531
573488
582689
881190
545691
470827
516936
673346
393999
227437
866951
420774
705899
849210
286514
818590
880878
41805
188245
2898
797759
752095
536386
400744
315491
288877
466467
286632
962607
838398
238619
948005
695580
235416
39808
686490
677312
377102
476839
149462
467230
424463
592139
229718
517072
856156
130483
210660
785585
727321
537255
451600
26883
418083
290809
211323
316010
31178
272597
840635
83316
407272
371491
826821
259196
858846
407240
562009
835335
401580
853501
663128
884608
176109
348352
158782
632280
543251
901745
741500
622420
232482
859291
828039
749402
588097
839752
161872
348440
315544
93538
965000
122086
375583
395219
837854
914487
208401
932010
56500
511075
420010
89378
831114
641143
301457
463636
264947
432234
841616
821890
946976
851450
67708
543603
46384
751941
234685
801162
912393
757475
727498
711624
645383
102424
23632
911132
95923
620639
234668
904388
847233
551340
496683
935595
540739
921759
468379
939348
185778
936668
809137
765573
561821
488611
103134
154481
636370
546342
641946
759740
53161
862235
380687
694371
514299
555871
822597
784288
891689
66264
772330
831917
180944
78372
317649
783656
870932
290577
774412
13880
251472
596039
692301
597566
537121
432471
828702
782878
153210
900544
242990
972724
498730
809594
632750
894310
765447
825454
590304
774330
964691
233767
237602
88230
359018
447413
401883
26382
46826
957300
214765
676749
560522
862102
456881
632033
970312
559476
441349
230035
307193
281947
479403
325525
334101
703253
354730
672690
639526
54379
421205
471381
886270
383
105038
797397
91977
33663
780992
696674
538628
362061
321006
783765
330860
416271
924701
543797
605416
498050
257204
519038
498888
942103
117150
784116
785363
433535
584302
138747
842535
39489
465837
44238
430208
189842
529694
113402
826313
896811
586825
744713
376990
414208
918794
957375
919914
173167
409807
822233
99637
651499
260560
878373
251128
284366
74365
969754
198339
564155
203341
462859
890449
106839
166743
892522
193728
745335
728253
507580
111521
925832
914261
469599
491402
448146
206328
487040
548993
799116
518722
532703
571927
962310
332566
903618
785914
726525
458198
458210
612026
983941
2333
524407
751333
559714
608119
598755
993960
158142
836513
806711
869121
889606
890875
215122
552393
352338
50474
198230
976297
254416
327402
236120
85995
119607
727080
851155
71720
206572
953898
138275
166682
436872
567850
389530
273098
377772
253436
795156
60424
901034
204869
618291
647038
135581
949543
459310
573160
600653
728202
894505
351804
468169
385162
174248
99990
725478
221912
25718
586709
300141
394167
249038
968415
1601
443000
200857
286890
482741
491678
238415
872248
663193
665756
28781
412740
321349
606226
595937
479160
407824
640719
843915
48748
396896
923724
511753
297492
280965
319342
581432
30268
184639
435114
635085
871050
777249
792848
82085
416000
121595
409087
878337
436886
527539
561587
661397
802374
821468
377624
618993
240411
240160
229020
840129
757852
39484
945224
468926
636147
964553
818917
938582
529462
905781
354310
864614
656915
465044
446081
423938
584084
289719
247280
892816
463903
229976
810326
924686
672282
542571
216682
600427
391809
618447
281464
91651
461195
951198
675256
659444
23804
337425
887082
154243
106950
349982
43810
911933
599619
446064
810056
968719
349357
294015
176359
429556
882512
739388
244901
294465
574153
985053
518508
797749
747043
985097
143331
991652
926682
651115
52879
593690
10577
152921
434759
528756
992010
909912
691321
604535
316915
200208
371557
237465
176146
6112
436408
384927
186577
176079
656663
526956
748847
288980
604043
870496
166506
690704
739297
788113
989616
689801
72578
568995
679216
133889
981483
863511
493264
144288
271187
272572
500901
171600
380937
96190
986700
687411
734858
174774
256580
137726
896084
669379
346365
444083
347885
759864
440369
824651
819584
509052
244487
463634
106549
480062
135046
167577
408625
991860
719149
163934
102893
668009
224606
860239
890819
554892
65087
533290
944536
441550
105799
810325
337581
202467
362951
53116
959763
957190
634194
462645
385386
579397
830014
621621
655296
288795
301519
497764
818934
849050
424572
322765
513009
633241
718812
428533
90334
23723
21437
288200
191308
590576
127974
691842
632082
304637
748429
529974
588202
731814
841920
38535
35891
471835
750846
260171
112797
262135
773548
384301
166995
353557
121055
788354
310976
197289
21152
119953
86468
698205
613109
745949
488310
303850
176212
591948
650089
335777
623183
517149
485127
928949
540198
17981
24808
115689
641622
287436
831315
45793
633733
77105
438272
892655
943350
555780
565577
676684
827333
156769
49601
777585
834794
735960
118097
528991
366318
147401
609198
875810
508461
948368
505579
929489
430843
658822
873103
938472
404559
989398
791041
567860
361796
642876
954191
855764
836049
168156
835276
345955
709243
993104
330269
176624
563909
637352
436624
660362
565872
252098
2739
440915
698029
88394
25762
777350
135362
573640
187183
845716
714745
156649
601510
713660
528019
331660
926921
766912
677483
792857
553836
708795
931679
850163
508678
575515
761638
179821
221626
526267
434251
236419
99105
802499
401394
800704
887218
280255
142889
359212
235564
746708
797556
448542
17891
277224
296620
492886
699201
40302
570277
366216
536403
549235
443539
779629
774351
341912
358902
689159
314362
525210
534497
897200
245051
652903
372818
804809
364535
484412
660729
738899
803961
559429
226822
91498
433952
811826
112482
248246
189885
825310
386950
961734
658774
797714
847564
708482
593881
453851
253956
286932
778115
64803
887328
690114
873211
555136
663078
370738
943805
263359
392127
490867
681913
400070
356238
242432
90756
869130
759290
451279
32106
432080
667630
581280
61126
658448
780181
834007
799322
222478
583773
824565
37926
214111
236002
769388
648185
308427
226087
49173
306629
289769
395687
392842
239600
286032
887841
708737
211430
690923
739219
290016
542970
443433
912877
341917
320306
225748
552938
540220
700795
686384
710980
998
538886
944320
262472
316066
825500
969151
511273
547513
467768
651682
578812
925379
67025
525887
525493
463602
368174
433346
469148
983628
196887
320699
264498
295161
570029
316559
866646
868619
376506
782970
347389
455742
508052
323430
427475
38776
47735
619597
903998
493394
144625
758873
876229
652270
859516
505610
53524
870104
262091
523246
795336
212040
756181
68293
616575
393699
960599
859455
247200
752780
238722
157272
338785
271636
815250
102771
632228
691783
673180
592459
289664
301507
303018
737697
187053
13482
452041
622195
89837
20452
510214
214789
998814
3216
386920
158088
405223
230879
84519
812732
563070
926056
799269
641719
652346
620638
332029
12964
299853
718096
104938
381388
315732
614236
63955
410917
69206
864155
502465
811757
451874
199599
30214
189719
744159
209570
624162
194308
698500
151279
102205
858629
251842
380904
257203
296685
933644
665143
57914
693416
448541
217010
36938
536113
487787
376977
435691
893170
102663
913858
346209
545415
371530
580627
480621
549980
284549
300100
789910
731137
422925
665935
196406
95375
931765
384696
864893
382586
206141
915924
898099
274081
386928
951090
712834
550407
367301
438971
243656
827129
928481
809554
664366
724551
852719
108515
547054
355696
107858
183006
285197
324538
486986
582214
87562
205572
860120
945848
682362
834066
827851
338010
76475
633039
468749
519250
548576
566949
198730
947916
284907
632948
943915
923216
965093
625972
40467
198084
522999
855840
569989
341271
280422
244555
379608
931575
968382
651744
160561
90020
19971
388991
908831
11947
472586
568869
126212
950842
71571
260830
283571
311709
232636
799408
823626
763454
540732
919957
481564
452650
84503
723213
862514
162527
681360
717583
821910
786182
13215
687575
378949
404819
952397
120445
971642
514932
915629
126091
830075
175125
310449
149816
766494
403413
831258
516433
174122
216137
197373
658445
801168
645471
973458
144111
28462
616830
798995
82705
9340
167860
99070
672094
815606
194503
333972
14497
424017
917580
194968
222212
846435
192412
172187
660369
501352
197772
908834
882755
601856
78664
367504
541293
151370
356449
265004
342689
477290
25114
794048
569816
390899
552127
775182
562508
79974
316786
661835
539526
237871
481071
455610
465970
871785
121985
611714
972684
628889
687232
897533
883952
113083
432210
800183
531267
845739
663464
68354
229944
330989
679229
377845
467859
988324
816987
218807
420789
175876
455498
294845
3293
436499
105937
698640
473550
683898
580276
69770
60317
504909
929681
315230
982551
717204
308837
752862
176817
244524
365668
84847
944804
837856
380714
826386
230003
166593
225208
529056
551759
679872
960696
743971
379108
435787
496323
409516
726034
591403
708706
317487
949556
490989
217815
567129
942535
487481
523217
35116
414487
311983
568484
325717
2166
72645
96321
753414
927996
374961
924404
304544
475016
647319
710058
598070
11239
239734
918195
661501
862203
20227
737032
819380
177368
788038
476909
511280
942985
432324
58617
588720
564097
189711
713529
664849
958996
855869
360674
863334
832659
221973
160145
266290
230881
536537
205022
949388
999162
849677
57452
555146
946078
45406
272169
779632
934383
86005
705571
723672
223237
565828
304515
760111
904773
987201
151442
384860
10848
12293
375355
556174
616248
822342
31244
522069
864652
983560
531340
706816
294536
225022
726916
684088
420361
132547
275329
612010
419064
520813
941816
529715
858035
81425
406853
119890
562627
241561
849815
270639
303351
260581
962951
381120
758686
877658
29200
952585
922732
243326
746867
353638
593738
780612
388872
409963
939326
917858
285433
116355
527339
749773
21678
356365
875340
858289
663032
103731
477673
383315
423405
272593
564436
600266
793605
313477
226106
869558
2529
137152
622498
757956
931815
389478
80398
821435
224511
184208
197463
778063
533239
960826
149410
13658
837911
628236
787119
85442
983655
718358
852451
804297
58378
202758
357693
928934
505974
617123
697497
857319
85503
339463
807612
697260
780516
684066
188837
762115
480073
277777
237359
376711
202391
573018
605493
823993
642206
408137
138618
828625
325020
967244
532312
430348
791831
374148
483705
961132
863139
59432
538305
161239
947015
476851
79388
586182
600200
265788
565774
779386
533620
714723
305745
32183
237805
349328
667321
496918
299995
988950
827932
982771
15918
217778
382909
987329
717926
961359
369438
769711
882390
380698
875196
523663
373128
181580
651763
922038
972431
420350
1050
968921
259663
73135
751509
891568
766124
839662
567337
428819
50873
549179
848335
328692
592205
681986
286457
726145
12863
802243
552258
106260
254949
866190
412876
790561
295372
334468
446162
680589
90849
982331
54387
432754
639299
536770
417657
195933
443124
694230
80299
52752
840452
751640
652458
84447
384925
533403
597155
540369
670397
414047
62759
944613
36001
410580
433034
349927
769291
315619
782727
172749
892710
507189
904725
435919
966985
84224
154463
86938
421831
405289
935421
796524
125810
909101
322334
880244
999326
775495
64398
519366
398920
798275
895273
79902
532143
311353
653197
647528
500737
171392
359702
316324
94254
391004
611258
834626
611543
983725
794349
194390
725044
935723
407590
560858
33755
338256
680786
505524
455118
349723
879011
407058
638844
592433
259587
296627
669629
949907
327165
243904
623100
895285
190013
226963
748351
988207
864151
347560
169831
257854
171490
227904
382416
121470
507141
966775
107990
220538
545402
484687
900768
212735
533105
310132
973395
542488
485334
568094
616357
864250
378414
543748
450024
724949
543003
891704
202797
325103
462271
323069
117951
59723
43936
413036
808197
110036
35779
3703
408382
613031
248139
229916
143587
478093
813946
505829
833853
716793
695345
228716
105913
825959
438446
662991
784306
213361
899223
754892
897839
560510
112126
811104
696592
623062
782240
13086
205327
450448
644797
225664
445704
920463
942677
143852
225799
793751
390710
907527
324948
142242
614155
878449
120931
197801
482245
714215
751619
480251
624809
896690
37526
921413
62799
811810
281651
494779
468232
191485
47183
199708
838846
464043
39105
994355
222714
560138
48966
466762
414845
787360
597160
985006
344081
926721
492591
323840
343431
577742
196412
283812
195122
640820
560193
563137
674260
5376
179985
280557
369183
254405
413877
626966
682509
510029
435267
339771
800344
313838
433820
427731
632731
560227
426843
832745
571031
603288
501218
544490
138732
750042
46423
975378
809644
516737
387775
121384
270254
291134
869484
994175
862444
880311
781225
651165
480402
117535
50359
198740
160635
837990
297975
963257
702722
664373
759688
290531
994654
956060
876075
822484
540701
404021
209086
154198
582645
590349
736438
959009
520235
972801
27931
978877
912991
122191
834348
571341
732363
118275
171597
645318
637985
298593
221251
835492
433432
742126
889171
216207
586392
910222
905998
21586
804031
728196
18722
157488
540108
770149
687913
904661
946615
162182
924878
248900
933577
238296
210092
35325
840807
801081
405090
899485
144386
112918
576121
28180
627477
956901
184926
358849
286305
171248
61596
507652
175995
816061
862410
736925
426892
317357
19702
215288
723621
716366
356424
579817
210896
466315
134792
442469
710856
353264
978750
242944
468365
532950
563627
674035
418572
268728
565100
815110
629499
576448
29272
72525
369558
532908
833351
435087
300262
828889
668066
40544
720431
980660
967311
807543
900212
375827
822762
409325
702775
869699
974898
323887
989984
436684
322390
103309
248336
627904
946302
140307
138212
516118
327280
320708
534221
475485
6666
836118
279598
998019
265300
92155
262601
334382
376006
71059
876325
726036
3506
695679
458888
628045
257298
306096
568825
430157
280905
906729
642899
548441
654244
47479
924959
23969
829367
312703
891020
268114
357843
84313
658264
323199
790791
170066
751422
786145
495808
299912
872486
990977
163956
708350
467663
899433
637328
754876
363051
753053
776277
99774
106105
461934
88583
167241
764552
425231
745753
548424
747625
243738
920714
354764
304961
231710
485176
379235
247654
303160
396038
434531
603682
363365
206611
817676
337282
301568
50427
392430
964594
415399
431691
252522
813627
762837
891670
648434
333661
200781
528926
189867
573903
104910
876523
120101
361691
995728
813667
73004
819886
874894
985437
495235
478929
57174
618139
477503
80354
739326
185907
533480
977804
856464
452105
191186
590586
253578
900054
966754
327941
879673
331840
126180
530491
569505
519651
626342
188989
377622
887487
136788
866334
168109
341460
24610
50177
631495
816065
240126
654285
117732
156759
513949
97925
222310
576093
782933
331418
379199
100162
645190
405320
957493
976974
63219
190062
574710
503440
897432
465604
104072
243652
983882
445562
97128
449765
308116
603649
344431
694582
823369
310423
197519
918316
415422
878854
203412
629314
417403
560583
960995
614877
469073
910424
258131
83905
649493
437889
495147
330494
967174
697412
823703
500169
990217
447607
298486
395264
554018
310005
667954
326021
336560
652285
48431
564205
881619
314263
301526
415783
678761
555971
380917
724291
368413
348371
908660
778589
5539
188006
635505
716833
544373
500927
707382
448017
150319
47719
772683
879051
213901
279920
546117
329344
961902
895230
538209
449930
793262
712152
465609
583533
131039
407565
768851
227872
335634
422040
563507
255113
380680
364419
397510
433742
79526
84861
853902
167680
138177
715357
835007
761162
356395
653799
137702
674843
880191
948597
259481
677550
937358
645848
293292
586601
587660
106709
441814
337035
953981
993947
42932
207748
529124
787550
96894
843715
789535
661647
906304
734832
589160
916826
400090
250859
73960
596866
177639
934688
746249
399924
219492
196977
407317
749793
999612
168554
952800
410376
60713
795331
708699
901294
343397
368094
943344
728405
89962
396452
297504
523076
380688
262310
784943
332170
845130
614643
345151
560395
213523
227944
487391
84934
821871
865411
745809
907007
507117
612946
435418
220942
897286
147198
398196
469171
680569
556598
831395
833329
106894
11569
806382
918892
689002
505832
62707
265974
599380
855291
278609
754188
235221
6213
689685
5132
983467
706655
64331
610482
63111
108322
7491
410286
6496
252479
610220
629852
145213
913883
345143
553068
816035
264822
49398
94703
995798
892855
748573
529838
235389
957827
634592
700109
133627
460097
331041
311237
487198
540401
284311
561189
936024
832620
33838
534589
220061
433195
591517
963758
599945
172116
357238
664971
962414
44139
550490
437468
190377
297084
463929
278556
277725
62913
784421
903761
805089
369956
440426
454614
786598
750270
549748
893873
877871
139168
7434
701009
677022
665612
336217
262014
733700
139049
421706
181607
403009
279609
870450
935264
598765
901808
962630
71805
229809
170401
798625
914549
234953
696306
397664
197513
596277
219046
363765
510468
832469
212907
334960
181627
381968
175505
562489
667442
431839
142813
497919
791863
537149
985340
229013
530503
361437
594973
533065
964870
997089
567912
987593
327630
84019
523474
249769
657575
240442
142472
112687
899163
141705
424791
637194
690389
737382
868689
581669
228378
215161
911422
461914
635467
610534
473643
825216
202149
126909
653674
648868
259291
552478
66712
904055
957844
893193
403520
155539
412778
409353
294284
590520
288931
199546
469762
80281
951373
550139
260515
2309
427214
470616
885955
901181
836660
328347
921626
227594
736647
557078
569606
764254
954436
478176
610028
18357
2299
337142
351965
578484
187995
964682
932306
992797
14858
93945
698547
601863
184624
294614
319807
468840
863132
902797
810405
303167
906730
947727
411695
227400
875697
835599
408824
630761
318451
245265
565127
212835
916621
651708
298435
865010
631772
22737
765613
456338
11776
32036
149673
922804
933473
573006
888424
330051
12805
371656
112397
722066
734187
909026
670429
583539
170420
11894
552680
457250
337878
958109
488895
124320
381698
10220
339547
227241
170549
712526
86302
444205
168586
237923
855174
891821
822938
784404
564866
866760
800707
1077
984280
228599
42785
46722
586586
664020
795968
486120
908937
471088
559025
64926
471118
956950
869298
978008
114290
870355
79819
532021
538729
94125
100748
736120
233290
704454
293804
441265
73137
859433
989520
83596
35590
248523
480924
742505
881522
504831
762669
299478
903823
405322
559720
686345
284161
998859
314734
806634
505223
284043
833934
641091
186647
930269
278139
593932
84215
111236
457152
726887
413387
158012
301058
983691
315524
861225
962023
79058
371639
704154
634295
645893
286496
831918
8477
175430
885599
184906
813018
807450
894898
111612
865165
620312
232696
798311
391124
382202
214061
833552
323850
541062
381223
764019
585562
65842
151814
198927
44772
718010
59030
48518
651665
319138
192742
361398
284952
529938
689847
79805
590030
286049
252226
827429
108674
821945
236744
162110
201413
579363
261061
217372
186277
607977
126699
613002
133140
202787
668157
146078
985477
953041
131524
570999
862470
224218
216952
396575
876542
211907
547946
145491
664978
695540
699403
847296
500742
859022
322951
637505
851576
131079
67032
602134
747088
362042
63996
402920
160716
176775
941520
74493
364177
17411
836064
719772
158395
658241
614797
667350
560282
202419
203459
258691
23996
851787
648363
919273
157040
845390
134084
837688
921138
405731
133845
290237
449999
30277
772481
91499
611830
927025
765785
736565
401030
656089
3076
123915
532820
137026
185011
525416
197487
470980
260899
581491
256045
68703
354985
669378
46184
757664
79425
332109
873142
47903
767156
770616
434508
371537
95944
149329
399067
25515
622608
19444
789862
499605
868941
80438
94914
79954
523537
431308
483607
387697
122233
757972
350355
564035
236553
747765
47714
75155
205434
855349
108116
385228
278079
387558
116854
222114
757763
242344
111193
684098
373727
646363
665335
878471
960909
980552
772428
388028
580078
167538
342117
742218
195691
414089
16685
805202
55745
756106
367276
621656
750307
578990
830298
697773
588174
598444
287439
713053
493148
226426
357168
234771
343571
396553
837290
186307
781601
203287
777533
360840
572442
993093
775752
172150
731447
26327
601722
207033
503234
278612
739264
900355
955545
829742
329958
439044
611615
603351
477205
971953
431302
546302
260632
559003
682557
513944
454879
223622
192027
387704
431636
257294
980755
606849
416078
874583
924707
931313
979665
833671
173992
483436
477351
308168
893103
658553
41096
444392
711394
534677
116961
202449
253816
649931
319747
186701
526197
962793
269435
426930
752827
937152
93372
271492
647720
543851
84656
486308
648184
361162
10796
535851
81053
359317
745950
95288
45233
722585
558082
29333
217696
8075
356128
992477
666436
245693
778461
824423
442871
259414
976561
773600
170061
557431
863561
394793
634010
231969
558987
230518
847819
802496
318850
655932
763242
729348
451908
532749
423982
608764
376308
169038
712172
389401
241796
826298
652806
941597
288115
414278
515325
207697
952984
519928
129362
20896
60992
20382
457228
323557
34934
170802
557314
611329
836023
811641
878493
833959
560105
966750
439217
862838
447025
735586
159269
499007
50580
874519
735028
310847
465629
87091
186228
543216
31251
468908
24705
918338
612453
814018
776223
469556
202274
270713
889710
410803
185006
897112
989576
377711
378385
813397
958267
823838
109641
658513
948288
522872
265330
443604
289395
411337
847601
178957
516484
389880
695108
279807
329013
689339
162005
712548
458434
783972
835631
244605
523195
611824
257214
275389
271154
952222
358214
66645
680461
725279
495510
954937
835521
333946
219140
868801
537033
901668
22378
75144
965264
994911
165761
868642
431565
697972
760352
854812
667207
993464
423384
642694
235542
724412
691359
250746
753412
290778
558843
609086
723416
636903
879851
657515
460552
510354
94560
708801
812120
471555
743713
893341
381817
954721
710383
236259
413720
50276
106619
694527
332856
464960
114150
138983
658634
167366
132992
510253
793146
367560
312779
926733
501102
96943
602883
397911
394688
694795
248885
277432
547587
758798
125553
45776
581106
605648
631358
273381
944434
180048
102110
194128
640868
396540
940333
250643
743058
741759
144810
529629
873538
746325
821130
852530
174456
172140
818661
872695
806793
117088
474561
295876
712368
917704
133654
126630
599
892764
290771
770232
773644
489590
973115
567539
450633
500242
264468
201377
688609
968615
390188
880362
505903
153876
158699
102525
246529
817744
253031
241398
282912
775079
593814
249173
233685
149819
970128
791503
673892
855463
750072
146777
76735
180599
440879
341622
93228
127636
66768
572834
611490
749652
26999
192110
423999
352809
224803
783021
212512
423828
620370
595832
309292
233577
221730
877084
600281
26622
603033
934740
31442
696791
35783
460280
744708
90615
495777
539151
367972
899602
755169
401659
480849
418187
365016
421327
71716
717669
345639
862563
703811
137299
261593
663547
410573
321766
998058
168430
267327
143927
501894
966813
867926
120466
989197
465254
221645
560130
900778
435574
660268
518016
827070
191923
656081
316564
49357
840460
947259
305516
742018
790541
464339
985246
39214
255843
262955
41666
617336
595474
975130
13592
377704
391874
185717
367953
720461
920143
38558
552993
446613
569400
878712
952492
410164
648293
892228
850276
404475
164721
546403
764154
524935
308118
294219
874353
5629
787138
381538
118942
631298
225301
70206
299168
695161
467582
693619
42412
694657
327220
805114
578930
355436
23806
493397
267027
819038
818673
131947
536356
682908
165972
997983
583502
14050
401461
165042
882895
942724
480258
268723
262203
158111
163913
105072
515290
395695
856389
40733
180097
54107
607273
147562
22470
120583
190506
265517
699331
73501
349172
250967
128314
855355
757308
617148
17611
85187
12229
54119
387251
97911
756769
439484
764366
265046
819353
836476
199234
577801
795450
355123
599152
32837
187851
585733
671884
976446
836038
304232
488772
657738
546992
438477
813919
1153
676678
490851
403994
3781
984730
630182
667214
617932
37203
336595
927896
345646
102551
244698
36915
987546
564176
618167
816458
243052
339819
522541
106616
882358
173609
148182
706195
583883
818380
668377
583872
523042
40262
974305
504499
40245
914353
863684
880175
890546
11806
241872
673923
495885
461644
648124
663106
826047
288847
674830
719140
465030
294810
625899
65212
251334
355585
466010
642661
402054
952983
935894
343084
960512
552707
319977
697559
995038
227890
567925
85788
97440
228124
45835
919427
855455
998179
516521
984447
871393
179114
417919
707833
725672
76444
822213
832505
26907
717699
414482
36508
357601
861471
885753
876624
387085
304976
369457
657824
318527
727528
277315
471777
348299
60513
12165
274462
863105
861176
296412
119309
255944
935022
491319
793022
194144
341029
99881
105850
496116
741110
688633
858933
556220
340195
428974
988624
100652
427920
162919
16527
213226
264743
755181
251343
941210
301829
10595
507097
428322
73617
97411
560133
952400
627926
909895
619953
512366
233502
972339
942526
164380
78994
578204
412623
374042
844749
412467
750183
255780
656204
242300
761854
518504
979043
648625
416387
813544
512268
485616
254450
512739
817145
399609
460814
577435
903918
81880
894247
890605
917887
257018
750432
278567
894295
55793
763726
980335
159538
120137
630362
513037
329398
719920
474861
449609
731129
954185
249902
354970
258350
786610
253569
204788
426922
373291
281955
628724
302201
480274
845420
60155
53099
641979
98673
682839
315223
463363
816651
81121
781565
778086
103153
722015
404841
167469
836455
882650
735937
486047
765479
731775
933876
920616
947110
142079
337162
772149
492348
285120
568551
392206
965063
712801
65196
253526
564971
413101
211563
574202
582728
825876
62943
19508
530173
324516
227024
714612
232749
340904
65944
20464
943186
499455
670613
636368
289815
930609
30322
130329
228891
807872
255088
898339
25338
754888
296855
726132
872330
533210
852595
55333
902520
298617
927752
683190
106449
434767
978565
134595
755196
481541
966863
609683
454148
371173
333385
105112
67985
762985
864410
491468
30846
993904
803049
553661
430098
289677
129192
365735
550924
18277
827664
612473
126355
702809
575966
635829
486671
170815
514772
273447
386052
658840
471194
688146
443411
986924
38762
645111
898124
742166
567190
859246
973800
171829
581982
436471
8948
170851
950791
168
66511
517606
371846
373313
572862
808082
670325
649866
489408
269116
257223
690461
536363
422469
4122
300987
688351
702208
110035
746051
402827
430647
787026
447779
281674
880284
280063
728114
348038
567921
722745
783602
89868
306273
364885
745477
191008
929561
86085
832242
588362
312133
974510
78942
700179
454877
809977
565708
470522
414250
542709
386156
407374
427143
504241
652714
924359
900467
985013
947349
111849
812595
224128
491716
63031
406627
193457
647366
997937
968238
636659
437640
406966
155238
687271
107574
748950
609745
557035
736542
572053
356778
730307
880845
93791
976081
888982
949769
37799
67007
663445
261338
679813
312094
168674
925820
579285
52671
165764
698095
719676
68286
223704
71273
945301
510592
762179
208961
51639
429798
563151
350968
810581
506918
510445
367252
714020
134015
506711
412675
500065
621557
32516
140272
295869
125465
919258
75759
458009
606670
774611
223784
738596
37394
77486
8179
988221
321619
352101
22227
209770
27468
392990
206388
762927
996549
852758
14237
111625
874608
376885
973481
765689
807540
763596
928109
692909
751299
556851
651087
853530
258081
596759
719713
532244
563397
915142
276514
734024
869871
29237
803925
117486
593181
772963
411774
265585
911
715250
319541
402894
714291
26108
496805
589972
890687
519796
952835
220531
467874
57465
24172
406308
114736
498602
97287
912172
793573
615552
824938
982239
813960
734990
569682
865889
920842
603552
828269
616712
861253
714863
858632
176065
551335
488490
299262
686745
42811
964761
831657
372509
618208
538142
224831
757256
946531
656232
818613
401726
990722
924289
243168
955206
572516
781900
401365
985459
960147
768780
422487
173920
486348
593375
364506
147243
842714
955557
651722
406761
826079
944042
771237
592217
23178
885921
458291
445210
866245
236986
156827
785997
461500
201376
655873
504359
770049
47994
710449
589033
531878
463503
329885
166346
144913
20098
669878
820320
546458
202760
204160
818777
381411
839147
229594
429816
827479
647027
609279
430212
757662
127189
632252
780050
98259
375938
562674
707286
534237
352071
78561
26311
124908
716262
544585
221334
10806
451866
898703
50845
28579
419021
166055
497633
729062
660955
952626
105370
224208
622564
20085
523375
413909
485917
796213
207183
282340
13439
49720
548068
297321
313996
585727
433992
499089
527003
467765
892534
78755
940108
710891
74430
952490
633574
693690
395710
740917
931193
928327
665418
863180
196142
434052
206695
408574
300439
531592
977529
76135
19692
650219
196480
989141
602860
19059
700001
10614
877175
790400
877834
282517
755207
603337
584328
779145
893553
857190
473366
553624
919773
206072
124592
419732
563410
385128
897927
736383
481431
869421
986519
572247
37657
919384
120293
486942
10262
55011
12669
884210
594365
926739
834322
455682
414593
269549
313644
37137
359736
574548
420183
951563
3392
967307
908206
9299
139542
171388
899706
654593
559933
665046
814781
625878
579892
414406
754986
486182
313826
956781
567482
993620
90719
82629
399974
793667
215935
241228
451572
966641
752249
521854
322531
946510
230399
37814
316430
692289
631171
584229
554516
329070
550057
578285
387524
63847
380037
52182
526350
52866
718116
212688
491134
584795
894586
891533
778520
156964
137823
905261
389986
746178
699688
155279
805845
196184
987041
607710
806671
240758
186659
435040
401914
91912
553018
532590
148014
581509
458884
281458
442044
938102
728240
89722
75141
942442
7648
853785
338653
501286
192250
69671
94979
596892
886769
571371
611677
30012
517421
736313
529926
174207
140331
808420
818016
829723
38187
920618
284660
387247
25931
338768
905499
715643
794377
783774
680299
249142
341893
76470
32903
632551
399055
679746
960794
495294
437634
789718
876691
433388
114111
590230
101965
914118
602803
858147
562744
114195
541153
622007
30751
89810
356959
595095
20435
888819
116287
247620
43841
938310
58954
745564
296465
716667
730787
927689
377108
716741
535962
251383
325064
870806
44603
185328
40902
307742
965301
127330
114127
157942
913201
556603
566105
634511
597621
37169
853824
995380
443342
158324
118619
414218
61784
46476
459158
680788
910124
875566
168841
349815
428358
819852
157162
853423
437924
983002
945220
761115
636803
500412
237323
528792
714138
661001
273193
303726
43914
690172
993732
469764
106811
664393
322393
776203
720636
885211
715455
456995
329517
654064
82141
763754
870255
721431
620082
503395
463179
188789
379638
851057
461143
761790
79021
152264
871179
765866
212418
486023
643266
577249
295742
460603
776505
183040
782408
668254
230298
671156
262948
411423
22405
492699
531039
856867
920049
974938
221624
318966
769119
452761
134148
530233
881374
728916
679803
293129
505860
65960
70458
754013
40923
823619
390179
100932
777212
652705
10040
498049
373747
828972
686453
44089
517399
288113
46218
46821
719809
208649
496309
415195
48844
522958
551984
266417
868901
270774
97991
907523
570450
97848
796882
490150
279168
175400
987420
251369
751222
633671
751856
676932
17097
330927
412316
799649
425434
351114
24943
576416
397967
2707
623527
775375
209382
765116
350975
438704
452918
279733
146727
504290
22278
648733
136210
161069
375250
92201
574115
613986
920962
837212
94713
586789
709656
941312
85102
964452
741138
869658
280802
601132
436573
568984
955826
762169
667832
843080
12166
75580
292710
134771
43970
519936
760151
475829
50532
757237
586153
393454
96571
288233
830350
887469
965999
995302
591837
289739
206082
159410
615597
497018
103520
819790
73425
863046
543089
771083
522559
120934
409379
486705
561910
78611
862769
167671
616496
516549
171418
550849
659813
877527
270386
584355
232581
784878
730285
743306
749338
514464
653167
620833
96985
293957
31382
669901
129947
507094
624626
114470
940933
958366
875163
952276
808977
149053
671898
769401
44270
743045
1803
955768
254344
964213
801150
817890
152227
508534
154372
566557
667586
698509
790640
508515
31176
932434
472740
578693
48827
127293
966507
206257
651198
784405
693979
783923
240817
703031
542151
770828
575956
189120
749937
128596
20785
211266
84831
734344
50914
7241
771198
250046
252411
341970
426517
677265
613355
227397
630406
647882
749426
606035
29491
36553
582183
1466
234790
69179
733948
431946
75728
245866
491743
653432
122685
226743
128629
694052
140499
69560
857094
801701
123429
868792
339534
408426
592927
3375
907245
595488
333527
881413
119448
655166
240552
101982
970382
323231
689519
607110
943081
374960
239737
417638
35923
726731
339151
553418
576799
821356
737725
497215
394560
253538
573707
720752
501784
834249
218032
301722
123417
733619
615858
15508
80481
250151
284914
535897
984238
269035
917752
863168
270021
497882
54891
753099
413755
308723
13027
815860
34058
57663
659862
858803
519444
507105
158751
929072
28099
205879
579579
784610
853870
373856
841497
248438
467408
616530
768490
351328
583606
187820
335299
888349
355954
915035
115937
892722
970658
421830
845360
738508
602078
791122
290315
