658773
149208
52149
921026
730851
463419
620230
307876
73239
161718
454301
660993
913779
155027
569002
724784
300491
754133
240236
34305
893230
255770
811754
936763
183470
331496
788967
838986
287996
956276
920916
142243
621843
371689
61640
173657
710499
920751
360115
194522
232590
173616
77855
466033
643185
43678
191414
473071
532841
201993
968017
707260
188347
298571
936740
655953
277952
940015
269765
651914
17974
991662
499499
315004
823289
997871
778303
9820
749004
638926
915528
452833
447148
780892
178123
1267
452981
734334
931365
207305
152411
583451
869248
83312
130535
653812
788839
619704
126882
812351
3336
458743
173085
739586
450273
400767
794667
663390
519743
287382
855442
302297
257463
714076
490501
936988
824689
939361
743792
99624
829488
264657
531099
832823
659533
192468
627629
322955
933128
149133
855631
145011
792300
185125
242801
873486
7558
69783
637007
366008
700918
995498
647737
397171
20118
488574
338152
486490
821477
422807
247266
977728
43062
84652
893846
402212
529564
915424
945621
140926
315219
355570
257015
611219
57397
909831
987880
23850
572791
220923
642411
715991
434951
105842
765195
778528
682939
118840
924985
793069
112338
75645
440988
126036
390625
178392
664971
574262
712150
403822
560699
272214
993266
506460
78242
492794
975105
223707
821187
49942
640099
899363
615227
928481
780852
104665
988702
541084
932165
6018
132509
553986
677621
324406
126996
148067
221646
675253
540941
510685
309482
583186
876894
800253
292234
190428
327673
681047
530998
556547
777664
918643
700342
301558
445336
527108
616722
992631
136589
758194
356917
572341
917972
237131
268399
461008
15151
860314
264717
455707
295169
402508
723692
650340
288603
235316
270502
212945
285272
469822
273654
68554
81243
692614
572275
93932
837048
495962
521550
971112
340784
573968
421896
402600
157743
743445
828510
376807
106602
122563
895743
79813
168730
118544
588022
424298
81948
132601
559800
483958
507506
804501
347660
652639
115913
569222
488105
738592
941102
141219
373330
215811
249728
77882
942620
276158
130891
519438
329644
139880
96666
541341
48138
3762
162718
320091
88962
894495
692637
460437
475112
702261
689784
564884
390663
594711
393548
283850
942169
248983
477958
534313
439502
106129
436132
268641
208043
820425
648464
90195
910883
728614
379565
696812
829218
112015
121733
776376
230561
803996
252828
452284
209340
234566
687633
735836
23979
787050
870878
752230
200645
487
490004
586837
362045
240773
331662
110149
394513
701858
585049
211910
256669
804412
132933
572381
292902
193085
152780
22840
186208
400529
746253
366609
61475
407547
563357
216361
543307
144462
541636
741564
579030
257356
215402
170955
307166
538340
248807
676462
622995
975216
109083
788629
905962
137233
346949
981316
621736
99283
509939
793685
859261
320728
342620
142735
90672
24510
695607
117811
743443
241510
741489
237766
613222
758738
271175
153012
352969
947597
604091
358086
464285
987035
166017
956952
116273
277164
948601
757240
632652
499954
406920
767436
506268
392075
184364
59023
367601
121886
786414
401096
442107
372850
452616
852354
904629
872125
308850
992207
538486
275042
503226
99524
899439
764906
131183
686314
629664
461982
628417
441149
124577
587431
483632
184586
269640
562418
947792
321612
781538
595016
192378
687918
204285
632251
287975
262037
84162
219561
142148
737260
695726
64191
546482
669138
776705
953879
25477
67486
981880
806183
150190
91527
35358
410624
767303
368752
393436
443951
616471
678913
228287
160478
302542
561393
508224
99023
678418
656288
857563
627125
960479
965249
738814
668536
458092
374172
819081
712328
693682
882013
731789
587820
988960
793662
421012
556029
486288
507854
966761
895731
437616
505120
19606
766170
994452
560250
432950
124268
162425
780915
17992
69867
752009
184471
631624
477383
687490
420359
13118
284429
179739
323082
128313
883040
263617
532899
740682
63966
190956
464147
847711
781959
112703
736240
437571
332402
730745
637982
619461
50999
175433
575186
535006
179198
289261
231047
984940
87947
606580
914019
657174
898932
920731
998063
868490
564166
883649
918219
996074
500826
440341
328728
93638
314907
290998
28910
754857
280755
331616
610537
593324
523799
71803
282729
584511
851225
967426
639133
540216
748742
154750
983329
591750
970777
539175
635445
810208
251094
57826
206643
589150
438563
381995
893043
247048
227709
544724
210059
738625
631555
403306
157587
616577
881753
341844
806189
390472
781595
847791
885968
536702
627466
51736
545932
944059
204154
274221
130006
695569
589867
957882
742516
352694
77210
709322
950671
77461
262350
617123
446258
88978
256205
765379
263585
804959
653427
695198
924535
465077
335325
690369
193494
85028
528398
395988
389794
88679
278865
746677
933594
806984
224685
135196
877014
583341
338051
278821
244205
624215
933608
141736
786200
671671
684583
863127
899591
234807
952843
257412
314910
30711
652862
380012
82948
963325
27738
883986
940304
193055
17799
957404
918268
646116
710483
147938
640220
791066
612089
103838
32218
883188
512779
600647
543646
124417
219019
295864
72864
781305
489139
97221
881691
71298
798637
904978
74052
176389
407978
209384
175983
489145
817231
651228
519571
656286
861463
647304
492787
834460
214311
808691
493817
38886
832691
698329
470007
71922
253220
973282
90228
96527
349490
713237
773047
246114
494803
569391
789603
835656
364044
190559
539353
549552
3646
600591
888592
161140
807139
659584
599358
791069
302019
184927
417419
727153
948883
49473
257449
366298
505990
205725
805697
448533
215682
854871
834758
708902
720842
891451
245657
400886
508898
614842
602612
474428
888810
239092
655823
812245
836942
518225
758872
525317
837445
837642
523549
14326
792518
766181
958757
847195
714510
709681
571572
644295
124188
923512
675353
364762
622365
748654
182071
355407
330747
320456
800271
433555
881169
47660
804533
653722
92064
953927
873130
64112
612881
292245
805522
173795
340544
471697
512361
256997
354262
596285
311204
146185
179636
31340
128284
493585
303397
29438
481545
646411
649033
380579
748989
940870
634050
431767
995270
89250
63050
740962
504312
612817
899262
207281
403320
198431
567216
68422
184437
615006
611041
541614
930816
868136
43645
472457
5563
654129
438466
477104
573931
569425
249240
267165
577134
590275
741919
256009
958072
532656
582801
98007
97887
239758
211200
419719
693248
512603
679401
867585
566656
903984
630601
560753
707670
130309
337608
311389
12516
437622
29201
875174
55484
391287
881847
370839
696246
575972
366366
858792
380935
128026
171911
555940
927641
810709
147457
439689
393218
274080
753860
292390
117162
320972
317544
857552
49222
670160
845559
182017
325130
68715
15139
436308
173767
201530
33398
767568
61014
260430
969977
748499
621184
470049
784825
180038
299879
946219
457204
729563
664353
541603
213090
483349
954906
700851
641391
152535
514579
14458
488597
577850
750194
493251
51227
380621
497917
605785
558704
954944
916747
410361
390035
981312
579060
973575
606000
190634
243726
239010
599611
106653
634826
139789
811938
261216
941214
203597
257455
504538
586036
840978
328507
833144
212862
401912
817627
160794
698237
752977
204257
681005
464338
123833
778639
441099
995273
573673
168890
33754
66528
634510
600598
81067
649859
908738
613387
707414
600816
748005
683217
836368
179839
540967
920500
726833
207514
305806
738
128809
140318
380087
540174
609221
573402
598025
682600
989743
824653
284872
555831
529417
486471
843492
628445
602601
981886
95511
78296
817445
881226
318765
220464
719005
415985
740485
367976
819659
119359
692595
486383
989644
32673
243293
409829
373586
470592
209569
406175
557719
420463
271254
685408
321906
849902
710851
76253
30698
110305
16046
195036
115161
589317
88242
76556
381424
59754
577879
58062
736154
616500
541623
890620
669783
224233
457336
570362
21815
169501
272947
994820
891890
454917
954496
13390
234743
165590
257147
941887
254301
363017
900772
622394
29417
444192
520489
938568
687185
434719
347874
642902
767394
994365
313117
115189
672798
265075
60350
128417
994738
952652
180634
853271
459484
127657
479189
788258
711303
244469
820468
471537
271474
672412
285156
659011
956266
721775
918667
313241
140958
322158
569406
959107
379326
133158
998832
777793
3180
924898
878337
492626
941666
294110
253213
536947
219743
306967
51792
60274
924058
642196
299064
926578
968519
520393
113203
568761
791750
813702
716072
141648
111257
396546
20991
365522
135257
584153
680383
2001
760019
514984
180159
660120
910755
856629
21890
856868
338715
970640
42395
58676
496031
704107
962528
882875
450199
445255
239646
732243
221252
845988
278536
155063
293206
130898
593561
461494
457693
793915
160610
339462
771013
200887
91304
445270
968987
2887
484108
413277
469853
612970
105648
901717
307081
877714
291359
213087
524832
641547
719244
804049
714464
365714
459498
486217
651080
816792
219489
644489
35831
996186
142405
422344
177684
80343
362447
916110
867973
432817
380507
341387
895051
495914
781102
297878
304040
351489
219256
341032
880834
894820
484642
905097
701311
341719
615567
354427
746475
568615
970879
76943
710076
955403
586665
470783
125915
30890
488404
685576
130212
546226
721710
115279
770857
479002
717106
669033
779982
258254
362653
434424
544282
599935
614107
448257
870044
94971
645245
234747
843861
366302
375531
579982
769094
357734
784899
649931
850656
299770
778833
660465
389712
808750
327483
928960
297836
10891
195344
480143
311520
96567
449766
623338
92580
37190
310490
624044
460603
266945
663554
829937
455133
725204
879813
519286
780593
749100
312929
691676
439498
679655
951696
426960
367442
353893
90309
682224
119570
557056
51695
946971
486226
230
828980
271899
180938
990619
594070
887278
462542
326520
256640
926305
866301
21353
7299
348093
971501
236068
692081
27579
741436
831601
630151
482177
822639
233444
257082
286657
578223
326675
207390
243838
150593
159969
158080
275854
383153
796071
237089
245415
426095
978688
672168
108835
163168
860379
517974
461214
431906
480225
795829
455922
10127
303099
428610
645643
360877
789696
735436
460537
539606
712726
536636
941639
584928
900331
177135
123015
184061
559144
880056
802810
137385
919772
775152
712176
64229
687064
136095
173820
690917
459976
122007
313792
65607
31209
337836
563895
172169
763685
424010
824266
337691
946490
287770
441875
857979
500178
456271
996171
267433
158715
314058
504079
921992
914562
328391
221281
635499
859242
610213
525197
320321
185271
389631
981818
22226
199137
262325
809118
574000
264678
998757
592949
607005
571532
267908
99917
957090
626390
991774
660985
116619
90854
605331
45508
514171
59858
353486
139203
489451
203027
812336
396565
217080
727791
575188
686417
490974
552913
215313
116472
824743
393498
707480
924004
594102
535362
965922
340776
171349
686471
587406
193723
647962
666652
157546
343906
920887
638290
770606
998017
673156
876142
285927
397999
437554
970412
308720
173051
384487
742415
321205
17514
956432
365060
403159
287348
462226
998652
469996
625811
38895
167370
721982
31272
986636
290776
124202
125994
815649
190652
743912
263761
193061
548458
524120
856624
30084
61237
353164
726691
454426
736888
537339
375613
885948
816570
704188
847640
107492
952094
148946
854564
278244
378850
342029
280038
254418
714245
318222
32727
487113
490055
435645
354166
675593
129800
912186
957152
976735
964502
755503
233122
71355
991397
330350
537054
805687
734769
618717
938061
695115
217237
897808
555923
906566
816550
208560
85844
648771
254227
765541
369115
261313
572815
163026
641088
795369
319161
922006
280483
261317
212105
856647
376678
832706
132802
574544
132395
946251
246423
90374
494814
456595
176472
442415
790599
779208
958144
458854
825661
296690
905201
965112
448180
185826
58480
846683
142278
162514
252606
895185
366102
637395
887365
172089
563363
148313
925403
483346
459472
171412
908487
686928
275052
590797
547855
318216
605035
770250
498822
204517
709352
10606
685170
707771
936540
674456
579007
151474
856779
847372
369428
154516
990060
602898
878730
568225
63625
535872
59806
991704
48305
590201
833065
47487
255751
948125
426414
87445
749566
711854
417973
436223
611723
489530
490447
399418
41741
851478
279313
359092
827085
497327
151734
17486
97367
949238
75258
431724
25188
344667
845463
98468
705938
362317
466688
866820
580789
121010
79177
964282
176048
796007
66017
900335
105713
944691
753899
612398
462850
359325
632961
117868
265187
31077
669644
317479
223051
29056
855471
953936
49234
528726
10723
232208
240835
194156
796688
121375
697343
49520
961989
928484
334893
566567
657039
102342
940809
733788
569939
505536
262682
977830
865437
220050
435010
79130
511876
908279
350249
956971
170825
556497
979140
615388
814324
993584
22116
676745
165843
130004
336088
614371
112908
726110
942181
73318
927118
979099
560868
166372
41494
568897
851403
891265
936351
916216
238517
835366
117570
901331
613831
122968
880762
925613
587689
934016
636738
898575
605386
448346
776311
392790
375528
162492
879168
39480
249010
164522
665387
105364
945155
73438
665102
823935
254840
738567
80289
842070
81300
288769
769370
329370
931138
916872
183293
407541
123869
536763
290660
561409
545616
504946
131805
130341
285002
183124
268445
594110
990662
533631
225523
839358
355693
313662
767954
31698
297283
263983
462861
83062
944280
101200
390009
525140
213282
55757
317397
597344
159380
828482
625557
26077
322548
483667
191033
985439
961378
687237
215005
292281
834574
55700
524225
244591
956591
646832
85281
491833
669322
809560
557626
926382
981215
66642
107560
181984
324880
456531
26610
324558
34732
658482
171004
542034
370945
464048
63775
283001
240262
40715
662367
60535
978643
561174
362400
178215
345350
409883
129693
555680
660765
736598
697937
834497
371445
785960
376646
428716
223781
452915
378384
844785
159854
797818
168554
234806
38433
111302
370900
785307
795191
409334
248653
281416
203949
761233
326659
900969
481357
343459
539955
390481
750933
116781
455420
826145
955172
339603
511969
970297
771528
290453
374944
645068
763496
722792
96340
126814
287641
978233
474539
868079
307187
184161
442627
293390
275753
240800
504759
655920
427463
710033
457747
800695
593813
91290
500516
728670
821188
94109
450265
797170
472749
113582
764952
44781
130815
76120
783522
460380
320071
388588
748082
509717
144991
46935
362410
522025
129839
745754
730427
307152
773300
527091
586345
634421
94450
317731
735659
915987
106495
330313
176228
24033
129896
894278
931280
395086
121192
853493
401844
374531
949008
957693
696181
603336
992135
666480
767183
285490
63391
13341
218758
805654
327110
1289
799447
131996
95719
465068
323733
978017
608915
913130
895728
169824
184226
373392
594082
824368
770645
355029
940900
108918
873119
161345
427241
124930
430766
990427
90616
663571
41037
939802
751247
749815
787183
467836
837888
661758
985289
849066
590769
896966
215197
494188
113539
531739
590725
900365
426947
507734
816568
559741
711599
622164
873413
294085
108271
496524
427147
289634
849447
201278
77080
528755
503284
874540
567434
498674
307350
113547
238966
305493
608490
906084
978583
221825
148506
722187
258802
829563
567750
566082
108865
342346
115275
87006
164817
589721
687258
695344
607727
588198
520691
179614
602269
323156
865998
385350
242785
345614
998486
502874
891317
335181
79401
465381
182207
877197
754686
858000
937988
541961
754942
112461
309362
727044
613482
639872
581046
369962
613914
57829
711046
743718
319280
81983
228441
584219
499722
173058
96102
586630
189776
371830
62103
514757
331475
788395
589733
703703
751649
80607
602274
764458
521845
757473
954380
952394
294506
950994
154014
689040
326124
844803
886585
120346
744041
297243
436898
601210
639028
745025
214262
654066
666388
394460
694145
360766
4090
549814
556109
68002
648105
678988
748219
390780
923895
425438
37037
38623
40057
874537
446375
240007
352281
962097
608092
872483
442993
289278
941033
646398
884916
411572
70379
58762
378300
686982
763458
247627
361052
394205
783255
202471
281094
208816
802961
559825
852585
281839
309987
366007
710154
455787
857625
119167
236853
96303
650728
831647
835625
268668
710550
609070
463146
692577
967267
89496
89190
102667
442033
882520
539506
340378
446827
697640
114407
374728
573068
447228
75930
262843
177613
649810
593133
782245
220949
538268
928641
968923
387641
900292
959190
10482
138454
291155
39155
867268
20906
520656
296877
62367
426833
906959
612348
421352
696990
379173
122659
568474
989182
11996
257925
42470
283318
13887
459033
825575
335088
217247
389026
898511
88108
746895
360440
92898
197939
614194
987976
200178
582625
869800
959877
320503
164099
404031
716301
604996
932732
258493
993190
147375
366624
496611
75923
830172
579439
519810
630099
109236
45372
243187
503354
355178
190728
135456
334841
738406
40955
286257
117213
364398
98146
913036
775955
493346
695269
807064
902429
939311
833638
336299
728539
184186
459885
559569
444773
854092
168756
445609
538025
465051
543685
767412
804669
809032
685073
613670
219990
661706
185736
851841
480563
667712
348060
109956
24119
58642
835552
104057
51911
127795
24042
761034
805358
437981
209858
422840
107044
846506
758653
558142
243868
713352
734836
712028
569125
448900
169527
213269
944466
329286
395613
929068
388578
871770
631821
212027
389517
551116
246813
924858
931550
426462
723819
560023
494808
432418
394242
835716
374907
957671
883189
743470
494924
967117
325958
702749
179123
514260
202506
116255
523234
485984
702107
996031
332579
259353
828452
602686
219717
455899
621327
835647
609940
201928
87532
646818
508156
428555
502566
115813
242862
270043
835206
294993
497523
529887
23258
62265
385820
404410
752319
669882
703460
219150
32440
366022
416442
950141
601619
751994
672477
427583
805944
595548
598791
905376
305236
741683
859899
226977
552599
860514
632966
447374
317294
346429
128698
388064
565846
703638
770404
587529
197135
798048
463130
391649
962082
877194
481889
464280
125277
876527
979973
656962
831646
554281
851086
148612
309005
407866
923632
308284
611606
262099
500142
258465
903362
71254
30459
804758
381560
977649
310650
749163
409650
263884
506419
578257
92873
303409
898348
858423
537840
249682
939944
921706
281305
360432
464350
293643
816920
706009
253941
606541
723782
620966
908649
704236
522955
639552
276751
804657
984063
788826
225945
619757
520899
601592
686949
599163
113875
333655
63464
725621
102306
30794
222709
910237
44106
193208
371958
326851
976769
490434
669047
122805
726370
809941
80353
946607
122091
51237
680842
728795
621058
758062
932002
950060
671412
984934
759948
768061
979482
367303
702556
688844
926019
723598
635908
475300
398536
14962
290564
652783
615433
378948
67935
645029
382475
601325
624757
431686
160916
437611
145503
980724
665999
739526
883018
519348
46341
128293
490801
864065
684158
359191
666847
869855
515987
787333
624801
187637
761489
83059
662025
857268
348475
310810
508693
589632
165619
990852
173192
911250
479655
117272
111508
518855
198243
395976
745427
971619
166413
969445
402627
972724
650727
990412
250561
180531
851890
86131
873004
284756
534295
772850
335568
652226
475472
453893
236530
614847
225622
159619
910806
363565
2609
234783
481155
19209
215243
763328
430555
563703
859411
573611
887693
535700
911979
361013
696115
937011
681551
809125
780394
455350
368271
644344
698520
428980
521813
305486
60527
217006
746486
826717
772099
474654
656026
139320
608678
198984
186238
532362
544993
333953
850265
480584
501929
322735
962765
313812
720381
500116
986783
990235
235027
633448
450575
356944
694816
505285
957956
195168
269645
848072
504254
603111
135093
450594
243734
489321
618004
485
566471
876729
881058
672587
984647
618134
566406
110657
954705
819676
88927
55791
820033
972875
313774
353841
741962
857284
251312
480710
34778
636581
994299
810843
718307
91066
222963
638210
584244
153656
436964
486416
724635
651775
307963
675637
28041
640564
668451
155187
290878
61249
168764
422433
196440
763407
762927
297052
385048
839252
225723
317728
515711
536522
317893
287663
270567
473767
168022
221170
733909
412615
520107
864425
459725
629598
735946
449163
530277
728747
704103
21128
153607
973221
987663
437864
200708
302958
607887
243796
174277
435643
982198
540782
503250
525089
39160
980411
414517
161566
329741
779518
955421
987329
6399
93452
96301
341127
458815
971767
657683
247026
706923
204991
607513
359160
471028
222796
341084
220714
21048
329045
537854
93263
776994
356722
815680
484621
34567
709269
446055
155100
985269
118332
480855
466082
94891
858830
389405
575144
307408
313671
782084
844863
681468
619532
194982
218153
460830
35416
722161
34973
393198
678767
515218
250234
689071
490797
909165
52186
414281
626077
894850
243537
692251
683641
988394
824984
769007
152770
468451
465780
772446
837223
991035
432651
372147
887092
517630
797410
649813
396494
559714
759180
40769
813647
220944
6923
877728
452046
695049
819698
215651
93628
391436
889913
43416
937918
868194
423219
403607
64652
161115
564296
395941
927177
326292
224607
876514
914582
200754
800879
771056
228512
520382
542820
151824
141229
567755
741328
173179
270943
527270
917440
989736
139801
529001
501302
952744
256617
698162
973338
161181
252192
755082
315700
459115
196014
102560
966430
393490
143173
480166
870319
880376
842160
429151
34028
27467
732712
664321
275120
474627
443970
492946
690318
619212
827920
570944
286394
364728
831654
343219
423278
533595
620571
68251
764209
945527
633737
497496
412075
840526
874401
609894
220165
954123
577505
383971
676620
481248
308820
810497
800087
367724
659997
542983
847278
57959
208203
798933
764073
204505
46601
709146
146785
180555
585923
362086
920227
637867
683475
698933
931667
320692
287339
49237
804256
903856
596674
818258
335477
931615
506477
219531
230179
320303
912713
334357
593295
534666
415546
572353
671382
616352
756479
272435
338465
365468
168939
485514
207366
518980
405848
164471
837996
354002
39477
452363
698624
612573
460752
264160
435631
472977
600564
535128
202374
858418
568988
318862
940502
463499
86859
820117
85667
280239
788324
943221
878535
75310
813363
46564
9119
274592
303136
432558
10780
245224
895957
253020
522512
211106
161301
580029
384685
968062
1610
582437
667326
140065
698066
831973
134301
797382
102018
44874
957079
916206
106453
348972
17339
428477
117123
543422
641755
428259
547971
416940
837784
545604
305620
567548
587458
773091
375043
890494
432044
884391
539604
469559
236776
464210
431749
211589
666005
923946
915545
638450
481501
974652
488907
379237
408009
547596
145356
569282
481974
206516
688240
984346
692714
566722
584382
432990
348261
340019
733211
106853
127582
398159
75255
742921
457720
745081
914395
212200
978077
85182
716788
955401
585827
186327
17867
824233
787651
351958
682254
536775
796626
668889
253450
622257
86662
281634
412452
40762
243394
327808
836612
621522
961855
805886
568643
491404
92401
578141
176761
363972
551872
222456
685385
80589
482026
551686
757756
928104
816716
505601
770425
391191
657865
558338
410043
393461
809421
245663
633508
817104
388115
236913
700553
760862
700671
12707
531793
755596
468516
809650
362172
576528
431097
59707
374409
881132
575160
497735
684831
705552
667456
491147
357111
126108
702447
227706
485730
661285
740967
384778
361825
243543
812564
682274
879591
600992
690475
524488
283440
191752
222684
838215
896441
688205
902669
665127
498351
937012
502565
557892
814065
891189
234058
914567
611724
114073
133077
554601
190916
555260
610221
561537
676367
567203
577852
372141
924480
785238
81532
990651
337951
703430
431385
575121
577567
936025
623334
360020
825199
321523
303517
307987
170415
947980
190925
293870
147945
580838
253021
464860
459504
746266
422608
538915
484716
10380
834326
136308
856804
400963
28505
478052
737221
92071
700890
427259
289026
162825
915042
528243
66429
410189
686657
304956
237637
943949
772682
595841
263316
524602
919375
125924
441734
768775
379660
206694
341407
549244
220370
623149
679940
979151
78178
837970
821939
945019
45343
753128
897239
677581
101383
541764
241020
187271
597137
65119
297566
267310
123962
956462
726177
320490
153290
949663
294380
265081
797846
334163
200475
281176
529156
7950
73332
110876
956813
500419
329465
497024
385429
544488
789822
766320
682592
238742
322881
64547
867307
108258
563595
935337
495905
104830
284255
638301
162175
83189
38376
613462
728191
242510
481895
646045
619286
502259
381596
758192
250308
221911
874573
598388
212004
145130
921576
126735
956278
387558
229304
710874
97574
720559
953837
637506
242128
480812
960560
315733
413760
460410
201756
212312
61300
588029
287373
221826
453276
409461
928653
417586
137400
760138
857676
878786
261409
40581
653707
542760
601532
552932
379003
638785
830090
106414
156183
746314
119548
746612
173287
385923
349818
966621
981201
639310
941735
829183
541930
546428
747883
786872
878226
447893
551113
273393
141854
650965
279132
581099
963425
952966
711054
592605
698143
784448
208058
554349
169066
718130
243699
808713
815098
215255
588766
768903
242179
686824
860908
79173
638814
849913
643095
633827
526317
340487
269582
355470
936386
968790
35702
184694
825781
134844
694098
900456
760172
251088
279585
11213
591168
132396
45798
482313
896593
535802
250162
444731
432562
827095
402613
991618
453192
815080
966675
931105
540054
792802
331343
141524
21363
775732
150179
378996
178306
892700
274342
268287
533759
710958
865096
727656
714540
49092
614296
132856
489447
144336
265400
650162
733670
2189
6095
960365
571859
753035
788592
76383
556414
411844
709126
454153
475568
295482
787762
296866
630593
601200
581651
405476
514540
86554
453836
918846
301840
83338
200913
610629
38944
336187
460256
633336
994308
867562
772920
691409
89277
451476
301367
789671
140596
695811
450148
677842
971812
666845
853445
473785
225550
168416
268948
27080
573940
372913
657191
338095
441094
863210
651001
891015
884879
415864
917037
97889
166633
617685
273921
778316
216743
140296
389076
564687
118195
884810
619353
153364
523282
279664
177034
99611
100303
75333
101932
617313
460690
58196
240079
24892
945698
712950
925706
343431
712793
282360
651762
700946
627698
74167
400710
863981
4691
451365
654990
308371
795503
9447
156334
406467
391967
132411
950955
244176
856066
67236
213229
711484
771587
419875
871755
846976
895856
980864
360394
990536
860393
130844
290390
533653
591819
356892
80886
45195
597908
706019
650458
918896
388012
647726
631042
920039
675726
22290
622737
699040
471132
231089
784651
424392
401370
329410
201222
992826
787222
680054
453929
113412
115368
399074
12943
397382
963257
583992
163892
587183
57863
276265
60505
530688
653333
25765
951423
463106
753548
270756
981719
95769
822877
183488
373590
476762
499734
709927
597858
815194
757131
25367
878727
199760
473571
450016
532521
346484
309559
321436
195203
918670
623952
198945
100931
860785
824765
54119
506182
173226
162985
234574
117634
466246
934281
283009
228702
327414
612034
426970
945395
964637
826294
696922
62498
306637
485746
324040
480333
218444
422097
493447
408727
73698
3887
944635
20885
949786
36827
936799
645574
637379
21922
939436
956262
101730
435695
730640
959653
78637
322572
39834
623522
389940
648471
872494
699427
397276
780259
434814
102332
74698
259804
442446
4667
424513
610615
763100
693362
359057
721188
842942
154920
964873
994156
127036
925116
743915
58144
728560
839029
398727
598494
266485
189250
397943
201427
863883
984271
619806
867793
261003
589973
760420
729017
812239
902107
930143
199256
565890
591501
107449
533520
959259
4015
329977
755721
369285
138742
281082
904456
861744
11061
809542
518331
982595
70443
212222
260423
776732
595972
341103
641292
70471
432348
322622
259222
167129
145271
157301
979926
89120
430802
324552
494678
815317
865978
647882
475357
545160
802281
63266
661836
896261
460070
403136
598468
724618
159097
930410
14996
86157
624609
329468
251628
973875
922245
224281
322268
904243
530503
878750
546928
714681
759241
670273
385798
343688
105927
946766
31571
353955
955924
795224
96246
703526
33827
646267
442273
911165
404050
299978
473121
445998
219534
80103
351691
539794
333078
845476
100661
431816
76631
351596
521155
435732
775587
945361
939981
364424
14564
682389
140514
835819
542315
715949
1164
715932
921687
955040
368282
157893
5196
505696
365140
211003
206560
291448
199373
570960
584647
708436
793503
642089
396362
283348
510535
963867
127025
29563
437474
526109
839590
482013
200527
128211
857015
19036
238571
586866
357884
725647
95951
400135
889489
143551
6382
579507
325417
635409
74318
293880
637149
939177
117364
940347
363379
797013
385883
311120
203016
348867
480706
839177
349207
424557
516063
350511
302443
222426
288546
477380
605381
659659
152961
549445
353459
696198
895190
163746
581192
575776
241537
657519
852755
392990
925079
650789
575990
329881
4370
499669
778537
891460
103722
431033
687468
6890
961069
976168
522890
884568
540947
298822
782638
212818
202581
601441
531153
193992
321726
884586
2055
570479
533320
496604
50563
68256
54148
7138
482414
315296
469539
8944
74818
431660
513424
914636
545718
274365
169116
659850
86920
515230
263864
884523
130354
20496
865810
489266
112213
614996
376838
847892
922076
350952
438820
507981
570670
343167
924377
505335
140513
531924
62558
580693
559663
298398
345052
280301
10684
577251
123344
629062
934618
42487
613883
865490
281996
432877
815052
273140
768248
75136
418991
616175
872148
342186
950119
8344
302152
499617
41633
161604
533982
7745
686168
27088
294689
373920
692379
886592
588686
365161
820501
873279
642228
325616
811261
422603
381186
751816
53843
353649
33691
632884
415523
52778
930237
116757
200925
507931
168916
824971
924488
96784
249833
513147
303837
572818
593008
774438
500442
90083
154724
801039
657087
970165
310047
717885
963487
683376
941620
694014
586421
220037
913745
754740
880545
866222
880913
218170
142176
7602
338815
166790
572125
463454
113767
868139
579335
251454
776340
37500
389763
641334
547687
984682
177997
18946
556409
266510
241727
659865
757344
958199
362402
915611
679215
968433
324605
595342
990171
807663
460787
102518
692974
292144
378065
752662
763883
166913
327901
895837
990012
623257
171998
531686
599152
757008
454762
263666
231196
996289
169168
498535
9730
538697
648316
310101
283429
38934
431308
915485
554764
70564
153919
493078
110620
899335
106536
126118
508994
560897
707524
489939
940944
43652
506549
853658
936662
353701
445050
11081
758510
902834
159198
353969
580502
151177
167254
547772
331199
957745
215949
470423
18989
2292
326194
159174
819014
245588
939420
675992
119417
94255
869056
454105
264428
641655
21248
526705
374190
395772
303647
732752
567494
950402
893490
621452
308740
628174
84203
139952
644233
112168
535611
819406
364992
760583
238259
241678
419760
989177
252783
440836
48400
66767
811387
144908
700714
195047
783577
45637
576509
386769
890903
157013
942820
425072
124407
51081
128669
324526
446718
572100
601675
246099
409692
649686
759357
943597
320491
573738
660656
889380
808236
458949
383526
773232
398425
440227
626633
89206
770089
259332
602696
242910
347638
979706
850792
655624
683904
44159
98150
501053
612175
616675
974829
843648
960084
151233
985641
460161
246028
537167
537215
37690
631930
791395
512058
220658
702087
967046
888920
128381
566346
88557
538005
999525
607688
187395
424665
588505
776677
812932
186347
763604
398492
363818
798506
525652
536640
196374
510764
129362
370225
152098
821935
617016
235500
657798
138231
824161
734467
146586
921862
719550
109396
664653
443430
583209
379651
792296
270133
426484
615320
980137
418614
31662
259799
783095
781618
382204
319500
630690
93924
811998
605377
508429
922771
900195
568573
69584
70430
88750
356047
701601
446574
505761
713931
346120
294924
575265
416871
534495
731106
66509
115987
120082
591777
657567
710500
713730
377653
148269
344740
962794
6907
259640
542151
12318
932189
449327
497996
813855
563877
789675
213338
769812
745894
231664
298962
418502
196703
530506
22723
852645
351931
501994
221428
791146
553749
119520
672803
58412
842176
992386
372461
915988
211622
999369
528478
373670
233741
257478
108391
246149
450675
197976
737352
470896
170657
653955
608612
270098
863216
817908
997425
725428
50119
772584
24570
206253
514678
936813
412437
738181
636685
348366
572068
892639
788630
542672
468658
348353
33783
582363
91437
739262
106614
247368
761628
550407
255431
724730
542232
186964
535043
79461
383696
617943
662207
206101
512185
619826
228549
365883
707876
862328
777743
898562
60183
623264
192388
671507
472663
997760
864754
957296
51969
735504
188855
616921
811523
977051
473937
18152
820379
325638
850582
758876
408016
728602
297224
526142
539387
732381
554070
12711
32602
929873
998688
627172
40085
268024
422788
263856
321633
230859
649988
479671
967013
850763
14557
904898
312666
912276
839928
903422
217408
288872
855491
288046
702848
244989
138762
886879
525648
812566
746889
282806
89325
449617
857040
407169
232451
739584
3240
873128
225873
274182
961517
914510
378595
415497
595405
263473
365577
424492
781082
44095
895409
61250
887504
579722
508200
729693
513199
767854
355999
415015
460042
39971
16025
573580
513523
622318
616007
881102
482723
942825
937739
123583
388293
168224
888771
783488
362422
180431
610603
284077
847059
725586
739402
998080
437194
363611
279333
32836
144936
686319
496631
983945
20697
281038
485737
185547
653527
301939
137634
842244
370682
250318
934641
918447
965247
808742
808263
949848
768285
118212
412080
671676
844287
128754
482190
67700
369933
215666
946094
842360
999972
580586
589032
625549
814777
858467
10162
619703
445394
305410
29452
683951
787066
822689
832657
191857
92130
748075
236125
188724
376742
148230
509843
15292
951585
17388
191922
377387
418207
589362
791642
319569
856165
335155
193299
970060
645712
488378
311845
531913
76188
550073
676097
515703
158911
678623
546082
626067
928171
115474
551965
927880
306774
991331
961594
825482
411127
812770
572358
21528
130368
452305
837150
788697
498346
33262
905795
433428
994364
750710
477000
597655
700793
486848
107929
207833
747354
921927
396466
450294
223182
766828
919231
42707
644004
532071
958231
662763
883461
165208
943514
442157
421937
4787
696629
966669
499880
729900
814839
464217
802292
692745
581715
837925
88312
589600
162447
332038
789585
92177
61448
22383
188543
903673
647659
403518
867464
654500
65166
577209
710219
488561
89500
979842
205671
612140
826300
840420
221746
606397
559298
148776
340559
927191
220179
183954
343525
569070
374783
298441
586094
942604
564968
277705
959718
75724
858807
410000
26986
415784
950113
80690
180785
740836
424333
453655
238841
684425
55663
459716
264253
845287
970522
260871
958985
690075
845352
593359
349107
23013
828746
363923
888865
676423
775615
252721
992623
759545
498119
386058
544520
907649
150131
248440
912300
834048
223359
591861
475253
282013
380275
536598
50326
290181
820001
437152
599565
570379
21877
956734
89778
964746
17117
940846
114752
569392
781763
877642
810609
771242
945965
40406
565872
954122
683239
842833
579103
45482
933209
754565
308208
311477
982864
485971
651343
940095
410523
458177
44024
123547
933001
653652
995412
320806
134985
676697
422878
202376
593777
673630
220845
38035
393462
937745
228047
568567
731692
941438
469750
944830
956563
653015
393990
435285
876090
891987
843643
813261
790615
121929
595406
577732
125886
117005
100128
249665
163093
263271
97103
15198
470770
775353
573893
145452
489712
701092
791596
668203
693876
550848
227994
852155
598284
281992
299884
382895
154992
117931
689744
634693
414110
920350
30210
439157
242404
359119
527913
753667
241102
271090
609104
837461
530421
69464
611381
30763
46520
943526
906164
307733
831940
219082
417173
939030
372868
213958
240124
795966
940636
941232
417786
299825
455631
899001
875291
737942
857159
816867
699814
465688
258546
891934
327029
240858
443801
282588
232268
319351
921998
355778
523063
244324
265546
602099
661800
276421
848578
929991
410822
972975
98869
116465
107811
819275
197833
704717
639371
159369
308815
334275
941018
375063
168372
267872
85723
828501
895902
565007
696597
416397
308155
895583
581172
508144
580405
207971
863544
731836
233478
650516
79646
975913
552649
648713
231654
935474
571181
177891
996239
16303
10946
681984
6634
395131
703610
627196
492115
291804
581516
392877
860536
254698
938394
176029
982518
503871
758252
85569
514269
601364
666284
903209
123627
719663
78016
542328
537619
208859
367005
553798
90993
382272
85988
329829
916774
69676
990860
907797
702076
26789
598325
169317
527308
747998
247797
182498
214749
876104
678084
754974
90454
665277
53792
931016
248204
782741
191020
695145
662439
877155
614229
667776
946050
678194
462661
282718
637058
673249
799494
265043
146266
835223
322803
929953
40163
318573
923033
755600
65491
717653
511763
703331
485136
664373
316861
530794
185602
431303
277784
380106
74620
146937
540866
863781
680067
331555
139278
7849
859173
229947
400008
565913
784245
763038
559332
425937
815573
991826
845123
105196
691846
162578
28255
74631
268920
575825
305352
252941
24330
240387
686474
389591
499747
233307
973384
734141
957105
950720
630211
241347
75201
620218
213091
895565
861656
377699
863691
625998
564599
718728
338937
332343
445069
564315
581392
640230
192004
279217
767708
514155
755900
12243
522692
991897
108446
124869
730030
853347
835443
347295
24548
425314
909758
74137
892747
202056
181227
333850
968420
195110
250712
272098
214070
785858
940334
683571
770474
825577
505474
108229
629580
8275
111974
252816
426194
809177
678825
462390
994552
913507
833244
749736
990220
949166
111866
139837
623812
376143
837688
714137
596575
434107
37326
606744
904722
905194
797980
586912
420374
762343
414027
380155
10603
566956
810503
627981
769891
274572
258778
125093
797924
62315
484141
544098
918113
962078
136379
920643
25126
491178
325082
223879
700039
773645
423275
556699
289551
459954
720128
346767
993142
826258
715697
423975
218971
202943
183363
697845
8082
967338
200986
862951
784650
810445
22777
688824
503762
384391
740112
848940
918958
715148
888749
508268
800533
492528
494143
900255
21842
838737
518059
812404
527565
874273
497817
55559
40599
150077
865494
429646
123096
934264
657069
278234
709206
314338
422848
976186
127370
937804
707653
639726
242356
179367
595597
105480
661398
297990
689710
121592
283731
98361
812665
166595
746106
606351
182963
224729
458634
531144
449996
796203
581455
65249
250451
160096
888133
932120
181754
280380
730450
253410
475245
882452
617031
577367
556552
354291
838072
844676
892235
603003
775136
981744
207243
695609
544475
121679
470061
999026
76838
827298
247625
622355
788573
252301
373658
379949
408324
799927
483608
417018
123840
817377
276297
677038
801965
541776
211405
349957
988269
69052
405656
103008
47463
609905
896504
943127
602849
382483
225827
249021
238928
764296
447817
418757
751494
324037
267075
680757
552705
92289
207379
522598
157519
957293
244951
618220
175605
713348
395801
586885
787437
947284
176154
221426
334961
466261
825343
289049
635956
382031
334227
402596
75459
300866
504392
824103
777705
341500
632707
494418
684806
922514
62014
160623
757783
784201
769277
645739
316813
790640
714639
933008
370126
202685
209253
500246
781931
438095
395865
437590
398765
687024
911893
387272
503653
713261
762554
466942
185304
672097
509482
553380
780000
521041
767166
951969
163606
302179
511149
858265
417049
614175
902172
744214
575024
19712
47706
247876
868966
224877
638660
441411
603
214085
92375
604701
206128
361470
93343
900995
451014
667784
311632
645000
492243
953480
213818
938873
363934
393587
749617
126088
59494
553426
134895
53742
309879
359775
464099
336108
106682
137725
290421
795838
551492
184851
801517
764739
803727
706909
96083
237459
129228
60418
741561
116877
566387
160239
60327
501675
849599
114516
619019
38089
654885
316016
797029
253808
215028
544301
548863
211717
912342
546478
90573
210249
42858
487344
444682
391487
800132
895515
174157
937785
631041
19735
623661
864388
296816
76518
340304
444635
585206
841659
174750
611945
651223
183744
76419
242113
85564
76498
890804
327096
511409
190537
381915
431823
908934
297293
166086
275943
15445
859950
808690
644561
511215
687890
86853
724394
614125
783552
285667
973612
201609
708006
294388
882472
305695
324309
231494
836253
662405
207093
283735
966064
949030
851847
835225
156731
355500
354841
314014
337687
788185
650926
610399
210852
839171
267120
461755
453385
435673
772575
480875
309186
51050
305409
60945
657448
727646
485630
175606
285623
993758
208756
353901
440127
954881
645163
302745
736478
130320
859723
368484
424009
490722
642294
979897
700151
386589
559723
725955
545013
236
661990
890127
990484
611911
958219
229866
304178
975390
242050
13409
240133
446501
25149
89045
889211
524459
784117
167460
760720
558352
999700
460575
273122
650909
458238
978700
937516
417997
217756
165251
134661
971693
76149
734121
354029
823080
326136
610797
891287
34409
130147
195818
568771
262799
19646
506410
380627
55864
158821
321889
84985
980485
468499
223646
649593
374540
842739
126401
946125
485616
983624
822940
877695
241525
267069
650248
844438
425204
698514
273754
446003
503717
247566
801321
962077
731636
997046
674747
720127
558875
166909
435385
375131
157477
2348
920133
295857
791482
874066
168045
945340
756097
62985
759333
804881
121453
397519
10586
739578
973746
378312
617275
851360
764767
630035
87833
636978
886458
84546
467142
752122
145363
780250
610048
269230
94893
512171
6428
707938
337165
37055
625712
972646
794281
807087
445958
533536
82795
631002
656517
558056
36497
507041
486655
476703
982005
580742
221983
898770
808879
791925
114714
747648
480954
226746
9486
333303
315748
404746
70321
438352
578887
436257
354784
942870
155033
892117
572878
635694
211675
164683
884726
456356
323765
880426
979299
210168
635210
309881
704400
591130
127961
693158
903919
447469
563607
233997
304468
889979
587661
588756
319888
788993
260610
186682
101744
21082
591650
105859
461535
430730
922724
163701
434019
234243
708382
662995
182358
256529
732164
560153
32269
154888
948281
603981
587985
589619
333749
649693
939399
557441
905090
777636
330779
582860
621091
389094
790706
70417
257075
511031
898112
835201
205684
235993
719608
247261
570854
400533
910691
935306
740425
938209
335564
8975
217982
67259
731285
712470
590408
7923
921169
211496
155288
59657
24069
155528
730918
897648
23352
869866
383085
690535
124736
149579
575803
677577
4498
859663
823644
579887
600626
616121
671730
467802
443603
25315
805318
157381
346514
379669
792803
643443
997295
160756
393586
337429
931812
389687
312714
369382
360165
622985
809313
855356
949977
3199
963577
924565
919808
828508
244958
403268
566474
209888
819234
44601
20085
330278
979194
263592
795516
175969
247348
47643
844211
386862
135930
558112
220985
888109
629128
777545
862970
193305
941578
334451
398326
657553
344928
266253
458146
811308
193541
977035
554557
380675
702024
810072
667858
958218
188372
564571
311719
83985
704317
518909
460470
336347
216578
307115
187774
183688
91361
787168
110698
776462
790414
200324
575384
86467
659253
846397
538699
220777
346268
544171
402854
539842
813452
872524
634637
56405
952528
130347
133549
599940
751598
105195
442318
990812
271256
981894
346960
983053
889300
620722
950539
732167
673133
946570
108201
495124
694835
95074
798589
818249
698282
161471
634292
729330
939623
378784
622872
343601
71500
84419
473023
454738
627444
969775
67638
889060
510750
9760
14532
945274
939870
982776
727933
545123
583130
628018
574668
507068
65799
232011
839269
134905
18685
573314
911454
804145
986404
468668
815187
742322
478919
24000
214637
622332
851906
401997
904094
241640
350227
145685
673193
11487
357200
704418
988027
335814
164646
154633
868494
309853
522070
458522
81276
378795
271586
516637
512703
472753
565404
361270
648804
386171
39393
94370
756334
395650
972081
399478
104710
197336
106510
509119
42026
116272
691937
686078
592360
144069
228085
874658
536344
302521
812278
594759
84173
490804
20672
735523
548864
58065
38430
447771
488942
95146
872368
380339
356766
57486
983787
955259
621210
818465
735365
497191
960209
890727
434307
952578
754815
644820
23838
623207
463487
832516
620093
478381
574478
159655
710756
456848
576674
91069
628996
745831
48883
479787
463970
369812
541447
392956
386642
680120
954956
479421
101479
269773
158634
462948
416566
710058
694347
783462
754870
913857
489538
51606
166162
472554
271267
54901
195911
468984
769540
616976
149672
778260
650361
443491
982294
14853
362953
106068
553256
22212
629994
382231
189874
355432
960456
133046
356748
348458
750432
817079
313618
165024
553455
139611
243144
118373
998266
213347
418365
927251
914104
659623
928415
794121
567940
931422
538542
22450
63132
462522
755790
894357
263428
871390
582183
419532
973019
794458
432061
262589
129434
835308
147418
457764
386888
245709
76532
273554
448061
559430
822367
188457
237403
394856
545468
590768
769382
493970
648150
314162
836638
648752
472004
820937
808809
768991
404265
686318
421245
976161
300698
479101
951845
519231
363646
522989
515399
995420
892652
692696
597052
552319
451518
919181
435929
75674
972812
350504
445155
855510
827974
713410
639818
573258
688873
833335
368112
65758
459442
996506
412448
895445
808208
801472
874050
176684
279298
63723
647572
604256
699524
260775
210051
950632
56522
114465
944709
810558
797920
53186
595295
826326
741319
544864
201121
359683
278026
952622
248495
895104
34200
895848
350610
212431
843028
858781
667276
993151
535421
626119
914199
996500
309562
416276
36264
308037
479865
138740
413982
770995
216114
633770
91326
452821
100538
265228
831425
686744
701542
255439
752071
871151
20473
475700
475903
993547
929303
789529
6253
344702
523019
35675
141497
604474
828447
176537
56117
83600
825226
571462
387174
980973
44543
903128
652826
328580
840132
929591
677851
674973
82015
519401
877721
158196
888413
987208
203856
575259
738454
760667
217954
495366
323272
156565
361087
796005
982729
446646
846521
677879
371929
951834
91567
707796
644074
988285
340718
673767
777468
908842
640476
723010
160399
173990
202167
799048
16792
636679
653948
742707
273412
509781
83289
615885
350515
845917
362804
810815
903534
869860
406046
813430
97988
891771
476973
580991
858203
249837
580957
806229
560963
846936
186963
11456
865602
227553
97270
247189
633833
167002
394768
434726
574096
807089
799102
447346
35427
116553
762912
464393
661003
72127
172830
191506
901837
792703
649270
290959
98470
323743
893076
945943
95277
759256
870689
329471
876556
297634
737890
118142
311004
687779
593827
800181
165589
199131
828339
913476
398389
883370
12185
415525
209862
820351
586771
384620
924879
276015
453000
259520
308842
716437
9810
993128
567391
136315
315144
711733
666086
739773
562465
384085
985306
988527
223137
647827
406345
546698
265063
151
780218
395601
797282
513745
251450
657653
24067
893319
413202
893437
371870
507627
582156
245067
357135
571659
644348
906143
481012
695600
948905
431710
998675
39231
486689
658307
563531
136997
290397
578542
833871
926765
914976
956173
58200
582359
178137
813896
665812
170845
935759
514282
837028
709181
553832
319788
809427
127921
241604
368324
50129
947771
770481
283705
322514
722230
521101
53734
212881
179448
498985
531206
869693
204890
968515
537262
698908
616641
42637
727190
476893
867918
628008
198153
803218
377648
795741
333161
27127
252867
209905
29504
713879
74
437012
566187
649944
428565
750585
188740
939469
807430
153626
956624
742536
652142
941475
405388
275492
697438
510902
419643
932849
13277
629101
863140
961200
753616
642199
916350
861391
723890
820481
308960
71065
756548
29086
302991
38048
845239
1934
559793
951540
971457
371121
630863
786412
25789
18746
913838
477135
631532
600409
599094
74772
621599
476880
284415
233028
981642
491310
790404
368896
417397
760580
775377
873231
596821
97445
528061
260028
410482
106136
376027
98743
633305
617357
742934
291594
594432
314224
303504
376936
787885
69147
40417
538201
824512
746132
146732
510918
433761
803856
913151
510859
64996
543617
325271
543114
86673
901738
210027
190508
70075
257244
116269
821829
48839
592079
444746
46561
84315
437815
747583
957202
217869
772419
826211
908330
383974
490709
107337
124914
622551
968331
510649
278004
204981
543127
199402
589869
91658
475238
182722
368626
336188
669128
987314
292288
614069
542999
348658
702408
370372
792765
882439
110221
565407
911243
972804
811828
95026
401767
527501
50394
375511
134333
636875
830915
874732
905088
277446
167633
146022
13171
33363
695591
957957
422580
994667
504851
517997
532177
183778
981090
815690
384837
246893
186085
220159
536120
632459
214768
121186
311907
585649
860799
758801
94681
894720
409801
855943
195423
950095
783566
875662
370192
208574
515019
340644
221934
409302
244983
31303
703624
109599
951754
441478
858738
842080
708774
333422
105374
769658
660944
991024
701364
272252
472336
105704
436465
680510
937263
633247
695209
305808
133366
686495
777755
53080
428349
980302
102679
130603
129315
110953
739123
601799
854844
639010
761300
798321
521602
375320
767094
481200
517691
709742
800270
705723
350000
303113
448690
480958
467117
105119
888954
464898
622673
10974
193227
720495
819235
15574
967165
967429
343671
135611
769988
551334
363340
290475
471175
203035
740666
709090
271427
440826
919907
957607
818082
421445
81023
539692
810422
902361
95426
488776
994872
807534
232869
605487
279222
662377
341860
644259
927173
990453
776388
241892
336555
390569
757711
291596
845481
72154
25543
787422
952221
245505
558091
487706
584048
673733
154214
192035
268160
407917
766662
723384
970853
791584
168622
286011
342418
101817
831790
262151
759688
322509
248832
673148
41129
716934
452815
152709
71087
152873
991631
509915
245678
608593
541395
680128
203121
873999
803559
769795
392177
174380
742704
681799
348173
500231
46262
481601
976393
828334
998
95441
307333
481078
808869
718459
972910
916615
139605
253789
366402
837158
258392
434914
687875
653811
786737
462684
512896
706949
732643
674053
116629
266499
128515
308855
976488
907011
202700
960134
963959
68393
265505
927489
473240
724613
83041
174207
865472
926501
732112
126697
519971
329420
628425
544524
869383
120168
705140
784983
169392
56224
794947
409374
895097
302282
973794
455944
899830
574739
941163
176499
984723
350433
542147
300180
887177
594908
376281
727660
846870
116736
165410
358544
759166
849691
170527
202981
772264
225817
696704
900242
285203
683585
559403
297641
186667
894766
655811
531487
966175
702078
456502
890831
625780
869101
294745
99608
1494
631257
219991
985295
206529
128203
437555
276691
671505
194516
503535
119554
834034
547845
619177
698145
409380
14543
49186
57102
497352
838449
904592
95120
910194
137535
546261
301964
647123
739934
547944
583743
902838
524389
946499
558754
101854
80488
36329
383856
444574
342245
748797
896056
954323
447789
44792
299547
30900
491220
694072
890457
434283
491522
959768
839499
631743
887480
327214
183737
469959
446720
483324
310910
408742
220356
350974
912947
415777
73080
681579
403108
545965
569342
154973
200735
64595
966449
955934
479284
549040
731697
496383
832103
286286
211464
999925
921418
342026
501984
527305
595249
187221
628438
605343
351659
698668
486426
747196
244212
292287
236495
870895
584301
777760
847985
889983
935099
641321
21935
261044
503680
798889
782465
953720
71124
82705
63595
295135
558438
277052
422159
946572
769238
405109
819198
605017
154049
122605
979821
379980
573991
243901
983198
732183
692488
694731
213490
446376
522532
988022
456742
296056
763459
650195
520504
294912
386863
689228
214610
651302
182804
131972
249154
164852
838805
851553
825241
350106
896886
147235
984173
507163
874424
887193
274704
653208
611807
21601
656388
782758
330958
446805
366213
806532
23097
896515
440264
263206
778596
807990
169849
584330
201472
503745
611474
655319
132319
469131
418815
694971
451751
86700
157409
567890
629027
165765
203176
43907
628186
741722
884689
360360
442403
673336
120606
514268
603004
210708
278033
195031
759903
951893
423164
203889
426895
102369
630742
864873
21056
514996
668176
427218
390476
978186
947127
569748
792425
732007
576934
632796
318551
33915
716520
345133
15831
830912
919201
323856
722829
152533
848547
712708
465507
908039
380199
833442
39200
451543
307464
759992
300312
571669
791732
249783
663423
102029
260897
633820
323028
213268
345198
482843
330724
941788
286863
669111
816101
76278
608597
787274
753015
302174
438087
9659
295533
136498
509538
289649
890927
492093
853198
754309
963919
544017
843854
85146
883916
325076
250919
110544
352876
691660
977384
603894
589105
426239
756088
458303
233771
543959
302449
70663
793556
316950
865898
391704
569784
506388
95925
756260
211086
58705
366001
657764
283694
34960
103000
527834
37824
791258
969261
858372
480340
728031
41206
908309
106098
499291
91212
246210
150126
208997
344987
733736
31855
933385
631739
301521
877775
721675
124151
307932
718890
448143
282565
790371
874530
257046
993772
669558
947627
727516
188585
566173
998473
985691
658596
725889
105398
167748
226289
608183
139262
802807
99970
469473
882389
979850
796667
10189
760624
250877
633610
29512
280295
122382
828165
931870
617288
830473
637473
476847
679554
918387
757441
85262
894634
217105
255823
21766
644604
512483
581230
115131
556168
971156
504228
545292
481130
494669
190192
645754
247158
524768
383765
695884
540294
479361
91936
924538
739321
943223
150125
393361
469639
426251
601724
832422
582034
262383
128833
265896
387601
921057
374695
313688
824390
48739
455001
238788
953310
689449
258215
826456
935862
775885
982907
393273
243856
788804
355537
701434
75283
74807
500174
415431
220659
903414
984970
533956
198236
937192
987705
210630
751169
50480
436824
100707
278007
672622
969973
482001
859318
4306
624978
824435
196178
68287
14398
46724
269842
252575
306751
774709
992854
106445
396301
748594
84866
387953
247552
396748
563423
529641
239243
443300
726679
882607
536604
529392
704496
468402
236649
10575
142203
661802
136723
813062
921673
671701
800862
714560
65386
180701
867911
619073
615583
223489
55329
34385
989868
419173
536409
995601
522536
504100
176871
975203
909697
600737
244071
807665
604678
884875
865794
719070
249257
901756
672686
335789
973111
802967
589763
444998
644994
237175
206407
536823
812386
57032
114825
803671
51355
931078
696955
812045
865795
377570
937828
316185
417298
811898
888052
230873
274964
371633
48361
547866
291747
158899
316465
494446
380965
38264
991227
736577
712018
308812
827306
736564
163445
665553
719651
172390
254265
727904
648619
318217
774373
24698
826319
259064
914355
293176
182429
489067
263334
47838
332775
488829
968843
227321
514491
220760
405615
828631
519491
483639
74510
835031
656260
101833
98298
781820
158225
149375
875101
529827
34531
813520
777532
378314
55166
115953
259770
564500
296434
537283
573632
153559
455853
770033
687712
665225
285240
29298
119483
496799
187658
565318
139212
593642
895628
965619
720072
423401
674839
551925
523219
994115
571040
313993
53512
615477
440564
766859
678474
910777
366849
423142
731267
591834
620106
464197
628080
758829
270018
152260
241859
796460
633955
628779
312565
429362
218769
655756
534333
940086
262591
196807
948563
793134
428640
704773
628770
912535
365163
291809
156339
316855
51613
529523
442244
677992
858047
125429
77583
547106
106609
245638
222008
867058
513251
789193
974207
572274
790205
950805
421778
297860
51053
168922
820023
114942
704742
640272
638861
756744
254650
311792
708938
817455
580489
466882
148416
674572
227650
39699
830339
282080
511451
38153
733204
754770
361046
510863
617729
861150
624256
215419
272193
760712
940260
418396
389935
645555
272790
647068
52922
954386
101748
618695
522623
398522
139006
887481
700926
93847
361208
18148
79157
758946
805004
35010
105234
703819
771684
656149
510116
641844
85100
845789
449531
901842
969269
349066
592422
976167
944575
935526
939746
256993
890387
556928
434446
367193
223268
11371
791200
510177
96110
844084
911831
918249
878631
773762
734304
153752
33655
526365
823979
210170
344426
973741
550771
570378
16737
57008
625817
986363
415781
623507
460428
226244
538391
299843
207952
995442
390662
973116
547695
250896
975735
234185
419126
471933
660991
884975
32867
391709
877848
206429
420457
9800
691250
380702
785724
609808
117738
488873
839429
287235
810078
124982
462634
633284
255186
443276
545188
792520
41822
971723
93416
203613
94491
219157
138752
497172
606858
319402
621932
833795
116818
805181
181992
397376
451611
89661
924661
170476
401995
410715
582105
402551
664949
238630
334133
912099
651595
955581
137341
139948
211046
440152
607075
189971
903115
74180
331685
266722
337873
616731
452864
749728
117019
581213
779718
527269
822565
915967
466615
607157
651000
435908
66360
730007
123070
457910
146153
441673
951656
434408
132691
972952
290114
771025
718845
166695
488681
711074
329954
24750
659708
916663
647031
583955
605718
216132
18944
842344
564625
74522
800895
60022
601313
652831
219193
754318
959309
899011
480924
962835
139484
497775
353204
771690
289896
756697
18413
480350
33004
152398
813450
726767
683799
798089
451089
68286
254305
325858
522490
517624
777092
563193
99769
315168
889895
625664
869858
537983
187255
945624
451665
154067
357055
290926
169902
334990
731769
453024
873176
909793
79704
187937
383404
117970
774991
654917
288375
618800
485010
9095
181175
394033
361191
488856
216282
367276
711012
759242
351629
351995
586464
722732
228726
323922
633309
973262
691423
732269
684881
376122
389632
502941
298448
622471
20371
518727
389708
423538
259266
409880
9057
730685
501065
204240
133945
933034
810837
71085
39106
793009
142459
205248
120733
866603
654914
346939
53685
117667
138661
827876
184724
5127
438309
951371
184159
82021
775494
902195
124114
778510
243499
227434
841003
406626
507438
944662
837706
134396
571499
989391
859448
53478
26333
398894
436258
46156
558427
723822
683091
672771
860339
431014
308081
973948
523317
764532
348395
648362
605222
131698
407794
694080
506390
501887
922047
832667
190960
588585
255394
53414
633720
418041
582783
437418
14154
152236
772745
3657
578737
924750
202438
408289
4517
544144
931310
464731
949846
51112
103620
270031
860186
754203
429880
570938
924601
483895
88361
446910
292453
296076
100229
430484
964104
561751
159732
977676
656629
749689
489595
494854
858886
733112
954878
416790
379070
671816
670363
713114
792502
780730
7763
11325
450934
336211
728197
575753
663824
34031
764103
660895
665544
760874
700307
537713
589316
686930
108095
728965
722086
927663
151515
247540
432517
890939
639269
740559
454819
149334
281195
229679
480806
570583
733784
902832
332877
113061
122051
88664
712506
122625
352566
238325
456207
279843
315743
714731
741852
54226
657601
116880
552528
872500
245902
129663
595435
712229
579231
768318
186356
533853
687325
535729
435459
119406
427726
151741
39604
227527
337310
253918
967767
218370
847065
205391
581780
795604
116901
184686
470479
291162
277871
694219
728624
76478
195288
563260
120151
571073
148089
560390
792934
284982
589503
661172
52603
901948
926339
352880
792136
423200
174544
700425
15330
315992
880526
146771
430539
45506
929577
959860
764603
143459
877129
452751
531184
497097
544131
599407
325938
492897
919454
97719
25034
878798
206111
998767
944490
186394
695453
731955
368292
848938
287386
478649
860311
585634
269025
510842
665855
426539
291583
39514
930602
276339
148966
609661
850652
856336
513788
769822
64720
194750
60160
386418
632493
876352
537872
593734
339047
922324
899235
614030
77719
219634
821615
479719
265680
927714
163898
625753
459671
418026
37546
156956
4014
791423
786005
465267
101421
850175
476014
861762
854814
372426
776070
810718
465930
569353
636284
266731
434459
830121
95214
51420
376064
267051
808719
816749
556947
220451
412919
466572
14778
451790
856344
552988
401809
603022
804421
688729
983937
757678
396579
677884
629474
102287
325527
543776
989948
157674
442398
261746
625459
851093
699933
503430
43946
969908
662382
11489
284348
127342
795344
247698
867090
161635
65643
156906
721567
446309
525472
929246
262662
994903
315898
228675
112554
810682
562052
580285
450402
241438
931204
727768
787519
630180
381444
462902
116224
184309
136532
918529
360198
576974
86243
270772
355067
907955
222668
75765
637795
956560
668626
248126
701124
231083
280356
798666
669474
693991
785802
911913
797332
466491
694233
830446
510724
301677
262868
435766
36046
610208
373299
890116
598496
516426
660208
732111
985637
972471
245324
95792
204191
739848
857961
634349
280277
39866
724263
26853
926838
742196
372352
85285
913179
954941
314059
798399
63216
818124
814276
816366
941030
732728
225246
816343
142436
553879
823504
342132
536855
273066
335994
627314
450872
283382
383024
828568
550412
547754
824781
540117
879558
116054
260386
388271
82174
474442
413310
428503
498334
838452
511729
189954
84632
678055
439809
817285
954716
881654
561648
113030
130146
405758
902579
389192
737617
816170
571805
583680
98623
155744
9079
585209
369107
969300
759007
167243
293725
291468
10302
687406
100969
499295
541888
828061
56050
622399
698792
855023
354217
647515
150043
441719
528561
992641
368168
457064
935044
91013
793410
660645
439513
84646
896032
252113
644739
537083
936733
807276
691278
346065
573989
262365
172044
370544
757808
590835
104034
236647
902219
364676
820418
837611
854116
299846
873798
330009
163460
663661
390442
632374
978098
158878
736629
243325
355066
529433
673611
833640
805340
28749
624726
442615
276055
179071
574960
828730
909272
936971
601930
478204
925530
839962
369731
42815
764253
827081
527920
180364
266332
106566
887734
802787
26062
258950
589783
319876
695445
690183
287028
478167
915525
824051
787936
486105
58787
724945
123472
164425
581682
957811
923199
473511
369494
636419
661403
459469
735231
463024
920178
295828
478102
837587
834027
504347
524250
338969
894612
522239
784849
238733
16918
344086
381650
857393
868327
882231
230093
676272
88809
842342
167965
900021
773514
818793
443787
103173
511634
219148
720898
426393
656181
684303
349852
919298
371304
96870
802785
116972
213470
510301
929159
364853
488288
132308
777795
80700
849895
284022
88325
582170
884668
368391
867606
264648
333623
876773
241396
44508
785986
152022
622094
180761
25236
895494
704136
588112
621385
808946
686419
705430
485346
247180
181606
836926
39635
611603
945805
157066
194599
905957
208419
744606
998495
405139
917494
691082
498291
363933
593749
763885
5622
759960
101883
214961
170261
927490
885503
60539
425764
82067
384294
74947
550887
985521
937047
861554
621205
658383
203594
939674
322185
825798
352706
65192
975761
289739
810524
256896
240223
550923
198213
362059
847818
829407
950240
767833
792868
595083
892650
317313
92748
280467
548394
719966
996730
850623
448216
86889
820749
753777
326868
498903
37782
142892
736026
835352
637210
133054
553645
523521
137952
898859
1676
184711
910477
620583
236894
415506
364983
435313
483221
554442
339068
319346
241888
707671
721182
323482
843162
274990
373448
247601
398708
926815
95
278858
862800
610091
999743
794925
408814
675943
214349
19460
591082
69591
831956
203640
774128
618638
993880
256714
545809
712856
593515
665213
47651
846810
465638
891974
404979
465718
677203
55293
374015
119285
491829
835477
392390
246005
52628
632205
684884
489392
870819
953479
261898
746729
110581
114779
565870
476861
782232
173030
35710
33650
377823
898998
568185
618747
401449
854180
482811
975178
279246
987888
379652
55313
427426
234303
363551
485004
373217
734597
140329
353472
2756
534487
592364
80817
346853
123525
236838
244814
799805
368377
120468
337389
576869
8451
859969
187968
315343
406486
34436
164676
936444
539457
693493
575484
470619
340920
615759
396930
8681
97734
552300
457580
302602
791707
193518
232184
47523
222154
253042
771548
112628
178481
384769
474538
589188
82148
930061
261327
863876
5984
106248
718573
639441
764783
423191
190816
860906
496379
858184
978985
256158
303161
618369
274673
243625
570333
19888
106458
900702
25860
314637
828467
861191
941725
877757
852027
866244
692716
328569
894433
5541
352317
85867
982728
799583
831725
467822
290317
505018
418366
28172
581072
953049
379793
699023
413820
717564
234440
511139
250220
837264
711621
724555
599314
603535
518928
890164
276460
973859
724732
660653
42866
777426
524578
687568
45896
146379
710335
928556
167076
265246
163773
30906
265030
820431
897102
641559
745964
22939
167059
627788
959119
979116
516970
62837
302115
748677
436680
234674
806809
131216
777696
447970
639896
818843
583151
99189
448010
258318
796154
489383
223764
198758
941145
639744
294725
117043
482551
303363
615642
829122
774020
365190
143920
698760
345892
728109
767576
106908
565871
838747
361573
742021
982318
518830
379554
767226
174578
956411
236201
745228
630655
443818
790025
200082
598905
63361
720134
284039
683186
172201
900596
884609
869728
983006
881720
789272
287726
61476
759259
319440
895073
501186
833192
702019
966047
261959
459774
584737
971304
161819
585651
887689
848881
223465
988499
892311
744053
514174
431604
827462
707548
980327
518195
465067
864699
460459
735253
839760
428090
623359
894582
986234
418800
5901
766319
675167
365913
102187
423134
420438
245358
881270
549630
448461
562965
977139
66022
599257
658670
495141
832907
98308
12174
965527
358087
30855
679914
656653
753325
127143
828723
701639
721456
596567
506249
79938
268914
891673
326937
657919
555718
725835
189219
104971
155583
825994
744984
618125
202655
504875
884911
860625
975225
571800
172810
84974
691932
840226
11296
437068
66056
936967
904099
908774
893839
579212
657042
186981
387864
886123
591384
744359
205481
570048
307853
979647
945202
312370
619534
255518
805026
779359
830988
203986
78380
695982
139803
590996
820078
779373
161854
56206
870366
23382
919124
940196
938472
970969
238341
865192
272631
348778
826256
914832
257344
965333
12545
256862
445918
206588
264289
904522
704332
277171
468273
949626
706616
559391
529270
852428
840574
559677
286456
454616
841319
46767
818445
836196
330090
647216
396264
647223
961538
928895
825520
737289
573116
36096
939319
631717
870890
71357
738194
401388
545385
95959
520563
413444
209908
631090
128397
817821
912426
451439
645217
973336
343158
656954
624094
588482
943036
131851
109714
125195
57889
337318
910138
913535
579797
22077
9618
971031
178828
306745
962979
26773
276273
47612
167050
152551
642523
693866
68954
956902
844152
142940
276639
302497
815366
744572
661176
10051
946428
929789
631038
498709
487668
548335
999312
681504
189164
844584
881029
609122
591207
932290
790979
683680
998964
311876
81057
696087
199169
67377
976281
310902
950552
422450
318068
490940
860805
598658
762926
605437
457020
263016
83666
834814
876617
83987
603007
436397
324044
437525
548243
561023
120057
261522
239408
875559
538776
939900
251459
845057
554901
811858
432625
869116
884740
395786
131236
485001
338474
556126
673186
555840
102124
935631
653980
717873
132877
203858
28366
443313
295808
83838
671037
270420
405154
343947
986880
935373
249606
919524
630148
624424
779073
205346
372288
794579
798269
276566
679833
161812
632134
201003
643519
944639
845828
425530
817611
238619
659094
492367
106141
834441
566007
25844
787358
725381
827167
305790
33806
640107
883548
412995
83186
276270
907244
883900
102090
453022
531830
264307
510015
325097
883431
906905
585704
899393
591973
455981
437968
33540
503215
898259
803469
877856
897436
547537
453495
614969
926511
5005
248193
487980
402794
4070
790374
786237
815439
842644
176193
972701
948862
632030
702855
291826
704713
644541
184816
152434
493142
918293
346820
611836
576633
298122
565349
121846
317822
513804
394883
113995
928940
742822
979925
959676
838723
663902
929038
36519
282795
893122
681048
195198
220373
485024
23975
37482
444054
743816
678177
630805
728223
996559
571613
31239
387560
623360
94917
731707
760573
984585
685063
857953
912668
423971
963585
692262
751471
626134
454988
910198
92622
796709
350644
956157
282787
302751
747165
22836
825101
806357
428248
104542
592336
520012
786572
509321
775538
619669
808195
619329
207453
563240
472163
519702
440762
373347
143609
441798
850237
54886
867908
501248
365612
457535
831624
619957
428683
443102
159154
330674
225362
669189
546219
198972
932960
770315
87
961775
418286
757089
365706
195595
835088
826237
720383
195099
715247
323502
370139
91554
814419
992231
755103
934508
302365
730488
148189
791992
495829
53784
373952
758607
829067
931201
96597
101303
479334
581327
530012
767856
681424
568855
526898
603514
288337
654114
706292
172741
694761
329704
260280
232295
555017
71584
780369
48896
949849
929328
921356
604645
992094
246080
940569
244142
582694
409611
783797
294493
624653
931244
126508
11152
987493
953126
331445
300457
276221
990951
986258
3283
88897
28584
170794
176919
659767
388373
791219
178033
54561
218311
891242
59345
157209
410885
643120
282532
789596
870676
65784
997256
888700
633049
245560
435864
735020
585825
667843
450616
731635
981069
896363
480549
541691
704243
835039
42809
538283
285853
780428
307039
752764
746782
610662
507255
479804
712366
246463
373438
247887
468614
570649
460549
770472
300393
122790
693104
378443
786741
331824
185727
902590
662375
362298
816982
916097
54619
626203
775603
446762
166103
328070
103014
921812
808679
630453
638332
541494
733899
349166
664959
217013
455684
307173
140375
386573
211056
715027
481397
560972
685904
509438
245482
762627
672915
751536
673982
54210
741641
437967
536669
