0: 36 35 83 82 56 162 7 79 46 34
1: 17 78 116 0 106 99 137 48 47 153
2: 198 183 140 114 43 163 60 3 53 52
3: 22 187 19 59 91 13 158 135 190 141
4: 175 72 40 37 124 26 161 73 189 96
5: 177 115 87 181 57 101 74 136 129 68
6: 188 89 10 51 199 108 15 29 66 95
7: 30 121 152 128 55 131 92 33 6 118
8: 14 18 172 75 49 85 84 61 90 32
9: 76 42 148 105 23 112 185 64 81 25
10: 151 44 165 184 107 8 147 27 65 24
11: 12 192 2 149 28 103 156 186 41 98
12: 194 130 11 160 144 139 180 196 178 133
13: 104 117 39 62 71 150 50 182 77 157
14: 109 80 126 173 4 1 132 58 168 138
15: 93 45 21 164 123 197 9 155 20 193
16: 67 122 191 170 102 127 174 166 159 113
17: 134 125 63 88 110 94 167 97 119 69
18: 100 86 16 146 195 120 54 70 142 5
19: 154 38 176 169 31 145 171 143 179 111
