168291
618483
401389
915768
785586
730146
610254
103887
934832
578200
544320
273778
340378
276955
120207
233194
750243
561999
892753
307064
601448
502130
259074
474687
336374
918672
905864
775889
671886
446263
13282
119350
662607
361541
946024
63578
797199
269820
142208
371297
628778
92310
997083
2741
201648
441233
190235
776016
876912
714782
815334
974045
196136
230105
420625
904701
31234
462264
874902
179587
290091
879685
295599
589897
636767
203319
148161
252013
650513
682272
822759
408176
924642
308217
880290
704800
624417
322192
265128
820225
715431
573377
349896
995225
126151
42827
129478
829485
301646
410010
638454
704754
89183
861434
622812
873343
522024
159606
57248
465021
657937
825104
864131
660595
101322
204115
685973
631235
352692
352211
600841
419782
958741
7764
625500
688061
234798
628747
404704
619458
884779
165073
675359
809153
206707
771
700556
395421
412848
982674
876302
366134
141888
154361
97755
530439
93945
310533
221549
178923
653253
394380
335394
275734
179664
449358
514955
383839
203114
429870
10744
492386
468493
684677
384267
597109
945806
725990
548216
825781
848442
519763
64380
801715
356019
643803
385351
744073
662197
211081
793637
711344
255640
462061
312488
9420
517918
877723
410592
343989
534355
849482
905030
197358
498626
582907
513633
336551
130941
250972
461309
114903
307304
174617
622292
254299
964939
912727
654173
42463
542915
916444
935128
404795
225714
119727
968422
65678
342334
79422
359876
682933
269435
730440
269074
692297
579887
680409
107981
453893
717998
71228
413821
456568
429637
169310
89
695129
634334
133379
818888
129555
338296
85328
874133
781883
860088
283748
88234
964021
85631
881616
546596
785695
559430
266622
264659
490536
930133
503313
389394
172877
682318
918568
611110
326109
61231
678774
68950
573384
417133
930153
381093
925516
413462
716810
629982
575618
918835
633682
57503
311891
389746
87626
373501
983964
970279
221080
497605
188500
858764
525172
429638
42071
287057
979533
613825
880993
462682
705742
690221
527465
209904
98822
705993
123404
693350
756083
900142
266446
741017
169457
742765
308039
301714
977342
324982
966177
67228
544416
1540
316490
847884
983264
686474
838719
334908
77378
939002
778375
984132
53641
326027
724086
688847
456453
949539
971741
766550
434393
179399
158194
788990
941269
606645
804127
392503
632649
865633
710157
185466
650
304134
129230
357773
21080
221715
253454
870407
564427
834495
415657
450476
288420
651706
981136
501070
278871
971496
960458
26886
10822
441535
772729
356540
37467
586118
492788
948393
864153
109921
107333
35355
440840
567808
406959
11171
350900
42234
954369
680318
517146
333144
246214
277262
830698
682776
173212
880920
818568
601012
481040
713509
304533
740987
24084
101117
600633
299821
767320
951626
316726
263166
444904
894694
257468
191319
198692
656203
838137
55963
867200
579164
842121
947443
33980
786092
315556
757475
109699
19499
953013
295170
849306
812348
668515
975175
66648
419286
894089
724213
23000
963417
121878
477971
81221
659378
598923
459585
425754
323718
655152
73270
827231
559658
475959
561693
74055
777803
464379
106948
708681
456036
601955
366457
721270
493892
350268
71018
628244
968951
170896
713772
608793
939589
67163
524471
874464
637083
636304
249743
988910
112879
216485
761636
102559
706370
1977
511338
129292
413158
439768
438253
977081
780010
108200
391173
501719
617824
316390
171783
480962
314815
353998
18076
42927
435493
873825
31673
582423
491633
706127
932722
397637
695959
121526
769980
880189
477797
475828
479616
539164
788881
15077
390618
926193
558420
368292
83936
98620
697387
241522
156555
261836
9294
764782
572659
229767
44860
8445
456994
828050
23929
253926
772739
599026
912332
444953
523625
982365
338797
31768
608376
503674
561096
906002
310071
543991
63649
360451
688291
179632
363039
103476
705307
749305
419092
205391
110196
496421
269886
378742
260793
84046
778698
453826
378624
136406
722205
275381
78183
834019
753106
522657
137893
941956
936889
975253
220626
763409
931345
463518
996872
956135
815703
797903
762050
913564
894742
555410
279765
185731
15690
827336
681049
309993
368733
635364
895593
445130
640762
613429
277377
28738
860810
99574
510361
746487
332079
207440
41140
333502
764729
549901
583551
701500
791491
8083
709073
314742
183995
547969
925360
625230
374452
423324
452587
122963
638345
509047
684602
789077
776611
431929
630822
38801
956818
813978
44382
228591
223911
600983
299226
825675
211995
301296
500064
905366
945425
600857
50255
783886
510343
624773
791088
74734
810919
924606
727412
611891
410108
221649
434594
793726
487019
183593
852085
836457
707898
944679
386732
544111
518202
691895
753101
860383
955673
150539
964658
400180
155264
562402
347970
453429
452819
425849
823095
334597
901582
698225
286099
670080
765181
168999
576929
666670
446103
76843
856100
491480
647739
139947
361500
298924
196173
183167
483938
951774
181277
800872
193581
948177
56819
864324
619836
611844
138245
904051
80132
753719
834848
825962
623682
954593
457082
478915
13501
75133
27549
994797
379849
586408
963836
317436
53960
737831
528724
402975
717721
223751
516315
358883
861182
362971
532251
745772
715795
730182
532393
546356
823390
545406
533923
420295
143152
129229
697616
518135
118020
70483
116395
821432
224722
872816
928968
178776
480575
331217
432643
963980
51781
377434
201111
384877
200547
5387
837268
764722
168170
614176
632877
293626
182048
757720
838215
330186
499768
458844
497097
266223
333059
685725
895292
150414
189353
957143
58061
383387
368997
7737
319688
20234
427684
172296
616522
342349
778126
306575
178916
516303
686555
820557
729158
871615
245914
634303
424206
429764
926295
558147
717409
328514
439842
840536
997887
62011
714591
709988
432705
797122
719334
174823
792578
54033
775939
105039
686262
132943
797546
650732
274881
970446
185273
13913
100542
508788
941331
265222
109003
426398
94468
681579
912708
650798
712706
276051
515885
462171
114229
629853
230598
243211
962230
454645
354724
334319
596946
209529
787130
970999
100523
475281
258408
912576
296535
431394
835183
996834
561115
475390
374684
238311
870022
498125
591177
31968
396022
495502
583563
888990
758921
914006
456802
189830
739517
895322
597267
814506
657438
137917
309536
125615
445649
575695
621133
450635
399635
687704
291037
867655
399164
160231
613692
177110
859867
901231
511064
247086
516564
496245
643696
207737
182090
399525
453260
573492
270614
668698
300719
857061
81082
925837
329420
786312
731657
473668
135153
253375
507072
991493
776190
832928
645892
858301
579524
151697
615646
126059
955015
732324
751947
449254
707356
763984
801790
83996
134138
453671
566036
73301
504051
33213
435602
666641
278350
195843
95004
420026
343151
403262
407485
88296
19257
852830
363990
429891
144111
969771
356221
492167
860797
891072
67604
703666
492142
769153
239309
691778
519673
519215
178875
333320
786026
433100
918149
171641
391405
579201
181978
920348
847303
909232
29484
99674
573502
865816
982216
395570
192906
146524
269553
35476
432042
411888
788588
594042
513934
233262
493787
835115
64793
928682
984683
512218
462242
577997
146256
560246
169561
544619
1192
895824
469906
795562
726914
601721
119626
600562
305127
501374
949675
881394
167838
168497
73948
87710
836750
695927
990890
484009
923686
28874
132417
554566
660704
157028
122975
386197
185080
455864
845400
910357
332380
907509
729924
7211
79293
930934
85976
713388
415884
234060
239007
548875
480294
34028
936065
106665
130795
183161
72307
382991
113903
968533
549975
410883
646133
972844
672614
496495
98098
478890
320830
641550
715193
864666
59358
655446
845209
287160
445467
953068
658134
829680
63915
998232
920220
967695
429486
757151
484775
7791
992591
498578
179913
805629
103442
564219
896481
701712
449798
323155
482419
511059
868442
924255
372096
214979
702739
938560
884282
961773
89510
669310
861103
367833
362853
410213
482860
841152
454627
943405
73316
674094
957886
852969
726035
78421
865891
823584
385008
869777
588897
111674
581718
320324
272082
858134
752393
472394
515651
994460
226130
429673
722102
360594
702964
514481
854869
703043
338077
582982
104458
290434
393674
668351
889538
25472
675608
701321
186301
982313
333356
191645
408569
768284
134691
910586
266541
779137
654319
205910
618647
124731
907966
566976
952496
227377
395344
575809
129855
698498
429576
509661
645487
484422
925084
402473
790365
482622
153858
65529
751935
285347
322442
239788
945419
934893
850021
987034
827030
699118
866964
254512
948164
336663
47855
302296
826633
897687
145825
874391
766534
813274
424448
16295
437444
590502
699823
784691
914229
91082
583315
459164
817050
353780
4010
252384
772524
567622
510076
469791
632620
633403
823459
590485
276098
753821
921558
93074
543236
947772
895198
602490
314462
439891
910203
889135
935033
93010
513790
575408
368388
454822
449360
929702
16181
460222
570376
387212
275850
329442
605233
515415
150862
302197
627880
213878
342835
969801
617133
5784
100720
886112
413683
747437
9981
464947
189002
174574
73153
86738
345181
611455
472109
855107
33721
954966
41609
234993
815414
790589
154700
475722
760919
645448
988311
693487
427991
136059
939856
586254
774591
139079
581773
170584
420589
923080
423559
730192
890109
312827
447476
137619
455495
460936
550956
572760
968356
842548
296290
534823
658646
971299
697854
710033
77572
921148
150959
605134
341218
683179
172064
310733
783237
659177
334595
471132
374356
859877
117496
543177
866992
308272
493636
912772
633122
586494
705683
750153
234946
658503
189034
406340
731797
110431
86055
925841
967364
834464
365620
463562
61876
482841
964895
60526
734694
930672
95851
8615
170189
640315
254620
67287
995495
122452
794030
966369
39527
437724
375574
36451
942955
206120
926317
763461
72444
551047
421921
792504
760545
902926
933326
538047
827973
697246
173522
851982
390188
988743
558377
974491
63421
174964
875580
267205
307913
675800
498150
439402
658706
448171
520471
916045
864844
43932
962531
435021
512882
341712
995256
793587
76640
295742
339160
125292
140869
736036
911535
565552
705013
767877
741700
782298
259533
51455
97779
532501
865872
420197
179646
778012
187648
925651
309206
858956
703331
116285
26298
991611
246098
271871
226411
161576
554841
730230
293156
614900
220369
429011
579495
692776
720785
179193
225089
767499
102578
691604
57078
55826
625116
311556
669463
656666
456764
853945
318133
753330
260986
955351
717347
137201
162266
817723
82407
686972
582701
679579
483824
431353
959082
642890
424390
126773
708010
33731
63525
211596
950242
949256
195413
194593
585669
924087
454638
449425
112393
22305
608438
791028
810280
914893
15459
268071
256956
143505
621419
316198
437036
761225
229500
505042
419923
97489
316987
956736
560158
386066
905557
298439
131731
81133
119092
365130
383752
994156
300806
552699
786095
340391
165601
841820
808638
502885
424385
64957
397780
66220
268464
810385
118557
285925
285165
988620
862356
405270
708251
312667
414458
952845
112227
235362
277462
424635
414645
865229
596087
608448
742470
65884
217152
427271
911366
198944
328861
897552
826369
98457
786406
374657
465776
848959
983507
384633
768524
525798
370835
440741
329653
905621
264128
757074
805255
672085
465088
194120
900801
347597
481527
255937
918356
276865
439622
944653
775606
244278
647612
373025
120823
24220
920889
968751
434734
875718
98508
606857
769604
620933
865149
389706
438597
884672
19671
999702
886616
60812
736834
771037
983414
721287
526249
192296
557857
433721
810349
898347
584688
171117
528030
744614
229912
552856
350725
64169
67514
323811
828219
164811
185835
824716
619725
531430
936126
446755
739903
795136
30055
32008
562329
501293
435822
147031
27922
385397
210457
651485
362397
680553
225146
388513
607208
448044
78824
736200
889326
841111
789673
337340
395627
262459
881869
30297
660399
458291
147907
596910
97144
328247
266593
548971
684478
825194
938951
357008
208380
84999
879058
464336
354121
140556
573203
200765
224239
257169
372790
847380
398762
820443
76188
661708
977484
366742
235458
726959
28686
131666
144066
802184
613646
627141
940805
449396
471955
548873
739707
658174
364248
530010
283066
321047
606346
243492
677306
287085
743032
667824
851154
751469
234004
171076
511166
622116
29964
209762
17101
760050
627265
750841
999330
230641
521278
385274
331754
871210
733002
865598
581758
472871
209932
827190
133040
927532
963168
707197
906366
749782
711295
490137
476750
972388
663411
598033
272735
477049
308420
508008
882210
613696
309451
730710
593348
547941
10762
527905
278860
791883
808933
454248
578209
7407
556468
677172
594382
397102
679432
236726
540097
964047
936761
308772
826076
15265
209585
917553
911868
698814
776956
920263
934787
841435
728936
598361
396168
433845
830662
221817
210690
213035
568017
203928
588788
914483
142036
56463
763216
981504
943204
777381
833525
501422
812574
723518
961071
119907
891226
502271
386867
711828
883341
564917
265765
918308
824015
985416
773550
579777
882953
181058
961025
69099
271181
981611
448737
991104
494626
404712
93521
980551
130016
812552
109079
997979
669712
306802
336178
765267
114640
375413
348122
7458
261232
478979
440732
388876
20547
796745
21217
748198
593739
133820
231544
280433
586107
630612
255667
394536
435966
678889
712650
493895
688802
411711
283860
938939
70679
254107
913734
301883
609929
903685
76115
533925
321131
209742
320587
164282
377796
932218
245223
971234
560304
28537
283015
707198
511371
898788
41447
519682
98087
429421
385951
304278
255553
48297
904320
801856
100933
451690
969827
813195
856105
923581
322803
293434
531581
88353
336760
79192
10061
61090
901325
810800
553901
971609
960619
821068
373943
483662
680869
282779
728931
475621
580815
432390
967187
795473
288126
870735
61594
856167
206400
104246
243675
524214
783431
368103
286276
274744
162316
814929
399151
616958
256794
138590
349389
193732
364804
784757
312784
817420
936412
441981
429527
689530
689161
750382
227253
33538
74081
18904
818835
727165
188035
332571
51743
357197
168060
870552
35363
24732
213203
864894
294158
898422
752300
219559
132205
877799
481825
244544
892438
690333
33569
247219
639657
562437
716238
192911
442309
305004
903477
732864
264672
273197
235929
257684
955265
563552
388725
330010
16934
526220
430884
755482
879392
591861
24557
620617
686545
558130
173769
406525
923271
794211
268351
549512
419887
934867
778742
289689
309301
837053
447298
24486
368273
111706
858199
310574
886668
14372
767586
149838
62790
207874
358884
262792
954888
664136
957184
188913
853878
775938
709084
60275
131452
252678
656686
719903
48940
339535
842195
484135
600656
740800
372575
341999
296355
843612
378704
740500
331112
556384
687269
177301
406932
814905
88965
761238
372052
965598
971396
349586
256897
151383
75619
874342
465040
594921
144405
990251
587164
101903
215900
482496
150878
18326
602881
964894
847487
854235
780132
554403
71305
487283
47403
155558
838615
135210
435786
89137
475873
717414
620707
90501
918424
857791
627487
324107
589904
791035
359148
772768
663914
333924
665923
856553
462045
276937
376564
695258
917808
827078
308981
503637
371352
867213
415928
18847
805938
541971
883863
39845
1466
541639
660902
129807
692374
950307
448770
5027
450013
711630
263786
487773
200988
782282
456362
896729
421231
744993
589698
841594
314966
504485
825624
936832
153062
214581
646711
749523
432259
934109
940672
730164
894018
425796
259668
14882
422568
471435
810721
442945
197388
170032
435087
444629
221253
226681
544254
45238
442351
925914
758290
311967
76114
802206
363642
298271
480379
571623
321508
835492
407865
333477
650647
371976
601177
478550
983636
798929
980403
656006
673511
149909
12152
443681
727966
392040
318421
870016
833796
424472
274967
265320
766224
856455
727571
674799
665904
848118
263365
600860
177141
350351
756532
868046
911007
215372
843284
10168
788440
980436
370487
902629
983116
436146
611231
415253
489963
529060
292214
487402
386073
316484
605665
987383
6566
951212
984687
302604
548969
198630
472655
318381
700342
338347
996955
607401
855642
218420
841066
716361
782766
577507
889531
708072
529909
582746
47101
230797
554603
655979
207954
951851
374489
20688
746404
406526
657128
840247
957522
694228
482148
66064
883541
731247
686772
408899
150921
279057
549134
154808
137261
649800
583521
74647
153327
83775
999514
581513
73049
463023
992260
529586
793829
778545
812247
636093
384996
147132
471952
516583
638538
558221
212281
280198
844976
430475
84223
620446
653065
410028
312562
900894
386251
677990
721573
315620
202329
641638
942685
553081
808725
929120
625009
723179
523669
412969
227333
467117
357460
234676
412060
740437
669061
116612
170400
492452
156400
647559
9797
518570
11281
387972
817341
314491
148288
750086
130580
309691
993612
256003
355884
377447
325427
137144
997595
700698
998342
492496
965252
245951
683409
109946
370659
208706
114449
272989
322353
467549
103362
449556
782321
629728
435962
247612
874942
381673
793840
352517
108921
387808
174215
202691
168589
56766
191968
160171
823700
455020
316470
347153
354217
441938
814209
429285
479215
293437
301341
961147
589447
70351
683124
433462
286927
53500
329526
914888
42589
40168
291166
614482
447192
977418
740843
404691
692504
749706
242380
897780
858591
260012
952371
166011
308407
210276
703423
709129
68764
407807
307276
295009
348179
619319
426400
763553
962931
224970
815338
264678
996645
301125
755053
267381
356887
924937
357420
300664
208584
377982
786678
548303
360728
1300
770890
746605
426948
224355
137971
500304
968676
876931
242732
324509
971702
818754
183178
575781
746182
232129
290891
436995
466269
523374
651932
879718
412451
37047
441220
578372
774933
553912
598028
683967
972260
265096
692823
360093
556887
15460
738575
125336
942715
968277
290523
845720
9498
497642
726570
592914
299672
151450
841963
797354
448532
860225
100828
963018
938392
631033
762870
944702
912655
765410
922670
513494
330847
75850
299826
293395
958327
942695
521896
736757
455466
454099
215262
295160
346502
986112
621583
470085
786577
526927
76733
92426
884525
400439
481306
624823
626217
747238
7201
236916
183680
595902
902734
170226
796357
531087
26380
635675
528228
870734
760177
577412
357390
376511
701523
616474
613925
839382
523059
553927
293221
859129
125932
759281
854914
424902
651282
420486
604557
540581
11136
606090
725464
372078
14963
697523
196404
145163
96637
137588
604400
855360
404763
640820
759615
588569
569255
892228
237864
834931
986413
299350
862770
641011
574346
102037
455547
335322
242674
789573
43432
468059
580061
880435
467671
714095
692265
824919
206389
643288
518922
226013
496633
798768
110053
890726
2860
972008
586177
349296
321237
392972
332840
118354
160488
837127
812281
174061
348960
369906
973607
741652
933770
60756
652017
963109
786435
228227
651826
934999
751984
937246
946577
759380
364711
920595
760013
235806
851860
693612
268495
595177
266300
729207
845303
310150
342393
707536
59138
555911
425399
818031
300684
190215
219889
630634
984347
609345
19110
41756
592983
85169
994628
426404
345878
554497
109055
412916
160901
734706
271850
847494
473790
353219
118470
333130
409502
173342
785194
32665
551892
233307
386229
868722
729945
81135
592318
40730
452848
430827
42296
479076
607028
585131
573292
932459
245467
903964
700706
595215
302760
234247
425533
267450
456852
980026
620684
632231
280396
663963
469565
605506
222454
799828
624243
52068
49690
346701
755851
656819
744284
670349
405784
476523
742910
642085
592181
354126
287779
955469
312701
170715
53436
549599
566548
405016
782002
594841
697346
414321
897714
691405
510109
713800
702253
707882
176643
348890
117100
396032
808475
529525
497916
686835
425398
882465
748607
78028
428556
863247
794233
616711
163733
750376
283915
361290
85599
33019
518722
395053
962887
669074
501545
520482
159975
226135
386291
700332
473165
80484
265817
711328
752068
180065
852769
359486
879010
599732
598430
427181
468247
258127
639699
453632
196794
673158
819787
104742
244734
905612
97238
802077
101405
143017
553064
444834
858988
16958
824375
375848
490758
243614
149337
705251
739314
304779
522949
238612
927200
521910
653189
475350
426228
223355
789003
346840
995198
962190
973838
674565
303032
770061
597347
262175
814050
309582
926037
887388
340530
219657
566283
647430
950912
987559
320621
622136
989135
229565
879351
525101
599929
778944
35077
634818
153157
781089
752219
358
665081
674510
157098
258340
760996
262036
107108
187115
849846
464055
646562
36559
13122
486660
580052
213239
316264
153371
782103
91465
423800
115066
702997
371625
67515
569169
344634
642691
575764
930375
231332
904995
79021
806285
63414
434446
873895
182648
138403
305012
155414
680219
169960
32542
481043
919452
879267
643656
230141
955658
495512
473127
902515
175927
260805
349726
670541
393568
974787
158044
461337
354522
252987
391000
951254
634910
406133
478706
664687
676944
990935
945015
29608
54969
119204
792657
292310
589782
304220
346865
180184
145366
199787
246828
65242
740728
485642
80141
463043
543750
742833
723215
698982
487031
297306
155079
943167
579073
498261
513605
684399
545953
804340
618126
804510
800479
936290
512557
1068
102005
622023
757115
720830
74852
798782
612023
807104
615244
6600
942373
93908
743121
59899
993501
308165
978313
849126
321136
408363
851822
479920
914947
124583
679101
540484
927453
824129
954046
59341
131685
25993
664375
752499
794779
906268
671307
102491
664185
894878
442463
284999
566013
536249
392114
733809
724273
63064
103306
52679
367032
404949
646836
642316
165933
400927
794409
76708
533846
252078
30971
687137
308659
596418
357195
584058
672668
447326
156906
442260
517720
220371
157005
660000
316298
24297
975889
53722
914685
927910
845012
764906
248413
742352
825201
475477
141131
105271
632540
983170
643907
178221
642603
664100
724044
693641
680581
719933
711205
17775
490830
600263
230019
150026
801398
110590
774532
249210
794708
773194
737785
824282
472514
911901
471845
48808
277184
869776
851049
421146
559614
136112
152817
915673
88125
85608
105458
679149
246575
259
175398
612301
193287
330046
462038
286216
900747
682664
668972
832254
20020
377372
619126
10675
782760
611395
892575
236148
719391
857172
156958
666837
640588
858740
412178
901
539865
856340
407566
625655
285385
302938
251078
223925
818161
2858
531888
453183
968722
749893
207164
410295
167033
584828
86327
160111
661994
11043
804844
578554
554037
708872
971934
471409
951769
519210
144352
806207
765658
3213
159237
783390
736280
356717
338821
964898
863416
208579
355805
67804
670905
528292
563753
804164
930963
178860
363705
40035
568349
102307
979344
610762
853357
252282
915255
324901
145766
287959
674603
664906
630810
305495
804610
24520
464394
445482
256663
195696
346336
549616
662969
126246
235054
487106
882771
705674
560356
143649
954035
779014
823517
694439
929661
923886
626277
825687
287127
296905
641522
366114
374669
516391
645714
649699
738168
407508
167183
770481
684016
409177
415311
444949
842704
43795
466343
997463
174733
41389
651642
238198
192089
390065
47025
844931
735957
562772
195376
226856
275722
311971
893798
869736
403342
853591
222616
328090
280239
258521
765737
789438
73654
16943
191745
316219
645196
687367
73805
569295
683229
539760
565052
447330
923859
312730
37935
872426
934173
212547
367183
804170
405936
173555
187817
731593
23364
556743
812255
392790
899186
102529
539605
654345
448953
99613
58290
726866
404239
353888
863251
736558
628823
678850
686138
111646
310416
922041
93523
647170
641560
732478
709631
599350
405109
340037
375343
673799
295337
264435
823730
129029
56745
619173
306364
73518
214334
328141
869851
750897
487288
5965
9944
867384
898013
826851
850901
33798
497369
648529
291722
721277
820395
320196
672650
18101
408367
755367
30171
937469
157414
901888
1587
294895
272522
203517
511129
842290
694940
409894
263241
693770
389546
426685
256212
563765
602545
872874
294620
68233
889473
374671
395186
954241
1050
640383
804893
248576
950462
527756
934543
896123
534765
151517
666018
279233
802311
177258
593412
345700
476805
242833
756123
216923
669840
3721
59124
775408
95768
662747
431828
711543
511872
956508
591339
879096
186790
400287
862732
191665
583460
301981
373989
927766
244752
120315
127673
49065
310501
637709
548088
694679
750337
318499
931456
566235
232479
693474
83982
292377
149145
951667
450977
106561
909914
298915
461932
986714
442718
922421
166402
690748
315529
90311
841821
454379
792629
985338
405671
241007
854972
13554
796837
569999
676412
229738
934349
870667
994020
966958
703924
879446
870891
432209
528938
69945
166122
580084
955464
947430
791473
212877
807549
331015
22405
926214
807968
387655
84894
366229
45481
522196
530594
262439
407595
699299
973949
567980
180425
580945
448631
23245
46825
479478
646672
925162
599760
326377
225309
433363
143120
263091
515534
52002
973429
712071
540627
646903
612016
898072
761494
133094
622226
630454
323093
890828
498529
102446
401707
705568
781426
543001
742181
327122
114626
585936
587930
997577
46645
396625
660148
672262
65052
413610
358642
101529
595983
400708
146296
703358
197522
335128
368763
858433
548685
892085
377440
906039
900440
557454
361557
496412
199664
202231
252210
985497
637911
839081
499431
845855
900491
826572
86376
464920
762962
287304
667663
507798
851135
231974
884668
356068
283008
740578
611815
50215
472027
261297
32967
984499
613921
788642
103746
669261
334345
384230
314873
588678
764650
697131
590221
194794
544042
439620
248839
963582
810840
648099
906866
146715
77916
311120
97772
497531
961868
114187
828457
4102
375811
943445
335892
543149
166442
468750
293423
221245
167776
606271
448613
318677
855547
119083
400892
31575
197594
413234
396117
587695
199554
85799
910476
716105
424177
837007
9184
623379
175109
85962
120290
428905
248386
458015
31958
658011
575393
282196
479514
654652
964193
73566
694509
747036
316960
917205
235629
128312
357114
357003
284525
837611
907345
431799
798801
634205
970934
985054
279478
148832
464819
244796
878979
459389
561793
317488
839183
802696
906276
192613
774451
672093
296284
295046
461818
337835
925085
545489
384767
599925
358796
14550
976313
843725
735205
198740
732860
655635
420661
689768
204786
553922
585418
146934
80879
326514
337355
178433
54458
771725
708177
46962
272266
131897
157301
594940
892295
675618
64118
567431
536242
579727
450682
696151
293031
23696
10291
533887
237355
793263
607084
232967
85879
310977
820909
801633
904749
153500
258984
580512
808174
644271
927067
262911
358628
898348
656336
773278
439021
420404
287844
69757
809370
146394
750961
292333
338405
23734
489189
923841
894712
190832
643690
376814
364683
669885
385772
685764
821484
830636
878941
498381
106782
636144
774729
905963
48418
989947
143135
275976
452747
310222
611537
770931
182306
536837
941806
425891
74862
712204
334691
408306
855425
66007
478127
755334
685252
906768
913494
276213
888500
335408
156012
852726
263893
702547
32407
387734
917328
8987
965068
628491
618262
24111
705150
864907
209869
950923
559132
505711
461149
983126
478556
764697
343858
503174
55152
678482
10517
67690
991243
553490
497553
788981
663035
968396
187268
110897
264524
182121
277573
898553
74299
250881
624907
76490
66242
449512
235102
776876
797775
885416
415556
91125
412605
966230
657325
334258
481936
162879
471259
391609
554270
35654
219359
896829
566590
285350
517142
406238
809165
940442
353095
779951
131656
659321
806112
585824
405074
384078
8931
878434
938625
810806
381215
64367
372016
744752
220549
199433
362201
221454
583530
877158
326420
40115
367563
467839
263691
204740
956766
760195
837846
387251
136081
616610
145357
732630
53475
751188
189494
64415
581937
692640
52174
74495
953662
514191
599848
566090
528166
441757
853934
45217
321297
881670
210025
828391
668507
156137
877313
643940
27199
358026
673662
453654
443006
427796
31268
235267
234900
586876
604340
681060
943362
550345
975337
934945
407392
192680
322734
167558
47064
674323
225698
11102
782713
168799
679091
254865
594781
235401
862434
45781
858442
839110
891615
259054
33513
553667
916106
460842
881486
132918
279843
543490
356985
468132
641169
36642
360622
991237
512675
720088
179379
432892
895680
805439
215698
714939
296907
353893
733792
939424
784784
536990
18444
447041
592217
545329
788024
383994
894397
977037
786326
273595
873099
202513
119171
54050
942552
578039
225060
432196
857407
321103
30354
386770
135127
546937
969819
733287
564629
630250
580849
482123
629424
626792
347804
459511
665436
709319
695549
832679
704068
755426
188870
547897
695966
208625
863443
274403
356187
429857
964729
268839
154192
991139
583275
425763
482210
400789
887694
785554
17260
237581
282291
772924
110437
596712
207739
87670
881287
459345
90101
880874
85515
142467
704126
943975
965009
501570
597452
881565
308469
901494
320080
56312
306712
381943
665653
288770
243864
626974
407113
891133
519214
115113
96979
510040
345222
360613
809604
643228
212854
639354
484639
896573
171524
789796
409750
608489
500119
741495
196601
258151
760041
156456
504136
748833
373586
427497
785702
564378
832884
448703
927767
396138
956507
133111
101098
463791
813870
964126
689533
357079
714817
933537
26441
250060
552637
506023
805060
10368
294286
496454
371363
479826
565016
793479
676962
249652
414449
840579
318188
560703
186181
493996
414334
811387
2672
405798
818232
102689
788194
304062
160517
490627
479124
221698
43514
508875
781263
98311
94267
836131
417685
457579
763830
409601
86438
504610
120468
677987
860677
579357
945620
39484
843693
386320
691078
689519
94998
485361
333773
679026
122712
753865
589661
58150
234611
833529
585230
532672
159787
652272
291518
863419
570111
34590
816018
740543
357049
94083
750569
117899
88042
357943
468858
829333
863181
183157
80590
929129
727660
934864
334432
146906
23019
554871
7074
358948
795722
875055
453724
449395
383291
395863
899999
445588
747357
869679
177389
117090
686630
144279
342763
742831
222658
501425
724040
529100
546231
221601
181375
747446
471863
225350
917498
557059
406733
326674
122831
532954
57507
471016
268311
473912
561929
851186
428588
603457
673432
281784
444051
778874
890813
237543
403153
420564
465289
292013
690829
335263
266436
637678
653318
744810
700018
313834
461789
276653
935158
862603
275496
784100
22283
479552
419788
604362
286237
254993
248665
635693
222763
10361
189254
878224
570704
693195
503201
776670
245007
218643
746151
609564
287639
346653
149750
211679
700000
975214
255957
30887
840885
871036
105195
511309
319637
361548
784429
287363
724761
814585
322298
824817
926091
70917
896193
546278
528212
185355
858621
188030
837641
167195
946327
432491
647294
376673
376810
887961
948705
305173
953199
304266
877468
744785
56888
403186
525821
332291
136391
100108
481287
22669
121617
595056
942428
328811
931145
799394
937600
315063
695201
228724
728386
503121
737079
193359
985856
553160
347
23782
490302
366963
500927
322004
161935
110551
17372
263092
882089
58471
921971
983802
622814
352710
507432
313964
734774
360910
210568
485263
573454
49931
466329
639741
227237
609376
743646
448914
923551
390733
819837
671535
441035
573827
841053
274012
212813
886597
381988
61245
434050
684203
484442
503766
337606
311435
792941
353003
909329
25933
672932
671196
174161
586462
882266
359842
464684
748474
945491
702362
751322
822020
728670
679085
616921
544493
685727
175394
129252
875825
7824
983203
997675
774431
122781
270563
816140
112341
206822
72710
843147
513326
369196
474252
842154
662841
872592
373762
926497
40539
391622
60051
359050
770077
863263
48203
684163
490936
97003
518913
460408
7291
815547
95621
100229
433678
107236
549908
304320
189259
798688
897262
732181
986265
21562
896387
51113
545240
791431
462630
200498
363003
974806
759527
111493
452793
660969
265060
721375
755207
300515
549768
735291
607000
980337
256057
48236
793999
302789
579251
452086
289405
577613
390465
488714
560800
255298
520776
599363
952361
346536
536938
917304
495787
868957
395661
757059
596292
428625
5168
372464
293649
299593
899644
212110
478870
568885
723913
63738
823
453274
950437
532172
423902
370396
831617
18741
169005
238636
68234
239659
41939
150669
837696
535344
259446
650701
646799
743178
956345
487026
127729
123317
923415
270758
307459
71925
20913
10403
404599
35523
466504
498398
512169
675275
619898
828487
577778
573025
21481
884304
738900
828565
824380
475017
115813
817310
220168
929669
120537
727542
600266
881085
599441
313500
953197
580431
363796
651607
622780
181160
894674
860305
870675
632309
310013
681869
974898
729341
85267
145321
962361
693626
663069
554794
106690
589995
347951
827447
550282
713638
583981
737955
190040
934837
269649
33173
228701
296972
887547
801742
28585
252331
269134
312026
934711
184852
111976
139978
27503
468267
825260
993360
647288
486433
593889
855834
996572
277045
635236
818681
795201
307185
781630
479146
320670
92777
734403
57781
894049
721910
598241
208903
177038
901602
646134
38936
271717
254885
926088
378918
19623
155954
956478
398546
89043
931154
816707
206713
71624
282948
992014
898358
155671
32501
196030
247827
490067
939600
612021
844869
288554
233708
523705
515303
668556
761115
105171
73133
127487
390120
379547
397269
721380
689136
806611
195353
192142
892006
266696
733476
867804
785032
666028
16447
89452
186955
694148
344717
443390
541225
211088
449210
414314
347263
100285
28230
179523
604846
191589
811436
951316
774020
712108
723636
279048
808378
504572
105373
333927
67711
738731
717446
190208
907571
678755
629226
30313
649469
314918
789711
679299
743109
954238
844834
583528
968341
923474
795694
548238
932276
376663
320795
436187
969589
798344
293013
731760
776562
910734
540010
115
594450
353079
869157
598695
91656
782999
825096
608066
147157
235747
175684
187900
972421
342679
399744
358747
787172
717663
874019
101146
734472
671188
917025
439555
807447
259389
633609
267042
54407
259809
61182
218444
350935
470495
856186
20721
782048
692560
78988
928206
689282
712652
315062
541144
936403
519917
700506
490732
671495
665801
489763
271145
361660
532224
508661
39218
837169
513505
759455
352362
193513
542515
949358
757518
250485
880353
977761
642529
468706
84266
489179
137220
269321
502274
943737
323052
102269
758638
50417
691404
101693
161238
43853
672273
865010
372139
524975
141963
611670
378294
438005
59514
94178
906137
823657
39358
838576
169693
567881
63630
631629
351741
622703
857003
820960
623965
934218
771136
934541
900416
169240
665617
854731
637627
116548
828191
624845
492502
303932
977682
695929
297006
472273
578400
250520
261794
610089
817196
475511
904915
402796
249474
646369
999087
739157
305438
361093
493675
891750
899223
308861
134251
575303
300572
173677
248603
303192
272752
172827
673234
833318
818900
787141
339256
567126
448580
629700
900509
719394
785643
16910
181423
375691
634490
619778
196356
546625
829468
914164
103679
928246
163067
80482
184028
770015
535439
313181
223999
998769
214366
65640
867067
828385
792550
817190
26628
222338
165854
61678
959198
776796
685348
672267
981212
393115
304861
767674
493804
532108
511391
960616
337350
739176
830614
262691
488585
174343
135346
942113
559299
695332
846085
606936
717073
867679
754074
547037
688981
395463
876709
145080
852036
270788
778165
246983
394530
83101
84320
995613
350386
808247
319420
398187
624001
450686
880961
321104
934139
679560
997156
682969
717832
980402
101974
798213
134346
529808
216475
768969
194754
31031
718155
456131
410934
454257
600031
894246
140110
783640
746920
835676
647585
3309
786068
431949
534961
992918
754012
640811
923366
446448
117527
651011
851181
758578
954794
412114
500867
910335
171149
222994
7455
454714
326390
771683
736255
290992
465162
429304
405973
329805
487080
906901
853652
139789
6373
854877
375840
397888
381834
221604
99708
48300
301018
230142
150609
619127
151366
171685
367851
921876
785408
322810
19963
872467
422800
778550
118490
855271
9710
63708
804405
413858
86799
923869
710998
687583
93986
632805
567058
684469
937222
181795
767468
452791
669539
959530
408799
258450
839242
695597
863219
701543
546188
861205
826073
220434
77009
764716
803375
820488
839252
847556
855575
653603
396848
691708
16974
320710
846208
705283
661227
924001
922167
730943
158082
743361
751223
534268
479915
430469
248479
143638
815905
500115
178937
114495
745059
73792
340272
552703
696478
715563
724064
621691
805645
880381
153231
719502
882384
58994
559080
995784
621556
218997
739321
845273
894942
699451
479935
173578
101587
77579
72972
636542
846128
172155
168528
826331
384348
316571
302779
461899
490799
327769
254460
138531
707922
646873
607652
845298
52566
913342
931408
495546
28228
565251
559922
337319
149971
290560
337926
153676
373477
909737
769232
565327
387400
195996
617905
190231
779189
396161
348008
535263
21100
610404
382181
187551
881499
83500
963914
761384
745919
133026
49617
317162
242618
261720
423698
787039
966707
906915
545358
788311
108860
328792
720533
976676
944369
561976
403427
283484
421703
653814
281503
955650
988037
170042
601766
380174
580419
478852
238014
567649
6058
991101
509201
566960
834244
202836
630282
261678
496577
234012
934265
452992
461348
553643
677741
644216
110794
177302
438577
605179
579183
841271
691632
374090
357854
481550
220523
921557
828323
345856
161711
752946
202966
218436
936318
323539
795151
49725
850974
525451
831340
27851
708685
939419
929762
595672
601541
592174
952865
29523
890106
216150
75287
739872
283947
371952
694791
129221
710595
715158
386387
843325
203049
281025
966431
142570
893323
308356
522763
705540
106090
74815
7210
275059
494612
779755
810453
817930
326595
925741
233115
596459
763630
524266
232823
828132
467465
319371
93005
220789
970976
922006
305892
136057
89113
739474
985962
826431
611890
248297
753831
551707
738598
953863
933669
142169
965410
579411
452442
611823
647371
761724
166458
3220
314029
162933
885335
994050
858055
255159
343299
78053
876349
843957
174175
935574
781875
766831
844336
880844
942976
11260
71583
108795
387729
758057
900697
396778
346357
554868
276031
725326
144500
156243
951701
796165
144879
70083
716407
256489
176431
940179
81732
144158
984300
473541
945538
878940
878897
595890
283975
906354
697186
366787
7502
689394
686493
545449
425245
694154
38414
865654
904190
445472
837329
402853
27626
890850
991122
942366
428651
311696
815307
642649
574441
494233
985371
489516
117494
319324
522531
78722
963633
888272
948229
992904
357019
367384
217847
931335
87779
15405
831658
799579
802103
78499
10090
629277
281097
954591
400322
773899
808920
843821
968439
423034
585394
122846
561628
21736
871637
246605
569975
442627
670690
16654
396420
395409
411381
151137
426954
157679
119664
378538
909322
867099
939164
967597
984136
312411
506986
859010
294391
560738
959651
103271
21780
238828
45008
49418
381487
718463
729211
66750
448906
854735
279337
219939
810548
616489
851983
86883
899355
749845
90712
250841
391025
152330
675101
438835
671109
286214
248752
758972
790339
485983
891570
978738
438719
970562
961608
493718
609110
448262
875296
470307
451110
531490
835408
109424
530161
716549
300958
117
621985
989213
447358
146215
550368
320177
764827
598664
124986
709505
983358
440193
384682
696855
283676
603825
11120
737484
822919
24564
804886
334621
999661
195651
758075
889590
676450
496336
210290
722576
278922
991543
510819
304478
641769
935522
498363
876447
760405
47595
382755
386568
934428
58995
607921
635848
740869
849880
237419
174042
918575
113514
917579
365981
646751
13550
443094
359534
664522
977621
521202
907627
355147
256290
145837
279017
230545
307021
727552
351463
413162
3423
432104
400339
379469
479661
177030
566708
519356
576468
717380
110256
160151
257561
219651
271393
412361
86053
301513
904032
931069
415315
688350
177298
484755
810796
929156
765781
443970
618767
999492
319623
50585
862854
668446
242378
640911
431668
649100
692245
809243
159488
502538
573081
787480
404524
81170
685185
709670
716579
870282
839889
814261
324604
775433
558025
457753
565366
717619
978373
486619
289193
230227
17056
364559
874268
114906
86634
464298
993706
488630
910278
231274
909140
584507
602546
25744
66210
887212
502532
909489
203212
152917
370435
534753
882181
194993
338360
422041
530617
286888
654760
129891
149660
947392
755117
959477
497184
656409
661888
665002
639855
863547
513543
785435
79810
935323
306250
116698
943635
321416
781611
800433
518373
345987
166131
28046
334521
255068
507151
427923
16977
128599
226323
442567
368068
210489
96020
203155
84827
51872
514095
230269
720304
406137
351518
686149
702086
928460
908511
79063
900323
864816
309839
166147
529414
560948
495902
626988
72274
967475
308398
447966
873413
23958
630221
708100
263296
729737
278676
432568
547433
613499
586402
867230
99467
273971
23138
13807
538671
13283
23420
688045
645895
897623
958160
776571
238599
378498
800231
69640
723982
518862
640092
590029
663013
369317
181915
706586
869257
473348
909745
911696
603625
417521
558223
516413
645067
555380
839964
221120
680673
909234
807167
527119
752032
59146
544198
157051
782450
470992
841003
75055
591842
498388
860647
143486
986056
669790
962336
947474
892
703820
109636
154908
580503
156967
232269
749065
687114
741441
765827
942359
461379
433123
449370
380783
983807
631153
345599
861963
351178
440090
85790
621436
421570
944088
323766
895686
423501
17773
145408
60116
684377
927191
807481
236975
72797
60487
905869
472308
539530
371217
79933
719661
304253
391293
237821
783225
816594
749932
789749
916883
896433
423676
180381
701884
765913
3277
375822
515170
953684
679817
428471
866464
249172
737211
384969
685255
13156
711372
699832
197634
595728
462081
751790
398384
343958
852098
70959
302890
525279
23470
154278
906974
66297
160862
403821
205315
813035
94890
677599
597222
585857
802546
916177
148056
856650
178884
176924
633840
302038
13890
576539
840258
728152
564973
710448
177183
836331
343052
379447
8144
145169
105026
148041
722716
35769
400017
581044
134350
406134
492372
3092
8307
145275
678764
448449
9574
361094
798861
884434
340152
613290
609076
960846
937493
613824
574191
295883
695246
89995
842958
713973
667436
981084
892398
543066
764053
98608
871302
218166
48800
414104
901632
794033
963260
711287
541796
77889
551472
915853
211147
522646
446555
158272
478428
550122
13653
170161
1851
618066
878886
537393
448754
264609
483355
694529
137114
317386
78842
305255
713761
272654
674670
618186
833557
587024
961281
426551
814195
14850
936398
485530
639533
180426
990995
276743
628029
776756
184607
760353
103968
796400
457475
166628
634283
521048
267830
447522
686948
319773
392463
767249
364672
980933
932158
962541
856035
671951
747824
645025
957664
624958
696440
753435
164193
687239
414339
602483
388038
931019
737540
372742
467517
887381
138565
519683
613529
636751
836993
884183
694254
131222
159742
625314
283237
845459
931649
124276
374213
820037
554483
374715
12155
303121
67180
225109
961737
740920
919322
816035
7356
310473
153056
655424
956804
301169
602566
864866
123033
978008
363255
620100
110276
723407
219504
786391
233388
295532
418778
728111
784301
381776
826756
925906
409992
426543
694036
319534
36293
940912
90995
443264
754277
742332
726640
807501
298529
608563
886649
684528
899045
392000
636189
311248
388121
318729
803215
538227
156599
158523
728708
113166
43166
948844
712094
814965
308117
408001
465379
357254
682270
916643
449806
919848
561606
623955
731058
517503
252246
507755
194038
439271
428499
760804
592277
619131
575009
836859
748909
648831
556039
267155
837678
858909
201521
449722
345355
114944
166745
393642
621606
224598
269286
394197
131910
49535
163029
15741
643466
195747
209987
427236
33507
968614
996382
475605
633719
85778
991864
767150
518760
794506
341014
717852
51974
320005
753329
344878
9454
657788
992066
548989
233360
826427
473770
263096
911642
555298
335292
95104
409317
539657
746890
934997
678285
797500
549879
366252
105650
667635
226251
238508
364940
391567
313373
663970
316508
601026
393183
351270
294143
683170
393986
251008
106374
164736
595097
571808
189001
695444
587509
731355
16392
524060
717902
636138
413980
401332
259335
878539
973150
888262
859879
517637
941478
453713
77706
42621
696061
542434
476661
936679
368981
316297
375257
343364
458991
168703
97465
775223
767168
787628
55482
605738
369141
219775
371849
547231
46543
971532
791706
35531
263971
34316
173118
26125
38711
984837
550856
581102
882623
570607
778567
54334
406705
876923
484001
424836
546653
314719
127950
610198
858872
193496
951904
974009
146623
701638
722654
749464
156134
836669
880800
445625
324297
460615
206345
791386
834129
736029
978397
900449
58457
958683
635269
583941
991703
478381
877442
472211
309835
747452
426455
505263
661145
647271
119987
99565
249083
724402
853042
905211
643618
915721
674558
611668
499878
334676
56602
875751
913139
946994
350646
205117
849699
130765
740371
33761
327181
761584
222351
262226
429357
746146
903716
924335
317776
506231
112005
952662
761383
925268
763563
53310
953214
316204
381662
662929
114156
841983
153510
311154
261779
719203
468574
136641
814807
200555
966427
418588
808489
903554
712099
34498
477172
780404
697666
937705
390381
846460
464094
594651
749490
810022
206744
884424
696628
89561
695697
624358
22398
93833
536246
64250
636032
555503
180960
745943
865386
299288
177511
931860
143382
592329
255095
967159
359787
579752
878406
409831
638088
797252
441885
461267
515398
101905
465931
273422
847234
316546
475176
241278
349649
298393
963503
142402
812912
399578
493680
736177
932836
977887
869482
241809
651713
112336
257430
39301
125748
411237
615124
471861
235013
591977
280823
119268
87523
213511
896837
116367
525705
948472
600625
532932
978171
235261
188283
281638
890039
839042
339209
372104
620132
146807
274001
699007
462427
904728
90732
819773
962378
406242
464771
84851
860024
593886
11597
383068
281149
761926
731862
609362
599895
694340
547954
397540
952224
841525
258475
701291
132482
63921
680347
556408
264909
642947
403729
361753
432847
958197
785401
972970
131650
937851
98422
319172
107384
656579
52728
666236
855044
452419
911107
338051
38325
525754
255354
256762
286504
860672
884548
151010
328177
991677
450151
33180
992738
817626
823013
747635
141719
332240
295792
704171
645758
1477
85167
662506
494642
604534
401684
625275
461719
288157
290221
103289
648084
135634
262597
562457
725842
825106
655206
145265
581161
387269
616178
238544
181949
833010
444518
495955
604267
959558
471094
225801
881839
218417
834436
923222
369108
189008
850816
341133
318283
150024
994103
188727
997735
57574
760296
500695
95312
841082
370083
627655
237137
407697
627771
74806
513116
234028
18370
50879
935553
60524
852838
485369
480584
416425
856698
25025
194531
213835
112774
107562
252202
184659
932122
676283
575237
663127
166623
387011
341013
681750
761984
891881
86068
656478
578987
516431
451244
388242
92735
282272
604976
64008
971260
376982
913643
57376
917522
519566
821202
585623
112723
853142
12778
450996
60888
48833
861233
616270
421063
722146
682281
566087
227009
948586
348362
545135
589059
77776
668590
151844
423075
927811
235421
28397
819738
765460
662529
70476
679368
380473
23373
876975
417391
696456
845108
164504
650234
125303
845572
117793
134407
887757
951526
913640
13134
723728
640069
940949
870848
861655
466170
527839
761702
244811
444239
969456
625443
391682
296114
431150
970414
346600
121994
131896
428875
41300
603887
701375
904101
899022
597378
682753
653600
262276
232454
643209
630293
828946
481667
621670
99647
670376
527787
160586
336329
947722
632709
577087
414203
620199
287812
364491
338888
60546
769890
448553
196298
200697
796033
713885
620856
573950
583419
724308
995150
631081
170931
513071
18854
185917
255042
660771
345008
855192
128564
304265
43273
683042
704702
446621
312223
319042
818942
660110
829252
77738
137118
573814
692971
370709
559646
600212
518142
805747
505912
463073
589044
307102
418040
626413
836399
47406
362739
836782
60595
946619
793862
596871
125508
928546
949397
314186
254146
575805
531194
278092
541297
583446
372687
321666
174292
102535
368452
24047
104518
510904
306226
906552
227560
21464
257714
484213
590138
53880
780457
521461
391270
83912
679300
759336
824119
877609
860941
574413
426978
316398
755926
968242
293962
955202
4439
532174
751540
669188
328740
280004
465382
204298
442462
991852
813027
620263
158294
547728
668646
768575
689308
767195
363903
510439
672563
548966
164667
317828
293840
908290
652967
474799
623149
143878
669335
699057
874017
834125
905191
360409
469368
571634
391940
536808
182970
651065
526192
150515
267352
831214
712303
646721
556796
718816
872540
946139
892693
780311
143982
65466
972054
891526
765468
233695
536893
445762
7599
562151
395176
765273
386764
880121
603694
192057
506248
562941
901761
494082
117219
478372
948235
18371
478934
617280
265775
335187
93511
465487
929893
39203
691670
750010
899063
635549
447226
165649
357152
548645
961787
172405
688314
354548
37067
536017
686219
743816
986283
751918
296428
384736
62763
363672
838269
52435
905299
544273
758247
833506
754934
291445
804137
645390
418241
679506
29295
171736
962386
143180
614420
884167
99688
110798
96252
394601
253140
486014
153320
191888
873412
275110
150793
220356
259614
532846
634869
830882
234924
222255
305564
650106
122406
827376
913745
237874
567920
631376
458646
33858
167899
429495
960390
248683
51397
454136
821908
542117
999648
567094
336798
562927
884152
127344
449828
506517
489004
523720
526510
318812
135229
730068
131443
824239
621112
860736
921687
320887
38062
596996
905684
620709
131491
917715
46503
438208
421690
818959
731125
58719
572830
588767
130337
16697
294363
604192
710741
968053
165724
53972
781420
188860
910406
731959
62282
954909
343049
66866
355011
714795
555867
402766
700720
36385
658679
376476
255973
46773
261591
516458
911240
856287
231794
654497
607612
121869
481073
912309
571767
561034
943468
81758
858799
555045
859621
339389
173430
699172
988976
454770
909818
79815
440066
245505
620570
349292
657950
737909
185268
858090
484859
486778
434656
549200
544949
73071
983584
663445
370610
820282
320132
105409
543695
548589
243874
358009
193019
717089
487619
488718
579475
834092
332650
539441
175869
978928
451926
95529
776772
455257
945959
837322
146409
33325
977060
45427
223978
109228
43000
186669
214044
831705
132397
248287
990322
276605
984635
361461
134569
387931
352871
742702
580416
564359
44725
725032
851040
556635
933038
822445
300989
124713
731046
213658
953094
505815
873927
744317
928786
92697
404334
475266
325104
727126
930926
859463
445993
313809
687998
241785
989569
431386
903036
411328
643594
803085
406022
354194
946333
700544
949648
272633
275431
796111
574945
326560
52377
488027
379570
253701
65941
518562
481806
762307
12593
514354
105032
86007
806220
891183
398466
963740
886338
644974
395950
995323
653528
195256
115201
282497
909467
875753
679584
95900
265541
239030
893930
114975
598535
253486
270231
36702
741915
148010
548036
707018
217392
833897
108115
387496
257666
535862
352518
348887
912403
38984
575943
113274
93215
437807
825943
706914
474019
561478
742101
421329
732399
966908
572828
440585
746616
830082
371814
872726
483125
594541
239004
828102
542240
68288
329556
640411
190481
743055
535346
566821
925018
289594
732228
445959
274071
611494
115914
852199
62796
338987
741639
259186
984798
102767
200482
743525
141229
771068
507501
908149
121765
961544
306941
256164
132175
279772
727684
71278
896198
562225
435085
96070
491992
624953
689006
494736
403517
444146
85833
755407
665901
501313
750127
684438
545820
724938
369792
707480
45133
469561
528723
930999
737504
885144
872876
319322
272824
49217
501771
848174
119073
122588
934272
626952
572672
418083
452980
289289
207991
694454
606682
863828
66887
224211
716644
142794
325782
171932
958583
2584
156531
935888
180637
871983
515547
743982
548376
372037
287052
881130
131280
49949
100625
491854
14920
666095
125467
521255
140537
852281
14352
207045
120078
941808
325177
270769
973424
101317
751478
533947
205441
799091
149108
121843
721589
166425
711082
550878
904435
428097
264745
546119
856127
91019
814433
337225
932516
639756
321068
322919
840076
367215
317086
436031
880502
273498
621952
791848
149006
486570
898361
773644
925298
143722
324945
982140
395901
735936
303110
219802
514225
545917
658793
762886
232837
365751
734189
207289
528418
489870
819823
844389
56117
62947
676466
945900
887713
588238
343841
903418
119471
598392
372582
873635
972246
608611
548150
644714
314888
502244
318419
613973
754661
938729
242108
650201
781132
225841
912729
560123
13848
988553
95181
884581
859513
977143
785344
502240
935518
861372
539540
500794
91487
137000
970572
962147
809442
358127
928645
126342
111840
724516
437379
378833
91981
255418
1185
491492
583465
866413
260318
34370
385205
675486
811120
501062
596405
880193
850853
833471
523281
523214
469890
767089
13851
848031
918441
751174
526699
913979
244590
775678
191977
711116
96516
12399
785993
386596
724206
585143
565687
14685
622905
207639
318355
806196
16883
276246
558730
730612
707828
934765
101981
186506
842815
126136
345381
701902
620098
514508
539932
463908
721379
874696
383429
768811
62721
641840
293943
526565
357690
61379
935141
469348
792010
28872
178420
159202
715039
882583
46362
144743
140059
584665
154179
77175
967831
176481
217484
680486
746266
952715
285129
535400
154761
906416
394338
357333
750425
912561
766787
430965
990331
265286
172423
929574
897390
285875
499227
554573
84629
325538
263387
729661
162518
923903
52110
915019
900
385989
89297
37380
314750
533537
732777
478018
906494
363080
928566
402824
34218
276548
516713
494452
50277
810198
989611
230721
755850
210683
141743
3342
592687
639431
916577
629170
861229
823259
524181
651992
319038
768480
793737
445619
452470
184845
698674
487309
599734
555003
699990
760019
563692
247913
791860
647652
582303
988497
434052
805344
346737
37213
765261
37794
803432
598993
502419
651778
24201
335027
859972
657692
906197
787946
142652
693242
392074
675238
379105
879573
148952
774627
697928
592356
108360
540346
127125
712785
601708
954133
164457
844034
968284
280057
871770
880418
849827
961059
158633
821094
633493
524700
493712
241929
119920
483374
84173
852396
348726
433636
161108
629208
656795
410466
784122
957725
422952
647733
224520
150357
300179
644704
383151
1567
684266
200512
934762
436282
787858
951166
800580
66802
614833
654475
823056
411806
21223
503157
228392
666176
748132
897019
38999
557578
625596
883324
312843
567499
133117
713789
417904
885170
352642
315753
561565
694613
455352
605121
897598
833354
522093
446271
296149
26422
59767
90217
168669
64507
471156
941459
781842
19601
364372
905291
937334
990686
846048
271590
928255
420659
793106
742109
865472
943690
443844
273263
351800
603205
555407
427195
12953
929123
243827
427228
364863
544964
272296
893418
461722
447268
806187
777261
678563
715915
428416
266313
77001
537047
927016
394314
902393
470658
563703
975821
249062
269830
170069
31302
836149
213221
571825
270874
772327
547327
682018
137627
834704
227717
366425
122483
174134
922845
212716
933067
390430
550910
138367
238943
798039
212571
398167
792237
440642
499359
84616
350869
200141
363669
529197
818461
684825
936688
566173
684694
860583
947127
930308
914485
900706
715108
12919
915258
420595
562949
461705
801197
449954
39391
962863
383131
335701
773628
83988
965143
769494
43300
256482
614247
946793
27280
64755
715705
418918
782543
314468
411933
821348
739133
660924
22862
248885
814617
589729
380836
743181
495279
928265
517032
644342
94905
929014
186960
413738
187419
190559
647148
840270
496442
860215
225850
364135
964494
146864
442452
100929
475606
344535
724367
859093
734095
902905
248139
672272
228659
811413
652268
749292
808867
193921
504820
320577
750481
389118
340566
121848
538326
288974
440573
215667
916566
945108
265876
534526
416106
807959
12471
91194
606080
728364
493383
501989
6284
387793
707996
114341
373462
100391
282193
357320
429505
84876
525587
754758
255505
762209
18407
638190
422159
861345
502743
891376
949377
238357
241348
788666
298142
381003
835055
76373
936742
290959
142635
193378
116855
481155
444572
987292
639238
361654
983911
337161
357912
533440
590293
473377
913654
950606
658372
275497
129630
563213
918962
922682
629687
552355
350764
171060
517280
875810
586620
309754
418677
926035
352290
834076
520320
71132
772559
671200
278137
883744
570968
653296
192009
489203
253053
706847
339043
995387
956640
629308
11801
235743
928259
447819
528355
466058
525519
571901
285140
383870
311831
829121
956881
741220
676405
460618
386462
235930
880368
512913
348055
299550
311005
467945
506068
465595
416769
164932
780731
185446
784286
994037
196621
417341
638406
250548
378370
189545
691460
416538
168714
610405
787237
382153
296630
612336
714316
277500
927404
696469
124036
605083
25102
455231
604593
940662
184672
793253
1291
836510
740109
249164
806068
565146
968183
250764
551946
979263
611533
148415
516729
292481
376164
113853
520216
448917
816359
232576
630613
501516
404759
94510
663154
914159
856599
156588
219030
634415
590164
84221
237904
584592
889666
83418
628544
601798
213602
697572
791974
170131
365196
159463
691620
715449
333555
846498
416448
154828
874307
571167
250385
543091
14988
516355
398219
352732
317893
439323
576392
391535
422118
133461
722409
900609
61374
651797
914659
873293
157750
233196
99963
216791
928972
136672
516500
892002
795637
865718
89776
97228
945688
758430
792801
904335
534896
865769
799198
22900
196924
971334
420963
636097
8215
407669
165375
343272
932113
880109
661073
27222
999819
164180
670505
496361
815752
906996
674747
807784
751514
930010
900453
985384
261676
458348
326613
580501
636290
279715
197584
992832
443576
724509
804942
267909
536634
116018
908205
477756
150398
337484
956996
822730
735557
713967
497045
192521
41362
272856
720837
857527
608912
822883
212553
165891
775014
550295
11513
649653
845288
201359
606796
520971
101288
951134
981986
668093
654522
636644
219838
435781
159014
475345
510505
823981
996173
346371
224781
612985
784673
720592
717712
694908
66755
921155
677692
939818
974919
669366
847662
57991
889598
529565
863736
164430
108638
940198
399513
384015
715387
261482
928298
409030
610499
568484
163367
114108
340124
871749
755231
725838
308379
367907
784859
658070
733032
577724
500652
781482
974194
942815
129014
465274
784555
502914
314357
403098
647459
450971
464889
742483
709395
569789
236209
801638
407621
725843
606825
870386
749102
912928
723673
768030
651085
551811
28945
827088
419889
231130
294344
840892
637037
555645
382350
766449
986974
394494
38888
86705
691755
168935
538284
389041
217170
248398
558347
416712
423284
409264
14955
257443
24790
606166
901708
394518
657183
293533
501494
783600
202121
252566
636112
530841
182767
502210
209893
105238
523431
418651
197370
449388
106106
32114
13524
917629
83923
688121
690957
340434
223715
750457
402565
818182
325037
917279
315586
334564
236719
866950
16633
395972
224637
192575
577138
607452
816661
371919
525988
701214
383586
42250
758797
767923
471459
842584
133838
312398
458387
565002
661834
425812
309893
541321
313923
669974
25176
81741
191855
184021
762722
221748
351074
118291
475008
121294
569937
439336
491721
893232
439370
551694
927005
101160
751169
161715
952359
398664
190335
160927
215049
291765
185673
207159
662628
612013
806984
163142
597588
44077
738806
687546
494293
66686
905381
203914
34248
98876
944009
677823
283950
521439
973351
976916
977462
50758
301977
292250
466526
709940
211865
655804
357039
377634
111446
608097
622974
955605
791530
698291
509512
767719
363880
995422
493511
426333
215649
799085
804465
192755
224253
881126
629901
646361
353628
268646
540846
159060
645989
833254
375177
331632
708658
189658
5234
794902
137322
123119
893937
892093
360290
20574
586265
444564
329363
347592
233667
37481
152230
295196
261
108665
286095
155770
64582
226664
456171
354127
648269
262140
492751
137952
867022
727219
700041
588045
987142
389563
449949
631429
130447
223533
493301
305753
411903
207114
982091
725704
273790
386236
764865
87311
975320
767668
155782
682435
24019
667012
719121
730970
323007
253241
181441
874680
355569
480474
220186
48479
655509
958677
877267
883363
609940
308501
446697
422847
214360
395510
730158
689390
527748
927235
744080
927597
386237
959309
444727
740701
772295
106833
981187
946956
935096
4570
311202
204713
878757
531823
394176
538188
217093
649512
504579
771194
706626
190829
738830
168787
546032
290220
386953
140020
617820
74641
565142
454204
700819
554996
513761
509659
142362
338586
834936
392401
275980
921625
170457
557893
86349
672081
303227
757470
111611
904185
956924
239272
53392
608381
918469
601763
105519
40735
840873
933882
211248
844112
371221
232373
959946
130884
105586
149626
479405
673276
593436
367931
85568
381452
409784
158340
386658
856222
372757
699113
257500
968236
264000
124254
157781
811668
387958
864072
320723
475146
997923
19345
219391
551180
182865
947222
970219
647844
637401
16041
167999
457800
279264
779640
211593
356159
198830
540477
656624
713837
997058
722697
298337
982995
403516
939023
179877
306454
283665
317565
120837
178796
293412
854686
145017
691453
535326
439696
904210
831179
831811
692768
801895
822901
738038
408667
852984
783267
413350
670765
977306
46947
531130
456118
19637
86313
661411
226270
728884
702348
14011
393138
891702
743257
29377
120538
563869
223191
188495
696052
379225
671088
884701
430850
551459
332133
918455
236115
419105
419029
571227
856541
370438
913312
487016
767175
658946
240375
716107
105316
664271
287106
732997
850041
342214
503991
632422
97754
829804
41974
981747
570619
81244
895684
53109
206404
466009
802679
318428
444189
716665
909625
33448
346090
915692
687778
584383
832686
740031
933476
175131
170324
841334
26390
244211
970226
422132
323952
110935
107290
254947
72892
879176
709018
283477
673405
316182
773012
526779
154134
211468
25793
799381
427728
11596
350316
15391
859702
808935
514084
631234
41879
282096
727477
369636
444337
429726
40656
470993
652153
89780
278230
858739
438690
256724
472820
808421
285494
723221
793913
171111
858699
308835
691774
629407
522213
803469
888912
495745
502025
129611
557224
23135
472833
624052
122967
449467
416500
237704
380804
690273
79247
622682
175331
624632
415783
35382
472478
845900
165710
924346
988564
102684
109009
506446
796291
567262
352463
797359
504996
988723
645800
260331
126426
843103
23011
669941
236390
803557
888947
132509
364261
143662
489149
397190
589171
961005
138904
25011
738832
144709
67618
598349
58472
554398
866051
919273
958784
766130
40017
837362
820124
314279
729389
546880
936573
936309
229376
740756
64093
587883
944523
922506
974511
3189
790300
552527
662867
964580
885420
304667
767882
99521
875995
939104
280406
643956
598846
230649
619360
772908
593159
957294
885915
594357
762398
248931
853337
175829
675385
594694
386626
764567
354572
542207
661292
466377
230352
154819
661036
485671
473870
433991
161969
334346
379196
258381
884939
743469
308114
833053
348802
490331
665699
731865
339495
454761
795374
810503
831585
482084
355162
32880
164912
848045
37607
185042
284766
500951
660936
153248
8060
225171
61817
957051
587668
499051
102205
680240
99620
71120
328652
913748
930349
121392
764754
365845
745657
983652
315389
894172
228274
933375
652937
157440
936966
458914
749641
707663
167571
180312
61240
3864
658688
383104
650499
915176
743551
372626
682524
120752
611585
746022
591707
24271
590363
820042
938683
8653
873091
842189
596484
413395
140779
521511
254991
250868
271258
526554
833261
568932
73372
438186
167519
268942
483986
53220
991945
755508
22112
478389
461034
798968
846031
581135
523576
517761
507786
82117
174372
820678
347980
548678
663241
974521
201018
685485
632265
92463
88473
379145
642788
274430
954214
823674
59788
99759
66
403029
297320
973415
53663
699086
563140
400868
863514
700216
219128
879432
571555
154290
640307
126264
166902
261491
824339
257313
11791
935865
733942
383188
861449
98563
111600
500332
73363
147097
357524
363950
810860
141126
157515
211033
232825
171756
132841
904231
550925
515855
951934
882274
216160
715538
464050
893789
856003
850926
830377
968027
114266
669755
482164
880950
214788
449275
250576
267670
583772
23718
733863
497501
450318
304961
831564
140739
420523
677587
141105
223575
886333
29694
862783
526893
632797
24862
836805
121048
144225
573034
210446
432393
64891
795230
334856
301999
649230
377722
764195
978043
564999
920685
891805
412575
566231
111473
370380
838889
594130
854751
239505
217351
624193
853055
302033
557958
717564
539465
627377
173631
746443
249624
162403
280077
750344
13296
333086
315560
854944
737683
257698
617997
966635
212587
203143
771543
152421
201541
735820
500213
761613
974370
759717
376921
871383
911092
551688
525344
805121
758236
335542
70321
701553
816089
94482
22845
777463
937174
291662
836840
317681
176678
935592
975006
528262
967602
19786
963032
195578
36030
691533
548952
44779
739764
266307
469095
883410
5981
834913
815474
399072
577389
200336
560353
826933
266088
127881
315465
562740
831675
462964
808628
207717
15592
361251
331324
625498
62023
563386
878797
813618
103258
440048
681413
650813
498077
259969
123342
189372
864051
417532
504754
958322
874340
981037
744531
846939
55988
798806
650710
850674
403733
306592
295829
658268
706777
207658
427481
683447
658295
581079
495752
454209
277010
447853
997168
73414
131959
926463
118370
441920
330945
918117
289944
818537
699975
430031
858656
610674
390253
392448
917811
622777
43996
166129
304597
185756
640859
52819
500871
89425
377754
456015
4713
639103
987781
25396
89238
533747
945182
307809
164350
364352
630436
630501
871872
300683
373732
444658
519141
181861
236458
389333
968544
923280
310182
778202
254882
645177
404338
423706
11027
580065
256316
696182
785684
530981
388414
223339
800510
660713
534739
592986
915337
976332
364522
216865
720813
504794
743315
11646
257818
368457
311764
957324
711911
694247
344173
552884
554835
136382
173232
106076
975640
460558
762565
818021
885457
391440
819349
554802
175665
435108
554393
617764
748627
413210
421573
42880
40988
46322
249360
293884
799302
682215
415713
213382
397339
460429
318259
511045
453284
344976
715507
265465
317442
593247
300946
735324
265694
660295
204239
533897
192077
396608
291954
143413
672770
108871
861393
442796
781957
827352
574871
729489
98279
48494
241033
752297
540981
573703
876094
40359
254527
870302
189665
667714
673198
767733
60443
30785
464538
552419
774845
654389
921632
80201
638131
725954
792547
391878
737567
977918
146742
989516
273079
596971
342272
434842
360549
102898
469463
880944
72654
251662
107444
819665
435445
477656
440643
953284
156119
640509
111197
68875
408770
983712
890578
807100
363763
898980
367785
315575
396589
454752
829895
635776
987824
781895
444582
684330
992491
356837
658737
66585
698879
382195
357252
900843
551816
567826
248364
874681
196568
4216
776242
958180
748941
707788
911451
577024
61055
231120
176134
162996
338757
36818
236412
427784
608549
479450
832524
671697
761728
845667
710843
162915
501384
201075
599480
751743
93903
450271
538463
604791
385110
505667
674525
919539
763812
983176
893283
473397
498245
957720
324164
914655
973419
953940
331188
996435
244312
888765
764780
78397
871952
971373
184550
912273
173384
841565
693673
854602
866220
620622
604890
890604
262696
973895
160015
395974
384788
484772
183854
875136
793174
993299
466370
601675
927627
877031
273566
744571
891596
97707
202199
441238
667977
347588
239308
422417
35973
758686
449057
684632
344486
422536
445672
583433
168898
275588
304776
384915
212278
507857
286604
549624
66592
819491
794668
634720
504241
412376
73456
873163
596640
16278
450464
892914
136211
960476
881737
400399
132264
811656
502808
271102
544947
956600
293836
537973
172770
367827
473097
905050
81608
233546
899449
924676
366233
320641
546658
114244
255079
648750
276972
373901
964838
79310
305478
403620
750070
217539
223727
933314
675236
133485
739987
358964
416083
199283
370938
708028
672058
459303
277451
471107
13789
2857
237155
978680
505084
453922
19371
907563
147598
755428
361242
198794
372762
905036
913807
397341
216891
770134
218986
217216
241318
940853
226958
633186
710228
332350
291854
723342
865196
166704
281323
32359
167071
365524
43473
65155
709646
602162
491894
358436
177782
886704
693694
903450
202256
495464
924819
977884
403332
189319
710854
132628
700336
387321
756845
960612
212759
237244
256506
889234
61665
173926
492291
920624
938954
319753
566472
331830
646166
348282
755086
618815
123846
37719
371335
125866
364685
255822
205748
976983
311381
544096
740427
773284
648515
650758
35943
144416
428414
42922
947692
657960
258230
274703
678552
683940
948514
463774
615552
863509
566850
92902
70128
333694
23848
145134
6572
140642
702170
340668
357995
247527
871663
911083
243044
9282
475393
661387
405107
479520
481163
394873
989597
540021
218971
618924
659170
234980
870631
292626
887752
299928
534712
223576
349326
70116
352932
746307
235098
84434
138781
437752
851250
123950
313761
19800
945870
358387
349447
272021
948274
238352
952498
357676
133466
603924
177841
418328
78698
986710
991109
709000
833344
672550
104916
458235
191091
450495
965659
256432
945176
475900
899156
307017
333303
52403
166990
792475
287367
421787
93126
790703
978080
520961
62245
641099
437283
560161
295529
995877
818963
320083
868191
229729
860791
758934
313376
665186
527996
916219
110231
306994
357130
505819
628949
86195
844852
914207
943309
176098
335866
