271968
343602
186114
691540
733544
997311
713308
845988
786472
193412
362892
995131
80134
768177
639555
37143
484105
910543
773599
858021
880072
258159
731093
929640
76876
163670
780653
411627
866000
221487
339816
631597
326242
586152
248109
317084
418907
61944
150007
853345
863323
303497
629419
561856
224656
795213
4817
397490
880480
269057
320019
605759
147749
560868
326761
765007
479345
91993
68013
630399
422103
814708
379838
517586
776773
718495
970182
87195
890836
199427
560522
304466
183807
401951
834688
50164
254641
276914
819170
61052
387720
713189
732126
279160
818118
708474
918333
326282
565390
452491
246487
892429
321134
296092
402664
918136
515546
331111
864089
181221
565301
447806
160305
223319
866078
558402
814033
681503
567067
622835
962287
19735
46207
731214
245223
157640
501153
142072
643252
982129
117566
453425
354369
449135
776733
801190
327859
978406
707845
651812
770351
894617
116269
216746
127468
523887
856671
79374
286145
791863
399887
700432
241771
596903
148665
625238
636682
948486
252018
39648
425039
719415
960740
133774
155913
748511
802390
922077
288612
286517
391508
363714
771819
7229
213002
471531
618718
883268
512828
892034
681685
405499
811927
844318
291052
445406
815999
129183
167389
397254
162395
278468
815417
956151
432942
390700
929578
929791
415499
587799
584304
748269
401678
106568
818666
646106
260389
711710
507879
140494
720591
28011
627869
78073
945411
509597
933016
484140
854846
135300
245065
367249
739618
39423
407514
760858
520682
202399
947726
807895
814746
659690
266184
872182
347837
619611
381579
605427
498858
392129
334315
265035
403749
257305
299166
425351
572740
808855
916512
684716
673857
58162
920343
956396
749107
631993
370222
739071
88502
243364
265676
965636
242748
919839
450624
645672
602624
652445
109353
178312
540306
710020
490795
87068
138811
20534
216082
813033
839410
750953
895751
372100
196031
284908
562267
462404
242004
313880
451488
56718
274704
791508
115953
897390
136057
104166
169580
519722
589218
798459
427968
202716
895117
591599
81161
701035
576303
973018
762309
723452
189133
884638
562177
43424
74079
903745
914893
201622
450809
761335
958969
130929
935801
653490
16751
604820
511579
486153
881833
70817
983251
716651
789195
501281
853029
61791
665481
204174
538809
178238
652528
304368
133359
645954
101037
712919
660371
324369
350633
512500
410195
533228
390141
435354
146635
343791
750008
392187
99762
392433
657751
65577
823132
14860
423086
914244
426572
361649
772351
305956
174474
729378
806102
140804
55906
891887
825091
376788
608890
921900
358412
891500
581135
157556
333994
552304
692892
586222
777909
25046
998396
561556
186446
563762
205202
916494
462707
182444
580384
96479
707995
955429
506427
216902
651075
600074
605113
432053
659243
157982
247833
56714
983943
650779
362769
561432
747242
797692
549771
543413
820678
293267
820059
624723
947349
642848
153081
435075
667619
583107
464765
623077
724049
149435
419966
363066
765640
696629
971401
654139
777800
493972
330820
302265
719214
974234
36303
395706
382873
510908
665670
670545
373941
691503
116898
956842
935892
851036
103298
273478
631048
412748
619990
532576
440899
661121
388347
805484
249213
798418
679142
708342
511565
334201
314264
469551
640561
137859
581465
369876
663725
618723
942682
24761
631099
665492
573817
388383
862102
445643
210886
41799
570992
622066
9117
289838
189289
96286
848401
551801
540114
678190
865604
29422
798018
269039
645318
924057
48456
97401
778190
590539
455279
343282
757980
298452
267527
600790
823477
878789
125453
892714
211701
420033
983899
253504
208171
312608
37321
841262
814081
38461
771122
613001
491829
668861
697215
583510
49895
301885
779587
983549
592050
935376
121625
184598
644694
460567
633705
95124
532196
477255
25267
109627
419440
393344
144649
712468
110025
145868
884828
930980
904955
606387
299119
286098
996687
745040
817559
439486
392862
723553
72459
3673
114352
451327
988789
455166
618431
364454
265612
950136
203899
813300
735496
589700
447126
230067
497476
144274
21870
741558
378498
1997
757754
200180
507803
12209
789517
534976
242683
460241
187665
423060
73277
154436
497273
404045
537066
977753
299452
295164
622629
655650
146810
556982
982803
468823
899370
947866
868338
116188
46798
638223
722756
526052
15537
13900
899262
706909
277544
81865
834680
508904
67851
246187
300895
178260
226879
796961
403968
314522
920879
429702
841776
554602
644352
213506
904441
775303
127070
384294
177731
298741
717641
552052
856710
254709
294928
497109
407457
893806
622783
803891
58435
421547
423366
279139
467269
129575
138118
490723
776508
94620
316500
436583
858927
102100
18007
15263
546694
635947
303164
634356
219200
375603
876813
580046
68631
133514
265558
689814
578841
584339
825388
57076
424377
664864
881942
420650
86800
831718
447895
475140
106915
27327
592405
873244
434856
669364
738469
343005
732381
573117
724556
298070
714474
400254
198928
748360
861598
974701
589296
769148
403288
281172
16784
438386
273553
530183
754339
331848
330450
562569
496118
214967
437605
470366
298106
189052
418194
339304
811048
850938
323721
905123
489974
474502
168066
66093
763675
415026
184911
71991
57531
864672
44075
984067
752146
912595
818107
733131
217921
824368
694838
679650
83236
76157
297541
808205
594525
900563
596206
709244
578051
109685
953776
776428
221206
528746
118528
440903
403622
596980
303349
640239
522718
496678
444240
998674
852769
344182
351644
328433
10286
275751
597995
348883
432421
902994
210270
527880
4414
662508
67762
35786
89899
957402
846763
319558
779976
938546
549094
311017
228074
294778
218187
819083
977770
684045
175625
414423
401227
334163
848054
33633
187200
980331
295888
157605
606501
567404
201331
174921
15035
194474
164105
813762
158635
901100
419542
306542
747970
493775
614120
352518
274981
790440
894945
626771
211312
812129
66985
460675
369964
740174
122348
289253
59020
48830
198618
216934
333909
456744
737213
338103
362282
450067
581813
316023
500430
964440
131114
417502
712466
34549
677375
751642
802490
93489
415191
827908
649519
902369
950678
99949
674502
537762
964958
223752
817572
664874
390044
805129
997221
452923
84798
854230
310448
352754
404985
38729
785496
273848
978379
653569
274366
202127
876945
118695
625999
866828
569666
428013
112296
171777
28008
527239
114252
49143
840550
698761
73126
523958
598145
834435
34048
721764
43687
950525
414917
987391
195037
875094
407617
712116
389799
52118
327430
873529
101218
468734
444142
430931
79383
962815
377644
463179
630396
685940
794012
642193
136232
900904
82513
562464
203102
814486
896737
396057
410062
103631
450560
348258
34506
192416
158799
656311
222624
850423
542659
121121
374539
140316
546066
453842
504276
106721
82811
985698
546147
62485
48668
378872
327022
743346
972703
594554
759156
827611
696868
130990
434733
369190
684585
120269
472278
903450
268417
179512
370328
728567
320459
739524
159396
939505
486573
494626
534032
637139
772545
222952
933046
11609
162024
656840
776122
499258
461855
172164
459231
605299
7806
394059
234126
13265
144089
849388
763500
191489
18290
504727
176644
915818
446401
395733
283146
346841
582476
520481
38949
657346
276151
368785
353133
424210
76044
65911
294252
960934
176477
419439
152139
779573
481334
307840
215498
386214
258570
564152
292937
115856
658619
584382
711291
278659
332819
971118
90543
918593
633364
744102
857850
648251
587703
806562
369183
771543
24586
969939
562284
301956
846793
998365
603878
109895
530280
57241
712407
686680
336868
165353
469948
708094
146491
301252
668146
532530
293337
281477
519628
365162
5132
814036
539555
45083
309702
774929
252064
484119
517862
497991
652313
621518
822495
752749
375774
108622
776878
91645
356533
775951
439203
378429
310591
355961
55161
150166
801881
33119
756897
298596
827200
680147
799628
54718
207451
729201
514361
956121
611859
595708
17602
524619
549407
616723
104134
580161
51246
654240
494530
159863
711450
948077
51595
332500
955705
389818
866108
603239
268476
915612
61072
893994
373275
544511
901530
405682
63295
967389
852914
550639
733049
593991
77434
195126
819465
341993
953996
235639
683495
699236
155536
820992
226311
144316
639413
111861
787791
503316
57190
919256
76013
961614
673595
82210
839126
151516
243236
970391
305136
758314
552723
118517
832381
126994
260746
122453
667918
306927
491109
49759
777038
543332
601854
995206
111992
989107
88640
734986
977858
756764
46371
999281
133805
36295
791921
468779
712745
443800
23852
484989
438240
127438
914788
278518
630141
166791
556686
820780
882887
642178
586325
218057
46188
952176
989468
439693
458263
718442
173602
525532
205222
991979
225989
776396
920520
827178
293069
499109
159118
423108
201236
643594
132361
914375
472492
365323
828896
521758
499657
449796
65750
671220
934877
204035
49508
157014
311978
780225
629265
397634
462171
720403
667878
375345
245089
754576
944429
177622
779414
99229
243122
65368
727367
379830
873810
691144
407192
556914
18674
856212
377899
272045
735552
640433
135243
992976
751126
898449
271506
408902
368472
353955
974779
367966
928602
641006
133074
964566
604536
101571
506544
668857
259608
465330
348521
518252
663899
982491
241594
291083
158961
941836
391944
42568
229597
345091
538725
505595
968692
600726
690410
608628
324744
746503
370974
187754
776767
908984
516931
70792
817960
808673
905667
181812
993906
715276
56709
797993
517003
669215
875912
681899
780680
279587
372299
447874
366402
883393
101087
750881
727700
908879
895927
912080
509596
450009
970145
228198
149337
594318
239303
244165
299339
315763
210593
512088
938873
250555
477056
502147
24889
57462
467520
986096
650076
214003
838307
567197
145832
11639
757504
352714
314790
243285
43633
806617
272449
803877
972094
291874
287630
82936
461383
222241
307654
708614
851291
571096
497410
510568
250531
296814
957828
349139
216683
903558
940271
946322
503276
846498
958425
607629
322005
622346
434950
799261
795950
602533
767205
236640
273542
135423
370615
790644
439265
399536
696283
744925
961077
669903
781440
725370
30955
708401
227969
327571
101730
169299
207578
727795
684609
472362
584750
56289
862517
980847
588095
888709
806863
887283
963364
86254
958988
262326
517757
828894
463593
214173
510473
329472
588897
116145
490929
517495
569722
604365
510448
728189
368573
776533
589795
413608
370241
354639
364549
807699
813567
565698
793449
818416
278635
366707
777359
827983
538349
132531
871591
754657
673051
270018
238440
692052
506926
903484
156061
125117
869441
990953
177509
105701
769579
354206
175786
658579
348282
528326
108407
598782
383544
964609
949899
95650
711769
500325
921742
283217
416182
600549
767206
797455
245473
329287
309270
99936
529907
464283
910977
249634
300234
713948
966351
28956
22012
303367
788214
496020
289581
274961
760116
153944
889589
686772
720991
816829
518669
805771
916282
429231
571738
961016
61926
410628
391898
754007
967832
365749
999554
438444
231605
28118
827212
142689
874982
395988
467568
965852
670326
433340
880063
490519
717267
725997
286173
56816
25531
996108
991022
626604
364878
333760
268484
954950
59167
303153
47721
846064
10025
197690
114027
788616
246070
891970
339892
359717
298943
263920
667501
330100
223415
119659
930542
527488
440748
19078
26243
145011
64001
491961
629203
311135
305268
59957
674093
22259
892833
865509
60971
897274
835170
759344
845551
59294
271840
603665
212925
363588
336646
225115
923692
274641
699115
595314
602134
686681
664167
265017
619565
805575
68698
785489
579933
796695
887797
746134
808747
804928
62614
645643
53486
471997
411669
718532
903472
953931
31623
459743
899918
977377
452539
11485
329451
285632
796389
809842
691087
982017
57568
408070
460951
176558
523608
141998
706079
14698
822138
804438
979251
884684
903056
750396
800521
31556
185171
327392
188572
635293
145412
329826
65468
985296
483739
119699
943691
782428
162774
12189
261494
706205
845025
366887
693011
878573
370777
625087
365252
341589
211761
563627
36099
140029
939300
140754
239021
908531
556909
908790
948430
881939
212278
309275
872115
612912
579667
790082
234498
359238
777057
536441
333972
306463
277054
298684
416030
416594
752220
73191
192133
950502
994694
39121
513650
566631
683084
430965
214620
283659
460987
637478
885409
871668
823400
375576
44196
474634
768738
116163
204608
397759
899265
150373
610998
426410
7805
638818
133908
237138
58675
15365
118689
833379
675638
430228
425863
447993
824461
893428
502582
641619
938278
96746
805036
532203
547701
613573
211959
687685
684429
857127
954664
289155
491096
407463
336254
769376
666926
786235
616717
879092
870921
656019
890593
107165
891022
837401
506372
868233
208639
845352
970141
732883
939020
78519
463781
51422
666303
605892
90868
957281
483039
41901
971430
387458
715443
3289
473437
289349
796312
832916
802356
534872
654419
208849
968254
857146
789359
855918
355810
485599
302504
59287
282344
859491
789593
659944
115389
790544
818248
908322
173972
476822
953574
195973
244844
706374
303047
536686
175478
638307
335799
991724
485200
314460
268418
110499
822376
77931
79620
133803
640289
924181
360185
760995
73073
614754
376000
585083
56164
278653
380025
762046
466813
505150
448467
195228
435704
620733
898300
835276
466811
799553
880351
217797
314809
504151
619654
537760
3351
272248
382102
444790
635460
824375
827797
170434
112325
838841
645810
959436
771056
220849
757856
329074
72659
621366
394250
240099
418794
722641
46136
540129
992650
218119
753212
636959
495900
660740
871440
737797
17982
933582
258618
973425
432083
308941
712027
87396
67222
866246
953660
595048
667448
25362
543287
712351
634963
71106
692673
24893
507494
90175
157832
328495
461931
334488
83772
883818
808258
656766
982137
988888
95595
980151
422222
579426
595275
11883
816169
422300
835437
724547
480770
825584
37540
152198
740160
158355
742846
422036
666073
462529
134163
456219
286649
477386
979124
819784
555302
78487
456909
738347
200224
889814
443870
45035
78322
831177
438278
980754
361510
331638
611096
891435
316569
18278
674523
471294
81314
344290
171121
991458
486179
523946
516795
782800
805642
734705
152582
42976
646583
876089
696146
863041
767171
623566
312153
450676
803792
255224
60775
383251
712748
127949
58983
542062
784590
75749
816050
175759
595044
477114
30601
665045
61365
575068
52576
229225
788920
784950
97538
748309
535261
429222
535158
449914
947985
267284
66328
182627
114112
534743
906848
381327
582072
163134
934611
818658
902149
69239
952801
94097
977734
265872
462532
857821
521165
343091
868335
509572
912330
422732
587499
429565
646699
543398
461766
822682
176906
637884
566083
451466
506611
10987
311939
498403
797647
808150
605410
504503
915189
559951
965673
407357
749308
60657
150995
634554
254374
309679
468318
866552
141262
763211
535615
353200
740821
91622
567820
586123
583854
510649
196740
995733
692803
475855
361877
686278
510947
113032
667267
544066
889390
722369
59811
458716
64830
897100
377489
300484
964919
530704
781722
345693
467912
238690
602263
569159
430042
777926
270627
939032
841300
705234
742555
46927
575848
869341
966426
709621
140912
736022
615621
15556
918159
170901
93604
802385
406967
882629
267900
205498
711783
227357
171848
951947
471298
271286
15845
9735
149690
360150
118372
946739
854283
368204
162063
375006
203960
386915
230988
842192
922085
111471
874268
980553
326858
842445
199346
928723
501939
703657
151045
856561
640183
548494
616610
738801
558885
623231
381807
593596
537690
803839
876456
975927
672147
139790
621062
82097
950724
952133
656195
562299
167573
495036
676638
205236
357938
191556
604121
235265
86212
785094
646171
848737
817637
409586
187924
555909
120652
700287
573899
886669
142142
673023
93206
990763
302607
174168
714544
205549
157175
977685
206843
823463
356722
624092
505677
946898
271655
880046
625825
982834
69459
256567
627499
761436
513908
934149
639018
668493
804575
295297
233132
465844
364140
399899
157585
483871
113392
319640
715131
240569
212593
358516
367205
259617
760545
248116
784153
727167
298901
729255
967951
68589
581351
83224
526295
417809
454155
36073
678374
16795
203669
331479
787669
400502
814436
798656
975448
970703
233990
515758
473342
108342
809014
909509
886496
394020
3616
1647
629181
146597
45278
683124
487948
351038
174384
485553
720489
829334
851397
833507
241789
471354
705225
169518
989611
458443
531340
475712
694805
715717
891356
177668
878607
301017
868476
198755
256332
693102
730399
195310
242320
956635
627086
319935
981151
113771
140372
129557
693876
81404
357034
877335
236132
996797
400178
521070
885689
452161
272316
428914
311352
568155
265690
261715
548474
606094
868232
270231
842664
701186
586881
445318
282732
641629
101749
97302
975054
61943
401740
991453
334253
129207
399971
449024
818667
595425
192827
628617
188525
414603
755200
668825
895255
181582
835679
553507
64241
668837
534406
823396
676362
646107
108429
397103
468300
53839
810999
93163
86037
517737
927961
146588
119584
7627
449547
115548
856074
116730
157321
688291
631106
918440
981655
745869
867800
494462
660925
296222
740506
968888
539753
134113
813487
881
298912
964903
417551
684258
47436
614352
307597
137512
728750
753652
890345
588984
635022
833544
456441
954413
346259
346049
426142
846762
407618
131929
935270
29598
540428
104560
925610
939832
872410
447251
285850
11709
830634
910143
6704
414868
122441
942574
682517
637569
549307
790765
962255
12999
932772
812919
644474
857130
40105
34371
333147
853476
986468
330319
154239
255544
883823
373739
448424
304317
860829
872272
418171
282146
862875
322537
563515
133832
277763
712679
404857
961337
660727
478423
568544
994365
126036
78576
360951
350550
198217
567366
413187
885089
869606
401019
286501
86605
77252
809634
926261
25350
143172
82358
488064
786252
142280
535739
777034
154138
662323
618107
110999
265492
61252
678549
469869
762912
928391
752439
962129
425082
470297
732509
229044
238708
675078
923404
526621
852199
398230
192122
210844
278504
234723
313840
607727
148073
756489
681415
966523
423633
100215
540132
399402
165606
190401
619760
424628
427601
162592
803372
847146
698064
403884
35611
490443
932448
425111
875706
977223
558437
428650
6542
401289
608933
710731
276409
948752
116942
723365
787721
375728
819761
788062
659104
838775
164133
858287
917730
589969
736378
275447
904982
273708
115527
435841
813360
30707
530180
474647
61013
213356
579706
862899
587561
949178
491984
917409
939777
592824
78763
401178
996296
642623
599224
784020
488658
960557
599495
138027
637332
668110
128742
430454
187685
109095
980873
813063
474586
317146
798096
718564
168048
236991
250844
265585
844587
773278
149051
100304
751097
115168
425696
927529
356244
990015
406851
409901
56922
962898
337626
866438
910146
279242
546019
364691
737901
789531
543111
235031
639929
933358
616156
116977
878425
507292
161632
740687
127364
501549
723998
855545
937993
378959
97258
436254
890438
987309
27636
316648
780421
7537
213491
329067
356216
265375
173271
479399
864495
280850
189145
707099
970623
570844
839194
566389
647743
594750
859668
481066
69809
899385
895125
672802
607823
232389
503546
46210
508388
775560
905059
963981
289279
961529
248667
296752
361865
282068
200553
55574
130574
534236
252632
227053
450950
200016
907923
349540
547788
813715
519114
812094
462249
997709
684819
274317
5576
991518
486002
305279
93356
204540
613522
790775
305003
753924
845286
219707
482884
673201
389083
594212
186756
255868
993881
155154
927053
359258
745887
213412
229139
381257
959782
630564
658273
787848
726072
370658
648321
864010
923519
66370
373000
490798
188217
936093
297742
661396
934423
530177
184595
141829
76850
885698
693714
434928
867684
640071
988367
165388
337474
583451
686912
464900
609798
488989
333234
903120
314098
244333
383070
698797
831576
568336
904316
171556
648288
625010
239337
944567
33250
154978
639950
741454
420286
40615
976713
939688
924224
698895
139262
890749
833245
139153
241169
666064
150861
205331
444567
723670
418972
967669
929020
202522
570207
669587
860370
686590
448525
435577
722079
27705
847782
714768
323165
924733
41468
889046
656994
85386
393200
173785
625375
381181
257466
109812
628316
196863
578786
57806
669575
422570
226361
764260
766881
776245
208588
700982
151982
42810
196802
116018
47803
720413
527551
978443
691609
676332
52765
923116
847663
178951
529118
759553
113284
111995
562793
44814
379359
867389
623057
132666
213052
723498
461704
51516
440344
98246
291960
947074
288711
564147
193242
56752
808219
786962
829864
310514
595239
432893
356112
923411
59237
695126
80454
977983
216437
558446
202764
782624
809717
884896
575457
857868
908465
759207
547591
2821
327556
989069
465229
625712
520325
292537
576888
382823
273032
576775
84225
328262
203404
139595
63013
253335
878244
623992
576521
691996
705154
327446
475169
644121
287734
682017
347422
843548
65362
918668
841834
322799
659260
5145
988500
525485
894593
557058
864760
855304
170208
71618
255279
987010
863014
537266
135057
444618
257550
369749
958380
125360
341421
720511
462313
846401
56243
676210
421529
236187
428777
749475
753425
159970
248239
462807
835845
717231
827448
835424
775917
991651
803234
329262
217235
3221
346441
991335
750291
259318
375690
964002
418018
875911
755977
378432
497044
655534
389797
121576
77337
284520
44797
787080
902565
772445
406932
801924
486272
265985
550673
830494
674881
947296
917587
511709
407306
34688
795530
651736
691091
608290
426215
412332
429180
102364
943720
926552
304555
115226
177074
768917
352045
299200
887743
959432
580336
808272
797038
175182
254773
294138
73724
142264
378553
508642
601999
678036
936652
776770
171002
360587
268134
600300
362756
889673
580728
730116
678007
602881
817256
356452
195129
755050
723464
903616
758192
28381
810430
204851
626433
652120
640662
361039
449568
710532
910996
838107
299355
831181
122618
543005
102344
727168
724145
304140
413461
663164
665260
364681
317788
382218
75267
428942
154493
427556
651514
719069
647688
366290
94672
110066
363526
768038
117769
811753
775688
150207
249641
376219
987996
94020
408648
838117
726702
649827
564453
973179
295347
346018
776337
755745
880100
782605
221789
659564
791577
23620
228955
168771
131220
179088
396090
42711
607309
955163
431264
754755
159210
364880
481895
238886
939645
539781
611252
679390
847526
18939
17707
971251
726985
180516
904026
968363
806154
24705
951546
396314
351836
972809
294601
409316
552326
97550
285722
479963
343171
759944
289666
901909
888324
544778
230847
683940
436756
251502
403062
244734
895566
722023
973213
465328
620960
250801
367085
868090
748956
657006
210550
723112
151289
99250
868400
109499
169093
59504
704381
386468
975147
521537
913965
35111
942622
892989
831467
955261
918060
808024
903545
387000
930258
829328
330635
312947
173748
385167
380473
292438
37025
122083
619618
34451
691429
178964
895149
723229
644143
630978
722396
41580
995311
29307
699471
868890
106887
686737
881982
525518
105985
586343
141200
2886
474265
349640
37338
447864
781589
218790
704066
90022
372198
472264
123366
940017
725044
7085
208567
161182
209322
543680
533923
977100
469517
908820
353180
640593
374955
2103
295512
361044
255209
350292
741873
98700
251431
593384
914657
46000
544457
574373
820214
999379
722336
996668
305692
428685
643337
637583
182581
997888
23570
863656
806376
965456
51395
770063
353905
885701
703799
795348
267275
617851
154975
929093
274559
304095
526507
232246
754852
296968
838673
610625
441525
891346
895870
182029
871109
907077
662418
400299
651844
104640
260890
765301
333842
546175
92182
988080
183059
28453
699380
44811
804887
946533
557278
241860
172720
322159
378466
398649
635673
524717
266742
190020
66747
980215
472189
524433
880512
588978
675818
700649
458691
307098
461091
787333
812
969371
139881
142136
808473
524320
473633
63713
493616
422522
332270
521824
271350
884975
153894
278054
358411
543819
703766
321845
319918
182623
709001
551637
92345
282399
218082
181481
261254
726030
97663
647860
714200
42684
566949
775448
751838
474071
156411
553443
183937
959133
726391
66997
806416
662406
508073
329232
66600
789246
388564
285365
26849
896032
970450
573724
685469
7050
355262
89420
807822
200903
658641
744403
858140
22789
964671
229
642220
69006
772294
666403
383299
304705
322599
918381
881143
588333
442596
834543
81207
778583
979538
328321
653510
806883
596420
591844
681978
584915
450779
230531
661472
843629
302411
848697
768900
891224
749132
22230
350275
319626
795320
322585
796489
448788
358090
242721
381843
341067
465850
646825
301400
931658
912490
249083
282248
884369
6234
795753
365148
623634
30678
547927
327586
125742
349564
200666
570717
677848
504707
972130
677061
39548
36873
475582
770858
460575
896830
156017
558225
159953
236421
706881
713232
501031
666791
454940
356121
723773
848982
644647
947777
807824
40590
469181
68682
234885
962132
878084
769080
932907
79926
506804
680762
425649
895572
843513
486045
820523
334432
197076
369357
483037
295825
463254
920979
326141
993491
571725
145277
79281
381935
610207
177647
996171
752252
163197
345435
928518
130802
42980
828117
550292
66384
352400
57113
458878
299943
377837
771151
567407
579709
206011
193974
716948
693052
155645
175905
408774
721363
973607
154435
143844
993916
550170
611035
131740
977156
173996
854424
971897
464822
771043
667349
322519
426074
965593
414089
777672
559235
557230
650764
221877
657187
452379
9498
998788
203533
137227
557666
691508
849376
353330
914288
412689
58272
332473
993878
747773
814329
977995
699648
469372
763471
358696
764677
137203
384417
306749
131860
651418
850115
905652
963848
896939
187324
49451
262247
470571
826475
615651
829202
25636
174951
357901
350752
622714
641746
83703
919012
58794
101164
639814
74536
961128
21899
375643
352237
947187
973641
647185
123788
916490
532554
608071
227654
449834
886094
862174
49130
326117
330367
562496
485240
540102
259278
308568
614060
509624
432548
29744
356717
865498
610204
370602
555039
653703
419457
293560
774043
571774
211917
547200
983118
287055
922498
830821
307155
574450
105149
421118
626221
608175
207314
837211
656868
706030
511314
562014
209928
714949
629036
677012
307107
323115
889289
262643
132838
531377
550197
950373
707812
567976
938772
199109
148649
521852
235324
385638
281779
741776
438074
155767
703172
829487
591368
194872
704435
388098
423402
945399
374966
919924
614510
403024
406921
306144
831552
608263
787715
367263
693678
828627
939008
511958
826379
84692
221791
133474
584248
593254
444306
77224
710699
96022
287674
247854
674085
570797
432705
235647
753823
660964
786071
538628
95942
45481
229720
644288
604465
582190
937029
815027
532485
485565
566906
373287
725171
544533
81431
272537
98451
225954
746310
190506
325494
389211
787859
496786
826410
352919
817308
863559
437098
170927
705637
223294
758100
650523
468983
570575
769006
742620
966946
73637
404859
598685
542537
933383
783810
100005
343474
270633
887830
51355
969853
335988
259339
721359
546366
911192
510809
422521
811813
345919
201898
385470
94733
653921
953378
643132
797686
945216
387961
253837
218499
716765
528713
384418
461698
893894
63750
634229
847841
885648
505395
634485
664682
161507
108234
356421
507921
894419
954967
478082
64583
301323
830709
369464
314834
447897
156878
636637
706810
629809
897109
233409
857010
437540
477237
275628
460662
65365
299713
14924
263123
325579
416189
299146
983924
931292
555415
419449
289544
324916
600327
276619
24512
500844
611054
437193
710202
414133
711907
274065
907900
738749
984443
216041
699506
890128
163936
696724
946269
889132
696323
620469
533194
746670
150082
594489
82731
764209
318144
501129
271696
840242
762102
182906
885948
704557
959102
444384
246654
661981
152091
815396
157908
836037
996610
850281
662459
44922
362184
617504
615928
481435
58786
300208
774969
191141
779169
587301
733805
635093
139794
990895
343043
339728
164211
196720
69574
46160
334295
865267
906811
977512
599393
19841
1459
572846
827393
606841
925573
958460
18852
38327
478517
260497
5082
188658
730461
767131
918995
968834
746892
953871
496527
277436
614969
456894
818091
900220
209594
216226
773345
441144
143498
676206
534325
153768
651345
645519
94228
155833
123414
641138
872834
278624
141046
357320
470204
956032
335544
764193
451152
609005
525602
347102
950677
886837
630577
693673
328729
592009
300287
711080
925810
666725
776668
404531
127987
149986
777510
397866
137460
670558
917812
861570
638765
919178
373761
821837
146970
661001
79297
580846
599500
52965
681281
32884
96610
290029
133771
307547
723542
615707
7133
24545
140990
301439
711949
976344
799498
120255
716372
279705
259687
919050
281689
145707
381943
823292
517977
859317
748530
407305
814799
988782
867588
209379
537543
829577
853824
891266
230191
664624
843001
303722
695253
772760
365086
201472
576904
699739
975137
812227
503343
87834
347740
673544
423622
774599
445455
923200
835352
225499
754369
889293
18778
609826
658044
817223
693931
814199
396829
5293
168533
246561
244190
595607
979939
167831
770670
200178
359702
708431
967082
643137
120405
486157
961041
69771
831955
87783
279943
905024
48792
864153
406918
435874
739886
818291
177197
189569
324113
386480
12963
4387
612445
136212
348706
318229
830466
457529
39426
939598
673588
115909
92845
21798
232986
313461
15755
424583
523416
563045
510332
867399
806541
367154
524244
631062
473396
547948
683080
276459
602888
853115
900933
966014
42986
432307
796679
19726
369570
706707
575441
412440
820251
990280
250896
853043
849695
860571
939823
887605
955115
174543
401396
550103
335466
105860
402933
825904
138045
613233
50917
692457
969284
983088
460646
861600
925192
571953
598544
137762
689323
946672
356594
571170
918388
547530
562908
867666
235181
152812
69639
396552
93670
627076
747984
7753
743883
491805
772776
758096
848535
873138
408866
396062
213906
734034
943647
453287
245271
497311
273270
440931
882544
569083
851819
241957
90675
965516
758057
312047
339425
856201
525452
86370
730780
274923
927834
80625
266438
386051
109458
916410
95763
779293
473663
323161
8887
325181
632017
66606
967130
23995
506703
921464
496119
512747
461498
455455
734354
351734
44090
541471
741421
269661
679872
667645
118091
629289
362414
333956
57676
989929
590540
159282
514963
679485
563048
231971
364363
120116
431273
374652
962995
637311
204269
166664
559637
352832
557523
231386
111587
134247
107623
172741
373728
56481
318818
413033
883315
491341
967636
11957
881097
649075
345126
308214
750242
862724
725686
757998
786702
458510
840528
340326
239780
916698
984710
664441
518645
51340
267977
984089
312000
749441
563663
535003
318242
935741
607008
1832
978636
499078
36234
229471
801726
141410
949532
287265
133988
468009
642654
188638
287281
369831
829561
671005
242459
624783
750598
19986
472165
285692
567175
179403
240536
453244
514575
149856
34864
215762
169362
157929
646068
303154
384001
310198
8974
792936
771839
944078
439102
466117
771676
989372
417206
384799
50974
559844
288157
457122
169865
208265
307306
591996
726184
150402
458508
248649
129911
457342
602861
743698
888901
362684
294170
44037
237855
87891
489736
218630
668565
118779
683557
76393
814163
126246
763804
816280
817017
884855
909715
938657
108158
971350
301533
865909
616849
231077
628479
446580
95237
936802
32539
729370
120599
446947
537835
350391
280171
360439
283185
500817
22985
93334
66660
71183
617303
339408
398892
952823
515782
666777
464359
815622
623650
741969
540748
381999
560771
999690
102331
302394
652855
220151
88633
880134
973287
530048
624971
555561
214591
261389
913511
967414
530462
887512
303325
68782
809288
454820
652124
529238
955797
287404
4571
505328
512386
368824
416935
543492
231734
16690
889932
930377
598906
993715
128057
243104
766634
422427
366467
954729
624861
379158
636135
126879
694589
549491
108402
577010
967269
214801
712340
882492
96974
142184
439604
229552
750811
797351
650349
883041
539738
932386
477940
542877
152122
890708
43689
204518
67328
179730
468800
135987
709135
164484
808852
750247
501140
863558
393514
614074
469280
123487
113237
270356
628595
566758
451131
617664
665641
32264
787422
539002
999529
758795
754097
352526
753686
347054
148288
174181
362547
982773
366624
329658
356959
771147
224925
646080
218985
870292
206950
607139
721595
369769
573311
171843
538831
80462
455604
214558
339924
898706
806847
180299
504361
596514
340192
787818
146499
525768
771306
156898
804033
548689
401244
610340
544947
676181
80346
699901
230806
449066
989859
855215
869821
58203
296997
535703
650527
607481
596238
736491
154028
337781
996490
510988
527638
890651
804531
520924
238601
474291
387989
342889
746322
683964
407733
390443
990135
451838
614944
65374
995762
653624
826358
621581
439767
480278
601820
361431
158916
267020
749007
910298
377457
463211
405298
439644
36762
286885
934357
932133
559698
168338
510443
359078
827204
74823
201590
691278
282820
109806
385226
526605
953988
859597
615911
420135
45939
345600
147542
241865
911058
113633
771453
539001
311246
240216
524151
415594
314547
254730
690939
473304
712888
244245
858464
557853
107540
90848
903040
434667
150424
223389
161144
25401
381218
773199
682469
59400
37833
300607
236125
368397
105320
482179
811522
342850
914667
269254
209362
726613
354449
995680
544503
744879
431812
896850
691789
670837
628011
202292
848289
586262
16594
398264
103016
456688
290754
115794
620950
348897
767862
518051
772107
962962
181157
249924
242387
459146
908769
912137
794338
996046
523198
606155
251074
743210
45073
521754
260243
866430
868866
340338
792564
604773
438506
374858
774783
78431
452312
435646
460986
533423
754106
96943
770575
378557
936446
968488
805534
580453
997836
601598
476367
967239
500341
743564
996183
934687
722118
512120
786922
936223
71077
738799
443272
352828
670011
8073
552310
451860
713844
75472
337916
725651
39443
730628
469374
426676
752750
11964
315492
993494
690772
727126
973587
534488
365896
311067
214287
40109
208105
890218
834515
86154
297574
914152
25407
41382
553854
853846
445977
962692
544910
149860
931125
96343
708612
649546
577543
254722
760867
291727
212935
965206
578240
100576
743040
982899
748302
388264
275870
895800
11385
384795
861662
820876
68790
127270
789445
23319
878409
815519
991109
154937
824798
661107
627404
68003
586339
477827
489473
484550
161201
25157
6962
826637
544521
660022
488415
129994
811289
864421
857313
642847
887397
703309
662944
443010
678274
67841
884708
340014
825825
500648
650424
933916
481829
235360
906487
384635
972906
664420
187871
68053
328038
346044
716426
315162
8284
714452
70655
915376
954721
738332
832567
610383
841947
111741
561740
837949
439277
284768
879351
638040
114653
458061
99823
170656
601202
683990
714462
434623
6552
87626
817590
163997
790923
687306
61280
568202
678729
594709
485156
303229
189922
33837
287082
192884
305384
349434
169883
854720
119510
125068
394407
410953
967236
111443
499601
727004
858942
215035
429276
385537
846716
441279
489415
735915
264853
350659
54246
258199
911259
427806
330668
150935
713076
340007
611917
340245
478114
76105
553140
392019
110031
469979
844753
615189
689820
415659
385089
667646
893716
613591
199659
413059
397850
570779
737064
318584
953913
357884
59134
702880
434374
101731
23364
311079
133897
804133
853669
109954
446171
933899
166159
295381
69100
760774
726501
624984
10752
993900
64870
193034
338654
464803
124528
223521
105571
484093
710626
80410
101843
65851
715778
108189
130586
58387
201277
700240
25865
762187
204737
316347
955123
792616
636545
444661
107705
565945
739109
67449
227703
834012
39547
968267
651359
424369
896207
192294
728230
243485
682405
381479
178303
798474
457126
518977
372224
133861
510499
935016
959800
386140
771088
204883
754579
845253
299781
188133
622202
858452
237770
221230
222448
205225
505242
46161
93544
304005
411782
303575
80084
247989
832607
648421
525831
328834
414708
603800
148128
782196
113782
152859
308503
992726
568624
641364
345887
365129
652669
929051
481244
123410
484577
987994
118070
564276
561996
953424
996457
129813
529664
863849
752938
627823
245613
900121
362162
895756
649995
552592
683000
571722
782508
169080
887347
704910
742023
571310
222408
239448
642530
484198
599653
940886
975779
792820
256062
292221
523777
696208
554338
844130
916820
117303
348037
764041
48703
810581
633695
454349
256697
424433
957397
773284
861211
681083
550692
188543
794385
863471
100192
400556
386717
109200
839370
964329
796684
641106
439177
934474
184129
961195
277153
294381
747839
589660
721096
274188
392325
862132
311625
526143
551854
600952
900321
224016
908966
653707
606085
412960
411757
492434
133825
176442
272419
606178
823549
944693
266409
811610
840283
784252
433007
535847
605941
482277
743119
138458
635961
436939
178652
913765
928961
907683
860434
4018
415364
83766
419086
255037
712842
996715
317070
985041
498921
987197
404310
128633
400370
161345
134048
758492
145156
567081
903297
413769
515435
497564
743674
622616
454604
14523
904719
406468
531900
692111
428733
398689
409955
43090
15774
230183
266868
950372
712910
858673
173462
44614
979466
73603
143088
262736
33265
558150
23313
764696
313171
242962
822415
32647
747307
738723
284427
401944
400325
805590
921952
286668
881888
14185
384277
937406
376215
899399
826964
669295
111813
595378
599484
819401
852172
232274
473975
841533
906538
78299
926003
611038
333512
193107
825278
541238
528014
544517
372977
943381
30929
497643
599014
132348
983564
398553
834411
787025
751507
466988
418050
281752
398809
33019
982828
658446
718964
999824
585199
592176
862168
110284
700594
901513
894529
590469
462118
691990
788414
970907
430067
185398
700631
897170
747018
873229
942710
239334
300467
453550
643311
930062
785542
128565
287046
245259
808250
885356
335689
424461
132120
612360
674475
999008
109152
820524
330860
305833
28544
969654
191375
298316
507969
427445
969707
249217
639800
581146
933078
324909
860700
138506
79749
826440
917498
977255
92376
706561
173439
842459
167859
119525
133826
313250
423284
173501
988397
879970
943242
698147
422298
595556
956921
294627
945675
858901
611049
840518
901413
710252
644926
984811
92346
172030
4296
191805
639764
938336
612340
573143
467976
837184
75250
344790
916800
496043
137003
516086
972385
92227
780199
703280
879679
30049
552833
69732
861859
695927
975045
247535
836672
358144
7156
715675
213460
384862
670817
935206
112422
282081
980374
728179
554570
782651
261471
137276
281646
31245
75073
440220
393428
56344
7502
682102
329449
156627
636622
201612
848085
799884
702620
968584
114189
349322
966755
808285
158919
326317
64601
929603
102367
651095
801728
727470
267818
313869
479990
594558
631030
472683
294225
42397
711624
409410
785867
126306
523273
41453
298213
182785
88315
666561
320318
342042
301319
851204
806922
714934
338686
822877
263075
526736
233756
615102
400415
772446
849483
208389
573327
120665
41993
259997
674279
28737
101151
158929
308574
513448
440953
764859
9581
355732
471256
545200
288487
595056
623866
521636
443780
708657
49327
666898
699392
384956
833433
903564
706824
664493
574299
847814
68271
721720
553951
805957
996413
55517
599993
403245
496389
752788
934195
872391
267573
559814
40564
434241
430682
369648
110008
20941
31711
906204
261644
310181
130033
300495
686657
420949
133689
867493
366116
683726
296563
980811
760593
183867
715046
4753
644553
64568
213040
357129
482652
898535
477309
755247
61726
488428
630645
129197
322557
427365
842687
56114
631242
982347
414212
213186
221040
462758
316274
703644
889923
827740
64101
44845
135296
158343
34939
383922
173198
233584
658240
262081
959518
868922
578506
464414
766848
506823
749158
22578
529197
154521
721760
747576
440391
145671
67557
195063
157841
17660
878605
705105
558467
785831
408298
291580
286106
765540
413142
504964
479228
800634
230766
152675
149646
19777
570180
19849
950299
574308
690781
11641
390065
941031
227249
356694
260455
655264
855900
241251
110268
922721
284463
451125
459122
819474
410321
810671
65539
165599
39099
986798
147011
487366
74
890462
28590
381428
626607
560514
695914
302348
181513
797958
857703
730833
44190
208118
600905
826420
150049
969603
163140
252843
943210
804882
801689
53081
329627
671261
107695
345047
856460
378606
295497
730963
680722
955527
998072
824473
189647
180001
483594
748060
294759
634210
771792
604034
677057
202564
919770
745930
172443
557519
275414
400247
450486
149585
388321
289525
195349
56982
245645
864319
116928
77329
234021
501668
870987
865222
588943
264299
798939
446856
574487
627694
925206
645794
757518
104774
667566
93002
710637
488750
442415
340524
304776
637580
524835
137129
439117
601894
73989
837683
425094
931241
617297
914598
231117
253589
240097
120541
106913
405854
456021
365526
444375
46456
115945
553882
406432
635236
953669
503145
500095
996925
261684
751299
104338
216014
348683
211430
929239
707966
945597
206834
745669
939355
256341
70336
564872
839996
509603
510452
219621
785314
379092
453879
2908
850928
765718
529388
497752
273083
158007
96260
120697
463983
652918
146009
13855
321359
111438
541494
51856
592657
12635
62160
727191
372223
912491
457155
159780
321789
635598
772121
555539
873038
212586
268807
532472
274839
569060
946275
414219
872108
889914
891188
734833
889123
108475
207786
824082
961654
495747
737542
596567
103807
554699
763033
406829
755127
988632
712816
970452
27017
625186
934489
466218
384125
943377
107096
829411
346204
699534
792759
84548
129860
148807
948268
224377
313526
296931
567156
223789
181867
356259
500992
467110
155543
882836
843943
934199
63223
281738
597637
375205
443572
75916
110717
729175
390318
565716
546728
916553
720924
243516
697888
185379
885607
822297
342109
381021
861576
919709
436606
300971
691292
553398
271367
930238
406436
742870
857082
270235
802212
778164
142917
865882
901673
828783
404029
630012
744610
92842
391271
39030
277997
715294
20787
98727
247714
671026
755333
564638
495006
516000
270178
992181
607626
960647
677773
358384
540685
836312
661616
200606
893572
623275
110762
616731
74125
470717
494771
742406
860822
533002
827457
171064
892390
513685
424920
417348
630905
508226
383819
424573
375061
501331
704741
728927
401045
31630
7752
871354
393523
911841
413071
823386
680364
141137
107645
485506
736469
111974
700039
5297
100966
367103
165776
229281
40975
304209
56201
702118
988790
835055
739469
123930
746897
674147
140854
845021
611475
506584
466897
22010
371871
954875
895742
176900
666596
987235
217006
882696
983176
786427
624114
197486
276299
590294
604611
245654
745213
611128
504037
600020
617119
231501
737113
554912
333288
666788
146711
94633
131173
741132
837440
626982
380784
80241
898494
614602
762509
482008
493918
795099
715651
459089
656181
145098
514900
730910
773285
891132
423416
61371
661910
245949
97047
931889
518865
973507
317690
277545
619904
621750
534794
706450
782006
279612
673095
318968
307733
57508
327647
776310
482484
343300
716654
260010
41635
933420
99846
32682
517352
367526
455048
731927
445472
219756
266267
31859
597575
147929
748827
870503
888553
986497
132976
328890
963935
428753
366898
752036
383519
490637
102509
757813
677520
798926
728783
690795
506149
610777
709784
314452
778298
627896
902415
303542
499731
340932
1618
190842
989190
799516
369722
847955
281151
851114
699465
718555
469516
198066
446494
139009
924901
61983
261712
330111
951346
841549
573167
78325
796982
631507
238259
703168
89648
64759
442145
277425
159220
41726
215095
349088
272741
920260
376593
222227
38960
458314
160528
636721
673886
670940
120947
315350
676163
95856
502611
758872
220949
919405
457186
326726
33790
569230
751892
769986
694024
664158
664142
809477
995348
786275
347893
765410
551300
312361
122415
659323
238623
352931
744118
181649
684997
799527
192881
96412
663054
784983
99969
252371
334061
39944
423570
847596
510509
910125
846259
428418
616345
521063
396542
924785
905914
523788
489713
702102
4028
999787
644690
848027
751123
246570
348772
562581
251891
589512
64290
173351
58172
652882
74008
880845
245286
848061
113769
462537
66469
107125
444471
440074
42342
227791
722060
402824
513343
50166
866494
899032
34050
69375
265993
95211
38691
103773
358301
241064
117519
59567
816784
803017
232759
949539
862814
663320
151935
348530
268212
843214
192451
748366
388989
49836
270158
817820
660264
70480
781418
117795
810646
24324
740896
164083
189054
131662
756043
158567
446020
771042
29471
945602
552838
144774
928639
140692
157700
314764
825035
113473
656099
67669
73419
257724
37385
794991
511953
63740
711230
90365
69971
761692
515044
563233
686074
75638
343864
760234
455284
862264
144619
661161
288133
834301
119842
883667
697592
315560
450746
884944
645227
842942
128715
843988
183450
457471
115952
363412
266405
544868
100542
45013
133461
644022
324860
813906
426946
630090
718543
126360
869070
685920
182624
125672
767130
733494
930743
354389
871472
884150
394629
644932
792406
247055
756395
826035
514457
99943
516614
892744
573378
929641
329003
26979
533990
856394
41460
923890
601907
520101
732432
863395
526977
136780
489413
221572
979436
967048
991187
60511
646990
793019
866408
253553
214706
647775
542107
925832
982472
889267
114464
103986
464217
480958
749215
61677
427608
255312
224439
873874
164472
5388
314955
971218
70811
889535
68124
709878
343344
100377
754763
700990
24341
718497
32595
559325
650857
111270
430404
764
479003
474632
594101
781533
602490
987179
394248
384629
859351
293838
742139
257930
182275
694409
946559
34633
331849
195604
883250
161837
475767
431817
978839
490940
971348
93734
195314
476312
527620
834660
695242
566518
900331
295305
22732
472958
468468
389345
681276
356198
374778
964091
723140
513229
12536
387799
309928
307238
719115
12927
685450
832969
276769
417878
824862
334521
798213
126026
690484
286250
458762
575297
32495
66006
276240
336291
299233
875010
868544
929351
557742
21576
737870
181141
729815
537838
579286
383994
414745
257120
167971
417106
392373
849001
471501
911550
449167
193379
887255
285670
850757
464026
123362
878800
999988
860137
898327
180061
278777
931539
589267
199969
54604
785885
713734
134904
583322
588449
736446
921440
739608
311526
16269
338596
976278
669077
74021
813820
985915
321914
475655
945981
622680
883642
281942
868436
45934
892532
17490
716078
711470
155878
494516
432491
226380
198782
957858
360893
441560
970611
605677
522566
455697
477646
314485
966883
634334
843267
514447
54554
178005
273484
12795
582272
405867
306310
128661
670252
604373
959840
558399
6653
818081
378952
89501
475741
153013
408240
581398
684748
443341
966625
411984
946696
510680
108052
389838
228191
256131
151001
640321
809193
62779
102299
582857
471448
836352
489075
634369
519193
742871
22593
591638
486520
696230
691065
881029
350289
965368
28648
620023
625700
16718
317368
652159
499399
769142
920285
975629
194040
39886
180018
225862
407606
446546
946397
947822
853779
410102
266786
841431
897591
556507
151473
472219
941055
881658
42353
184928
173014
149554
582474
609947
84959
646902
581212
404735
342534
177676
711423
565024
378344
196058
338575
263857
891096
944685
231524
458220
684426
903337
352631
685170
643859
656677
458837
471112
492919
889663
489139
896338
93052
610295
2148
15545
408345
348264
448204
670764
755747
803860
312360
815817
890676
979261
89259
790221
721205
33976
600512
269273
300532
454909
145861
852200
554756
936575
299868
254866
703375
963792
765884
638368
761745
446971
378673
868863
279379
54639
482863
177061
114272
130356
898552
660320
148397
525242
434292
539057
372463
143123
799381
672962
974044
251481
960332
241207
77000
497148
983934
745760
150036
211423
835166
236251
964778
105419
367688
804280
354249
701699
324988
91620
916130
557610
400409
701611
641598
529660
940333
527630
118009
167331
531407
446001
403286
899681
979012
940056
362977
261939
360339
821620
389694
417213
145622
134701
72407
186304
731237
636270
121129
113024
991712
771957
141077
84883
446083
773948
553207
907439
819746
937421
263843
540361
626163
217526
453024
999598
13820
200768
866401
714313
340170
798524
620814
36421
823845
600819
211845
253675
333130
617401
319778
649502
17101
887074
618760
480413
61574
757179
631396
914915
542526
915731
590966
339346
297015
249280
608754
808618
823725
640973
341802
364739
44621
864384
227416
280983
175384
300757
735194
51227
332783
150004
955840
940516
189758
421686
980841
869337
686888
16280
425323
710538
377974
478096
65352
256120
759424
777050
59227
210762
817359
789953
327769
634877
667488
697260
914119
352228
843691
543503
380422
862226
703500
544671
977217
264025
389607
257529
118942
667587
927597
15437
250876
953832
309668
761985
187537
109937
674152
98061
11370
342350
761017
726437
146143
327671
210543
703444
40067
762369
721924
793129
206295
958294
248753
265064
936315
967235
553116
416905
478072
473373
598227
926526
620154
987727
881421
324332
876127
285837
539321
899357
890756
283022
428529
962504
975847
130200
606857
663222
711199
754410
589710
457039
286549
95387
670654
61729
775661
119750
988711
358576
453504
557105
503455
271289
679893
655710
222131
173106
432003
728876
863277
143264
198800
824423
44802
691238
513904
699324
797446
860004
349512
282367
533080
338406
762995
705263
717671
848736
419551
791346
438699
341344
747927
399514
310999
473359
19099
675279
595118
449298
648048
34235
761741
817834
741138
995441
775184
856884
115374
965021
841491
776032
743873
733126
808268
158982
164726
259590
533031
377174
497651
131339
683531
471138
410848
434795
570802
804949
524439
817692
428947
708248
849256
309549
829857
899006
120450
869389
198031
845003
204149
615303
324789
131575
111267
854745
718726
616205
758216
709949
267009
833417
932004
512892
868831
854375
460008
344491
407364
909232
289025
267294
891076
640901
278561
112235
219430
477448
464403
351673
54622
295618
96063
324465
895588
247915
525042
270865
955362
734515
577904
676161
384247
328916
58285
486006
78579
862365
452154
948019
677587
630383
936110
165507
897249
37110
889117
956182
410135
632938
933607
280181
644724
165942
242061
467972
531337
933062
47498
54072
793087
408152
461332
311459
423132
735870
704907
516223
491726
687973
736269
200851
341228
332828
836399
789868
655243
585450
629677
55003
660681
604058
447158
792415
538442
352295
662358
910084
593192
422823
718642
796130
477271
343313
997707
289677
926661
33219
266433
97043
555653
183002
171825
45236
807008
658374
159586
432847
28975
287992
603443
380582
255904
134070
685117
332024
930964
268202
50885
202438
415825
914956
209370
805192
515132
177374
548715
264789
240663
630941
252114
639435
558973
994968
218302
452285
759174
782702
885521
310303
307458
5233
246920
488812
276032
168799
94498
53269
651906
597970
642389
608101
553741
592846
834016
77876
695013
785685
111215
790999
415483
219468
641181
405657
314958
431349
869970
226517
871141
522286
476168
6121
952705
203216
402377
237642
182074
574907
64783
3918
45762
17261
214726
103332
813543
418318
378045
953335
329647
478292
797740
600290
597332
801499
362471
848803
843006
154005
204572
20319
270481
795286
893675
445199
131747
987111
570735
300269
123943
643732
830431
770261
62331
358466
974813
492447
969845
211974
124759
803893
484631
729696
598192
671341
119376
858477
829961
690598
689193
737882
452868
707358
322292
370289
555907
505511
782934
443450
888926
983474
987292
288857
799815
661903
697200
393207
519819
44792
544041
375439
953510
88113
77620
799395
709722
776517
371470
276122
591629
815572
165464
66551
81531
33459
102542
720163
312158
640763
936929
246887
461339
674767
644835
691465
932978
354109
161446
601885
291889
627334
557238
417110
829410
532623
274888
633968
667260
629477
158457
925338
783654
156263
487975
632344
305485
376138
415774
765008
914842
254329
643498
292684
365853
674425
744772
476124
320167
319183
368303
827176
525575
17886
391773
550030
867457
308009
178246
302454
534402
304473
968788
532015
158920
318702
356655
743297
301570
478404
7127
990743
188468
222827
908429
451015
698223
25972
475830
728636
876400
134192
882741
487088
461130
265664
324474
952935
190962
170110
992305
19219
955699
971335
203551
12543
727010
318011
148694
219573
28124
268614
18887
156732
887408
446350
999632
463151
236225
13277
154312
827888
211905
166504
387310
940761
679399
969823
161253
210561
751141
189879
910107
396175
881924
270048
460527
361122
636348
117124
47588
289853
494641
966896
522231
419638
299833
903746
705326
270698
512228
822105
316770
485503
362622
176349
332718
8535
587718
120704
561820
135288
745675
955048
878217
754903
128199
899211
832645
807687
136013
305552
758295
417592
644797
926407
503835
556723
727887
934495
387188
563069
964739
83795
414585
534397
174506
276455
712796
389510
961118
935268
242589
134620
115318
700700
923552
504252
407691
874549
174497
47045
705322
707546
169866
89429
944509
122138
830503
640551
602974
264194
772473
1759
532631
841637
363981
413383
919252
522369
963468
343225
264766
812596
8895
340156
91246
305023
893310
796747
79857
372244
877377
447438
608639
25870
495125
593344
800079
888277
109515
248447
263386
465880
278805
805211
893873
890007
574298
101105
668197
516313
838755
489050
164353
419505
798729
114370
969275
129852
933324
937791
409323
232000
600313
427967
815590
76879
314630
10763
195016
858965
912794
371835
344339
582315
728433
73411
146241
567805
547369
179639
254597
697322
630971
1950
872187
249483
107737
774079
671070
770384
24288
188590
639433
984946
900957
536288
409265
549922
751909
14356
40606
68447
964974
360700
398686
427664
7237
93177
732847
682495
373764
815700
374780
436473
892667
112597
694685
489474
384184
903254
70553
951234
708007
154973
752136
517765
90885
671428
187079
132160
893789
811865
463381
2171
198979
203094
441685
998898
574054
29877
9330
47349
985736
532597
348241
288463
929714
345758
462891
308779
194973
46211
208055
374454
827512
8188
709330
602889
722593
226992
394116
646250
904400
301039
446919
451973
554223
102319
436301
357492
968136
339808
541405
860801
319020
777723
935105
506211
808182
401282
726959
659281
796136
835259
541789
281108
222637
944447
457166
774525
791922
119730
623728
864609
50256
136589
653052
961581
897049
673637
70925
509353
524859
883600
348277
38505
464393
221409
854732
334225
831915
114739
60164
791618
48635
956850
757705
883286
104473
184918
644577
690337
388792
978826
833648
17802
17098
854428
450623
179807
179721
135329
732191
154847
498222
629913
732792
141135
556745
53601
224222
851729
621923
836302
263459
387582
736108
307400
893253
197676
254801
527557
575027
847074
540579
68807
413138
358112
114830
936289
532869
452035
717010
651136
965219
36626
31022
88698
483820
289960
826277
374734
240140
477696
14334
231826
612998
779781
827568
729413
620412
443831
18036
334803
446002
144969
53599
317798
441221
665983
833353
50374
853184
921627
794111
857449
137925
691222
574405
408854
591882
299645
186807
55351
605372
722743
218723
952982
42422
645481
682613
787795
432701
357874
906016
891960
438951
169951
959238
23781
24007
638791
501136
318423
795446
90649
543288
521638
524133
228543
983458
867805
203290
963079
835091
497431
859028
24727
819868
805077
21022
974631
408938
990150
284318
712872
954820
308507
660916
440359
365954
94766
1883
512658
373574
50606
604258
520116
128820
365614
777339
382791
178315
23041
41794
945115
524413
995092
997013
772649
192852
456324
731365
498108
901345
465563
583090
229036
498370
134648
87154
286010
783787
902783
96944
917797
403783
263746
471338
227465
228693
800218
213170
219961
265999
63807
398612
74011
661352
316938
170111
158187
348989
301971
265961
728240
616732
298266
991616
425534
328235
469938
318076
280883
466246
966116
110248
755992
681706
979409
135776
525345
467022
180751
318789
13774
460460
158275
807168
480943
771828
309795
819794
142512
877275
37516
27229
362120
661923
883059
150433
138208
684826
938612
502994
964098
445787
448758
82299
130004
976610
871836
305898
862749
38195
891245
894346
318365
723295
754697
990679
761163
279824
881345
312804
815824
245661
970087
24252
142431
640953
231052
398541
117479
762943
736130
793340
47084
737451
269813
927960
456959
312051
65243
599606
428657
847423
391985
994589
596215
980088
461066
311512
95821
752586
140338
918411
254718
534542
363437
881638
839732
373303
617915
83869
567293
131385
33728
522585
304673
69743
335029
243924
178944
272610
602941
187557
483726
604679
15455
379305
469886
757587
999711
880795
133945
480110
14184
404706
417567
415336
225772
916819
276882
278031
30103
871089
968846
331827
724790
584646
847413
519251
155295
19586
617363
844479
806514
303780
382267
501858
143227
503176
892040
345378
305306
486572
956930
91493
821445
595379
941407
926927
36897
564065
714717
220191
230984
545699
982824
536137
550335
920634
894473
338296
267569
702943
24163
292746
165688
932962
24555
287437
886022
279415
524558
296174
413890
30986
744546
900835
916916
649024
809473
937268
244471
479100
697340
113406
248805
314412
881141
903105
629840
591485
957767
285954
711657
845509
209272
581245
860804
327779
765511
963743
441951
996173
974261
714431
250398
254664
362136
316701
171674
649258
526822
87101
556532
708120
754405
376424
158494
574568
756563
888579
35124
351362
625674
371292
849302
384963
851527
41035
118222
280957
820871
737305
650354
983365
265440
252372
89649
271122
674813
754590
723531
891571
194383
186344
978304
713410
225619
386188
81928
307266
640995
253473
505297
427570
101498
160745
871858
923045
423684
656823
485620
594626
629555
495178
199922
334177
44288
876753
97867
620546
984705
464097
256971
186921
601649
383286
588912
729066
160155
66829
91177
38068
130628
791560
419102
722607
178453
3831
402174
884326
705038
653253
565211
224576
676223
811994
638548
243669
590691
702936
357057
518798
72797
660564
442429
377286
200595
151860
390460
421884
989780
250059
72543
193730
868929
238967
600293
316589
545224
763078
531201
419389
214186
959852
474391
612897
144384
308782
128167
375671
397518
797373
447904
422728
941804
50599
81045
283917
934188
309305
793408
580306
765208
939797
200049
393137
594263
505823
165652
101486
859105
945883
819531
691427
455494
83238
268562
632992
252498
162292
558326
91128
635835
280454
869765
892084
923641
714971
662258
239794
494224
677230
286882
232675
195733
318149
426504
508233
421877
284891
992443
309645
819477
95279
627802
884245
611366
518814
364042
189794
845432
889532
620381
52483
635769
909182
760458
904154
31076
869379
506909
480181
424007
931090
848905
118078
696702
408888
541681
311131
146157
600892
794317
23467
312988
326128
18845
504671
33317
406498
320468
285705
60321
423551
697919
301234
716609
148843
810687
681087
201125
884171
519037
734006
794073
170696
811280
486472
642797
326656
147236
662001
154942
284516
514133
830330
553462
249357
318616
500355
532097
749724
596472
840835
279267
555238
594013
747057
99085
252689
851637
646493
573100
167656
292687
638741
819876
884979
978578
383589
374501
944793
920070
203482
320383
895661
49744
925742
972048
484242
882250
869872
733141
241432
594370
911909
957850
50059
922715
264818
899364
837347
246982
903804
647738
252244
818618
418285
57691
485710
115502
746788
406495
173213
506572
400501
908638
556801
846297
196723
905069
234058
747954
645736
815753
735881
688666
299133
392334
858635
767263
802191
421347
583069
382600
461181
889345
112353
84865
536355
49458
546298
656266
78001
890778
899502
320095
140936
620408
550423
894964
114237
104721
80120
840877
239850
880036
698383
33687
216927
29581
113
434300
425001
218180
585674
431979
64835
665923
258923
820886
57709
131180
237046
590630
216989
803781
145894
226029
74169
664655
317655
694498
864597
809392
261216
471591
957924
36632
717805
487731
666690
515216
78404
203221
498821
456532
502852
648777
929800
273039
960970
688553
598418
35679
880693
974338
1802
425136
43320
353716
849009
819988
595516
674773
319876
351704
430099
460590
50023
965546
111392
729015
884912
434619
154574
11160
985335
563575
190408
533207
89668
899213
668615
678001
184153
948319
738428
891863
383363
54930
542592
901336
540052
196569
668963
862165
727673
505931
138507
197872
704396
199162
895950
952422
854438
189908
436298
874595
375473
604502
980420
857540
49473
174184
150800
838811
812152
148663
61553
119395
583524
276191
96844
456294
684313
252802
181562
914193
872280
813742
470038
927359
509109
989100
72608
583204
891966
296135
849770
366776
846227
395792
375765
271191
227047
764968
90130
780128
664559
215492
900848
48953
122533
642265
62865
900953
857167
895048
496484
52623
434540
265046
183042
297662
72207
248704
30095
33045
309002
662523
919951
768706
946578
663580
391387
88594
729865
187768
384193
717099
701943
913804
55571
281022
797473
709833
919092
730171
957794
807826
45427
500081
842312
192776
102594
493792
377118
250201
58761
866050
164075
902794
990490
760613
779538
567313
642057
242788
442718
338319
543974
612021
856020
202707
605782
182651
917388
359682
512342
543067
545682
699942
765120
379424
597407
785401
632458
84321
343420
596007
511322
741935
880965
282202
958068
107786
259711
810575
619245
608189
570657
758902
124297
4083
958038
593386
391356
242697
327422
66920
60681
317129
963879
495783
352581
109442
117001
438359
323276
838150
681580
414580
806608
944061
844574
765687
226943
451968
260089
871825
474106
751059
824160
980490
996777
401267
685992
194156
78163
776129
694583
745311
681468
165273
968456
87172
871892
376209
735169
807713
480296
701122
598570
802447
766613
876007
849498
993304
169434
146582
619343
245003
328028
768437
359157
6411
88313
57707
482314
586993
478515
696920
862509
180108
714520
646997
313287
939565
84972
998910
312831
913189
518885
400442
863648
981523
891455
271101
447992
333279
411064
760456
519537
295522
293372
395257
393490
611046
709651
254448
131536
735937
528581
888784
993569
497309
669265
188445
930556
760102
811465
874925
527904
623398
897679
220123
261454
542506
239874
776830
594828
558693
731738
552306
62943
350526
908992
783885
664395
691397
828740
320832
529446
471262
109054
128102
735003
786927
277825
37408
786642
409138
676542
138360
401284
767014
479828
161056
478788
766088
382646
950329
131524
962540
507185
263634
312546
443875
797161
270755
2488
219279
145673
119734
358160
861591
917470
346620
375642
729289
408730
656719
1889
444976
143561
127029
671983
661754
570381
528683
328114
161212
267535
237216
442135
330539
174113
944281
561962
716088
601889
196835
976028
599793
192229
867404
684971
462709
481208
650672
746253
783157
380798
276611
593111
304403
848364
511991
228097
295292
689896
930460
719695
266092
754138
615202
770580
70911
14585
762057
769733
855371
594100
939154
953362
904751
850821
45086
948584
35541
787956
139098
225931
316948
390610
695113
149232
172803
2744
524165
174034
793729
269820
139326
180352
368917
365583
459604
26038
641433
767021
83307
226472
59918
333933
570385
378527
139743
462536
2543
772241
81110
864268
655600
9628
381714
54978
728323
269995
651677
589982
287403
310053
142404
66963
335929
803903
458202
924531
166904
886827
382076
405977
209739
518128
251256
246595
794686
571409
668417
294695
941506
833067
151880
465754
334840
950303
559299
936139
645133
480547
659292
53307
309996
129865
961370
516644
676806
873312
980065
747797
27743
824222
330956
735525
471971
888532
15855
483418
340674
333625
514138
25431
597610
332338
540803
976588
954165
852962
631637
133732
190192
253973
998397
644074
338085
115637
950532
235094
767857
213329
297612
567526
959879
606428
194190
13321
607116
566975
419506
862094
507694
274590
832661
312620
810358
225433
468541
301124
778803
740602
867914
120865
627206
190779
875247
688442
899812
263044
26794
786015
901142
37958
464466
584574
748519
956525
927775
353238
20340
483040
801387
800412
594598
333496
253261
840353
891532
844452
135802
88089
475221
604025
153493
116177
220235
646998
543840
372055
645835
220480
524929
718414
229889
890416
579604
532948
778521
779029
764330
224746
86057
768245
986420
65058
300661
923970
291154
957779
477602
389066
281335
144867
275531
650356
430388
411582
441557
639846
566751
308327
972000
197090
151469
143318
144276
287136
638590
709695
597293
366084
920733
883749
904164
321652
732143
146087
683222
228951
504221
820150
646004
680824
202017
53969
974930
309485
308567
295521
922395
883744
340255
383498
255509
376199
735563
463903
124096
389702
937092
720622
550135
546540
505836
160721
352627
627616
682287
802399
968369
480444
274858
529397
365
847474
135303
137160
290109
644447
42804
178511
918283
352897
467654
758612
364122
454538
695949
688242
924992
148809
697588
904271
486809
774763
438819
27755
767540
614517
172061
567456
313133
694680
224611
459613
335981
708351
162756
46467
933436
264429
998480
393249
956536
738374
803685
62963
974074
144582
513048
82368
664697
157669
503564
967470
743997
227185
990746
256620
874629
176428
272597
885
158576
98722
150645
94352
634865
270908
849818
78921
523531
889438
263643
3869
265453
363905
532611
457304
215342
728457
820938
254086
748916
869189
182692
377825
342278
219728
917393
29105
492187
867741
165172
281929
292304
230092
813021
383296
361012
913815
329226
971593
732304
311924
638385
493048
700865
725896
686007
627622
759693
551191
562996
417714
60509
600437
241097
98896
89472
558962
137803
851906
617209
453681
734523
866376
848334
451619
531623
305104
888630
351526
663070
669988
669772
184196
96535
380339
30650
65613
142740
330864
570561
86858
618046
829978
565403
492729
965813
538155
678022
409537
365191
972065
588602
605653
750309
230030
887979
4522
97996
370240
563891
609206
497378
14552
726017
380135
695131
655712
80144
690159
141780
778184
832988
498201
398584
712345
386251
370524
528430
823723
741970
792330
355609
370796
821468
165924
745127
901296
731986
992952
337353
208356
961429
377407
95208
420134
323868
365689
835634
605207
263163
605640
975893
887972
260227
112784
378287
258184
725048
882277
603801
841741
417935
436437
849686
430133
443637
335731
510187
182278
908122
934309
358014
449693
91916
899398
222417
393632
446831
667852
199188
386745
422260
890691
258002
804487
810664
610836
963624
639459
54483
467127
867479
74365
455093
816759
365458
385818
20268
847851
979248
406566
600443
213376
733041
852942
819053
847050
130279
440531
94240
739046
883834
916307
824794
396759
225451
248871
817700
771947
838229
483720
84488
208403
437756
121982
360977
517867
576397
317012
274760
5680
18721
453814
825685
426383
117173
775771
759154
112242
275488
37279
555458
675957
124280
672873
476423
284882
263271
658315
206235
601902
397349
26707
172743
17209
176793
886145
658025
5005
571175
16967
419801
699987
359272
368857
162975
414109
807502
28027
93585
449860
106727
421217
419502
103719
436331
928878
287006
962581
185141
218492
834429
127478
163833
393615
453133
541905
746860
828711
641147
397809
118073
520105
196105
596930
900339
383632
178509
414750
826333
382780
160599
328277
350493
28467
758771
8347
168449
341115
922900
725974
10201
575244
99875
842963
40217
987246
531054
248528
172985
210946
959510
589693
734423
162184
683259
137585
191650
944650
519011
825730
778719
804110
912443
213530
934963
417235
318543
923806
551711
528507
781517
788577
450123
411281
202597
883402
782114
489389
200609
933253
646885
76310
80053
71460
386247
706284
359572
426535
553221
151263
919496
662663
79089
794201
975413
590921
427033
55153
684662
868390
244198
653350
891397
196053
635696
709594
575741
463985
369235
133195
928444
547912
100922
517356
863234
992385
358829
210953
797320
754486
345176
956760
602580
165474
282455
112434
27529
160618
200837
272787
647227
30632
677076
875082
150671
365891
230441
500307
271830
51398
549219
565282
759105
721573
714385
20251
472839
132174
166417
742759
966944
287745
79339
848513
477846
343832
882946
369984
221418
214277
24808
909113
991168
918474
616934
725067
234435
296966
401799
70267
833758
935257
110120
504061
137007
822350
16037
435528
683119
138883
411390
797925
624472
457982
744692
839150
410117
191625
205179
132016
883740
972392
376985
200752
553370
421950
426556
752480
759850
804561
288198
343242
829900
704914
207874
36543
773169
776476
930536
991027
448988
710692
198121
451265
394189
86136
266922
909440
111408
49497
230131
224675
46889
214
248525
396241
481566
656512
861817
848363
775269
124288
299003
821793
660178
455607
481674
944453
881091
752807
162160
541888
722143
272117
859684
962024
123584
412520
361654
824709
46653
194792
264949
475302
213846
719029
549284
281445
966281
360677
301422
226723
786282
147303
411271
45935
485210
485369
496217
962707
329041
581726
947939
8778
816201
412521
309831
950809
800242
107809
155067
225917
911609
496615
885187
500668
166304
254420
10503
659556
962687
462080
992481
701937
394102
495291
64527
919910
63378
201921
867020
882240
561406
306530
207611
913029
678573
877742
876690
794918
236869
492086
261794
520659
178483
444070
871097
140786
692156
303467
706591
731672
858378
275555
676663
845836
411709
28336
654258
383694
958433
996102
745384
391941
746317
878959
524124
863446
694440
419790
341284
24720
55110
146149
432138
752904
719021
25611
951268
963803
118171
480793
87843
72897
755162
14540
759333
868713
91528
756328
226509
198205
454664
39029
120259
231893
848928
355018
18995
620252
181903
135959
476645
142950
537515
927115
474066
791463
141369
625586
218555
878734
726010
881146
800541
729925
849173
550576
478207
675736
390898
686358
153715
426763
288834
368465
389458
978044
720051
619274
485173
272280
180653
123701
865223
933703
793417
621626
733985
909630
542643
595860
124850
404024
981964
448331
