9999
1807
5903
7951
3855
8975
783
4879
6927
2831
9487
1295
5391
7439
3343
8463
271
4367
6415
2319
9743
1551
5647
7695
3599
8719
527
4623
6671
2575
9231
1039
5135
7183
3087
8207
15
4111
6159
2063
9871
1679
5775
7823
3727
8847
655
4751
6799
2703
9359
1167
5263
7311
3215
8335
143
4239
6287
2191
9615
1423
5519
7567
3471
8591
399
4495
6543
2447
9103
911
5007
7055
2959
8079
3983
6031
1935
9935
1743
5839
7887
3791
8911
719
4815
6863
2767
9423
1231
5327
7375
3279
8399
207
4303
6351
2255
9679
1487
5583
7631
3535
8655
463
4559
6607
2511
9167
975
5071
7119
3023
8143
4047
6095
1999
9807
1615
5711
7759
3663
8783
591
4687
6735
2639
9295
1103
5199
7247
3151
8271
79
4175
6223
2127
9551
1359
5455
7503
3407
8527
335
4431
6479
2383
9039
847
4943
6991
2895
8015
3919
5967
1871
9967
1775
5871
7919
3823
8943
751
4847
6895
2799
9455
1263
5359
7407
3311
8431
239
4335
6383
2287
9711
1519
5615
7663
3567
8687
495
4591
6639
2543
9199
1007
5103
7151
3055
8175
4079
6127
2031
9839
1647
5743
7791
3695
8815
623
4719
6767
2671
9327
1135
5231
7279
3183
8303
111
4207
6255
2159
9583
1391
5487
7535
3439
8559
367
4463
6511
2415
9071
879
4975
7023
2927
8047
3951
5999
1903
9903
1711
5807
7855
3759
8879
687
4783
6831
2735
9391
1199
5295
7343
3247
8367
175
4271
6319
2223
9647
1455
5551
7599
3503
8623
431
4527
6575
2479
9135
943
5039
7087
2991
8111
4015
6063
1967
9775
1583
5679
7727
3631
8751
559
4655
6703
2607
9263
1071
5167
7215
3119
8239
47
4143
6191
2095
9519
1327
5423
7471
3375
8495
303
4399
6447
2351
9007
815
4911
6959
2863
7983
3887
5935
1839
9983
1791
5887
7935
3839
8959
767
4863
6911
2815
9471
1279
5375
7423
3327
8447
255
4351
6399
2303
9727
1535
5631
7679
3583
8703
511
4607
6655
2559
9215
1023
5119
7167
3071
8191
4095
6143
2047
9855
1663
5759
7807
3711
8831
639
4735
6783
2687
9343
1151
5247
7295
3199
8319
127
4223
6271
2175
9599
1407
5503
7551
3455
8575
383
4479
6527
2431
9087
895
4991
7039
2943
8063
3967
6015
1919
9919
1727
5823
7871
3775
8895
703
4799
6847
2751
9407
1215
5311
7359
3263
8383
191
4287
6335
2239
9663
1471
5567
7615
3519
8639
447
4543
6591
2495
9151
959
5055
7103
3007
8127
4031
6079
1983
9791
1599
5695
7743
3647
8767
575
4671
6719
2623
9279
1087
5183
7231
3135
8255
63
4159
6207
2111
9535
1343
5439
7487
3391
8511
319
4415
6463
2367
9023
831
4927
6975
2879
7999
3903
5951
1855
9951
1759
5855
7903
3807
8927
735
4831
6879
2783
9439
1247
5343
7391
3295
8415
223
4319
6367
2271
9695
1503
5599
7647
3551
8671
479
4575
6623
2527
9183
991
5087
7135
3039
8159
4063
6111
2015
9823
1631
5727
7775
3679
8799
607
4703
6751
2655
9311
1119
5215
7263
3167
8287
95
4191
6239
2143
9567
1375
5471
7519
3423
8543
351
4447
6495
2399
9055
863
4959
7007
2911
8031
3935
5983
1887
9887
1695
5791
7839
3743
8863
671
4767
6815
2719
9375
1183
5279
7327
3231
8351
159
4255
6303
2207
9631
1439
5535
7583
3487
8607
415
4511
6559
2463
9119
927
5023
7071
2975
8095
3999
6047
1951
9759
1567
5663
7711
3615
8735
543
4639
6687
2591
9247
1055
5151
7199
3103
8223
31
4127
6175
2079
9503
1311
5407
7455
3359
8479
287
4383
6431
2335
8991
799
4895
6943
2847
7967
3871
5919
1823
9991
1799
5895
7943
3847
8967
775
4871
6919
2823
9479
1287
5383
7431
3335
8455
263
4359
6407
2311
9735
1543
5639
7687
3591
8711
519
4615
6663
2567
9223
1031
5127
7175
3079
8199
7
4103
6151
2055
9863
1671
5767
7815
3719
8839
647
4743
6791
2695
9351
1159
5255
7303
3207
8327
135
4231
6279
2183
9607
1415
5511
7559
3463
8583
391
4487
6535
2439
9095
903
4999
7047
2951
8071
3975
6023
1927
9927
1735
5831
7879
3783
8903
711
4807
6855
2759
9415
1223
5319
7367
3271
8391
199
4295
6343
2247
9671
1479
5575
7623
3527
8647
455
4551
6599
2503
9159
967
5063
7111
3015
8135
4039
6087
1991
9799
1607
5703
7751
3655
8775
583
4679
6727
2631
9287
1095
5191
7239
3143
8263
71
4167
6215
2119
9543
1351
5447
7495
3399
8519
327
4423
6471
2375
9031
839
4935
6983
2887
8007
3911
5959
1863
9959
1767
5863
7911
3815
8935
743
4839
6887
2791
9447
1255
5351
7399
3303
8423
231
4327
6375
2279
9703
1511
5607
7655
3559
8679
487
4583
6631
2535
9191
999
5095
7143
3047
8167
4071
6119
2023
9831
1639
5735
7783
3687
8807
615
4711
6759
2663
9319
1127
5223
7271
3175
8295
103
4199
6247
2151
9575
1383
5479
7527
3431
8551
359
4455
6503
2407
9063
871
4967
7015
2919
8039
3943
5991
1895
9895
1703
5799
7847
3751
8871
679
4775
6823
2727
9383
1191
5287
7335
3239
8359
167
4263
6311
2215
9639
1447
5543
7591
3495
8615
423
4519
6567
2471
9127
935
5031
7079
2983
8103
4007
6055
1959
9767
1575
5671
7719
3623
8743
551
4647
6695
2599
9255
1063
5159
7207
3111
8231
39
4135
6183
2087
9511
1319
5415
7463
3367
8487
295
4391
6439
2343
8999
807
4903
6951
2855
7975
3879
5927
1831
9975
1783
5879
7927
3831
8951
759
4855
6903
2807
9463
1271
5367
7415
3319
8439
247
4343
6391
2295
9719
1527
5623
7671
3575
8695
503
4599
6647
2551
9207
1015
5111
7159
3063
8183
4087
6135
2039
9847
1655
5751
7799
3703
8823
631
4727
6775
2679
9335
1143
5239
7287
3191
8311
119
4215
6263
2167
9591
1399
5495
7543
3447
8567
375
4471
6519
2423
9079
887
4983
7031
2935
8055
3959
6007
1911
9911
1719
5815
7863
3767
8887
695
4791
6839
2743
9399
1207
5303
7351
3255
8375
183
4279
6327
2231
9655
1463
5559
7607
3511
8631
439
4535
6583
2487
9143
951
5047
7095
2999
8119
4023
6071
1975
9783
1591
5687
7735
3639
8759
567
4663
6711
2615
9271
1079
5175
7223
3127
8247
55
4151
6199
2103
9527
1335
5431
7479
3383
8503
311
4407
6455
2359
9015
823
4919
6967
2871
7991
3895
5943
1847
9943
1751
5847
7895
3799
8919
727
4823
6871
2775
9431
1239
5335
7383
3287
8407
215
4311
6359
2263
9687
1495
5591
7639
3543
8663
471
4567
6615
2519
9175
983
5079
7127
3031
8151
4055
6103
2007
9815
1623
5719
7767
3671
8791
599
4695
6743
2647
9303
1111
5207
7255
3159
8279
87
4183
6231
2135
9559
1367
5463
7511
3415
8535
343
4439
6487
2391
9047
855
4951
6999
2903
8023
3927
5975
1879
9879
1687
5783
7831
3735
8855
663
4759
6807
2711
9367
1175
5271
7319
3223
8343
151
4247
6295
2199
9623
1431
5527
7575
3479
8599
407
4503
6551
2455
9111
919
5015
7063
2967
8087
3991
6039
1943
9751
1559
5655
7703
3607
8727
535
4631
6679
2583
9239
1047
5143
7191
3095
8215
23
4119
6167
2071
9495
1303
5399
7447
3351
8471
279
4375
6423
2327
8983
791
4887
6935
2839
7959
3863
5911
1815
9995
1803
5899
7947
3851
8971
779
4875
6923
2827
9483
1291
5387
7435
3339
8459
267
4363
6411
2315
9739
1547
5643
7691
3595
8715
523
4619
6667
2571
9227
1035
5131
7179
3083
8203
11
4107
6155
2059
9867
1675
5771
7819
3723
8843
651
4747
6795
2699
9355
1163
5259
7307
3211
8331
139
4235
6283
2187
9611
1419
5515
7563
3467
8587
395
4491
6539
2443
9099
907
5003
7051
2955
8075
3979
6027
1931
9931
1739
5835
7883
3787
8907
715
4811
6859
2763
9419
1227
5323
7371
3275
8395
203
4299
6347
2251
9675
1483
5579
7627
3531
8651
459
4555
6603
2507
9163
971
5067
7115
3019
8139
4043
6091
1995
9803
1611
5707
7755
3659
8779
587
4683
6731
2635
9291
1099
5195
7243
3147
8267
75
4171
6219
2123
9547
1355
5451
7499
3403
8523
331
4427
6475
2379
9035
843
4939
6987
2891
8011
3915
5963
1867
9963
1771
5867
7915
3819
8939
747
4843
6891
2795
9451
1259
5355
7403
3307
8427
235
4331
6379
2283
9707
1515
5611
7659
3563
8683
491
4587
6635
2539
9195
1003
5099
7147
3051
8171
4075
6123
2027
9835
1643
5739
7787
3691
8811
619
4715
6763
2667
9323
1131
5227
7275
3179
8299
107
4203
6251
2155
9579
1387
5483
7531
3435
8555
363
4459
6507
2411
9067
875
4971
7019
2923
8043
3947
5995
1899
9899
1707
5803
7851
3755
8875
683
4779
6827
2731
9387
1195
5291
7339
3243
8363
171
4267
6315
2219
9643
1451
5547
7595
3499
8619
427
4523
6571
2475
9131
939
5035
7083
2987
8107
4011
6059
1963
9771
1579
5675
7723
3627
8747
555
4651
6699
2603
9259
1067
5163
7211
3115
8235
43
4139
6187
2091
9515
1323
5419
7467
3371
8491
299
4395
6443
2347
9003
811
4907
6955
2859
7979
3883
5931
1835
9979
1787
5883
7931
3835
8955
763
4859
6907
2811
9467
1275
5371
7419
3323
8443
251
4347
6395
2299
9723
1531
5627
7675
3579
8699
507
4603
6651
2555
9211
1019
5115
7163
3067
8187
4091
6139
2043
9851
1659
5755
7803
3707
8827
635
4731
6779
2683
9339
1147
5243
7291
3195
8315
123
4219
6267
2171
9595
1403
5499
7547
3451
8571
379
4475
6523
2427
9083
891
4987
7035
2939
8059
3963
6011
1915
9915
1723
5819
7867
3771
8891
699
4795
6843
2747
9403
1211
5307
7355
3259
8379
187
4283
6331
2235
9659
1467
5563
7611
3515
8635
443
4539
6587
2491
9147
955
5051
7099
3003
8123
4027
6075
1979
9787
1595
5691
7739
3643
8763
571
4667
6715
2619
9275
1083
5179
7227
3131
8251
59
4155
6203
2107
9531
1339
5435
7483
3387
8507
315
4411
6459
2363
9019
827
4923
6971
2875
7995
3899
5947
1851
9947
1755
5851
7899
3803
8923
731
4827
6875
2779
9435
1243
5339
7387
3291
8411
219
4315
6363
2267
9691
1499
5595
7643
3547
8667
475
4571
6619
2523
9179
987
5083
7131
3035
8155
4059
6107
2011
9819
1627
5723
7771
3675
8795
603
4699
6747
2651
9307
1115
5211
7259
3163
8283
91
4187
6235
2139
9563
1371
5467
7515
3419
8539
347
4443
6491
2395
9051
859
4955
7003
2907
8027
3931
5979
1883
9883
1691
5787
7835
3739
8859
667
4763
6811
2715
9371
1179
5275
7323
3227
8347
155
4251
6299
2203
9627
1435
5531
7579
3483
8603
411
4507
6555
2459
9115
923
5019
7067
2971
8091
3995
6043
1947
9755
1563
5659
7707
3611
8731
539
4635
6683
2587
9243
1051
5147
7195
3099
8219
27
4123
6171
2075
9499
1307
5403
7451
3355
8475
283
4379
6427
2331
8987
795
4891
6939
2843
7963
3867
5915
1819
9987
1795
5891
7939
3843
8963
771
4867
6915
2819
9475
1283
5379
7427
3331
8451
259
4355
6403
2307
9731
1539
5635
7683
3587
8707
515
4611
6659
2563
9219
1027
5123
7171
3075
8195
3
4099
6147
2051
9859
1667
5763
7811
3715
8835
643
4739
6787
2691
9347
1155
5251
7299
3203
8323
131
4227
6275
2179
9603
1411
5507
7555
3459
8579
387
4483
6531
2435
9091
899
4995
7043
2947
8067
3971
6019
1923
9923
1731
5827
7875
3779
8899
707
4803
6851
2755
9411
1219
5315
7363
3267
8387
195
4291
6339
2243
9667
1475
5571
7619
3523
8643
451
4547
6595
2499
9155
963
5059
7107
3011
8131
4035
6083
1987
9795
1603
5699
7747
3651
8771
579
4675
6723
2627
9283
1091
5187
7235
3139
8259
67
4163
6211
2115
9539
1347
5443
7491
3395
8515
323
4419
6467
2371
9027
835
4931
6979
2883
8003
3907
5955
1859
9955
1763
5859
7907
3811
8931
739
4835
6883
2787
9443
1251
5347
7395
3299
8419
227
4323
6371
2275
9699
1507
5603
7651
3555
8675
483
4579
6627
2531
9187
995
5091
7139
3043
8163
4067
6115
2019
9827
1635
5731
7779
3683
8803
611
4707
6755
2659
9315
1123
5219
7267
3171
8291
99
4195
6243
2147
9571
1379
5475
7523
3427
8547
355
4451
6499
2403
9059
867
4963
7011
2915
8035
3939
5987
1891
9891
1699
5795
7843
3747
8867
675
4771
6819
2723
9379
1187
5283
7331
3235
8355
163
4259
6307
2211
9635
1443
5539
7587
3491
8611
419
4515
6563
2467
9123
931
5027
7075
2979
8099
4003
6051
1955
9763
1571
5667
7715
3619
8739
547
4643
6691
2595
9251
1059
5155
7203
3107
8227
35
4131
6179
2083
9507
1315
5411
7459
3363
8483
291
4387
6435
2339
8995
803
4899
6947
2851
7971
3875
5923
1827
9971
1779
5875
7923
3827
8947
755
4851
6899
2803
9459
1267
5363
7411
3315
8435
243
4339
6387
2291
9715
1523
5619
7667
3571
8691
499
4595
6643
2547
9203
1011
5107
7155
3059
8179
4083
6131
2035
9843
1651
5747
7795
3699
8819
627
4723
6771
2675
9331
1139
5235
7283
3187
8307
115
4211
6259
2163
9587
1395
5491
7539
3443
8563
371
4467
6515
2419
9075
883
4979
7027
2931
8051
3955
6003
1907
9907
1715
5811
7859
3763
8883
691
4787
6835
2739
9395
1203
5299
7347
3251
8371
179
4275
6323
2227
9651
1459
5555
7603
3507
8627
435
4531
6579
2483
9139
947
5043
7091
2995
8115
4019
6067
1971
9779
1587
5683
7731
3635
8755
563
4659
6707
2611
9267
1075
5171
7219
3123
8243
51
4147
6195
2099
9523
1331
5427
7475
3379
8499
307
4403
6451
2355
9011
819
4915
6963
2867
7987
3891
5939
1843
9939
1747
5843
7891
3795
8915
723
4819
6867
2771
9427
1235
5331
7379
3283
8403
211
4307
6355
2259
9683
1491
5587
7635
3539
8659
467
4563
6611
2515
9171
979
5075
7123
3027
8147
4051
6099
2003
9811
1619
5715
7763
3667
8787
595
4691
6739
2643
9299
1107
5203
7251
3155
8275
83
4179
6227
2131
9555
1363
5459
7507
3411
8531
339
4435
6483
2387
9043
851
4947
6995
2899
8019
3923
5971
1875
9875
1683
5779
7827
3731
8851
659
4755
6803
2707
9363
1171
5267
7315
3219
8339
147
4243
6291
2195
9619
1427
5523
7571
3475
8595
403
4499
6547
2451
9107
915
5011
7059
2963
8083
3987
6035
1939
9747
1555
5651
7699
3603
8723
531
4627
6675
2579
9235
1043
5139
7187
3091
8211
19
4115
6163
2067
9491
1299
5395
7443
3347
8467
275
4371
6419
2323
8979
787
4883
6931
2835
7955
3859
5907
1811
9997
1805
5901
7949
3853
8973
781
4877
6925
2829
9485
1293
5389
7437
3341
8461
269
4365
6413
2317
9741
1549
5645
7693
3597
8717
525
4621
6669
2573
9229
1037
5133
7181
3085
8205
13
4109
6157
2061
9869
1677
5773
7821
3725
8845
653
4749
6797
2701
9357
1165
5261
7309
3213
8333
141
4237
6285
2189
9613
1421
5517
7565
3469
8589
397
4493
6541
2445
9101
909
5005
7053
2957
8077
3981
6029
1933
9933
1741
5837
7885
3789
8909
717
4813
6861
2765
9421
1229
5325
7373
3277
8397
205
4301
6349
2253
9677
1485
5581
7629
3533
8653
461
4557
6605
2509
9165
973
5069
7117
3021
8141
4045
6093
1997
9805
1613
5709
7757
3661
8781
589
4685
6733
2637
9293
1101
5197
7245
3149
8269
77
4173
6221
2125
9549
1357
5453
7501
3405
8525
333
4429
6477
2381
9037
845
4941
6989
2893
8013
3917
5965
1869
9965
1773
5869
7917
3821
8941
749
4845
6893
2797
9453
1261
5357
7405
3309
8429
237
4333
6381
2285
9709
1517
5613
7661
3565
8685
493
4589
6637
2541
9197
1005
5101
7149
3053
8173
4077
6125
2029
9837
1645
5741
7789
3693
8813
621
4717
6765
2669
9325
1133
5229
7277
3181
8301
109
4205
6253
2157
9581
1389
5485
7533
3437
8557
365
4461
6509
2413
9069
877
4973
7021
2925
8045
3949
5997
1901
9901
1709
5805
7853
3757
8877
685
4781
6829
2733
9389
1197
5293
7341
3245
8365
173
4269
6317
2221
9645
1453
5549
7597
3501
8621
429
4525
6573
2477
9133
941
5037
7085
2989
8109
4013
6061
1965
9773
1581
5677
7725
3629
8749
557
4653
6701
2605
9261
1069
5165
7213
3117
8237
45
4141
6189
2093
9517
1325
5421
7469
3373
8493
301
4397
6445
2349
9005
813
4909
6957
2861
7981
3885
5933
1837
9981
1789
5885
7933
3837
8957
765
4861
6909
2813
9469
1277
5373
7421
3325
8445
253
4349
6397
2301
9725
1533
5629
7677
3581
8701
509
4605
6653
2557
9213
1021
5117
7165
3069
8189
4093
6141
2045
9853
1661
5757
7805
3709
8829
637
4733
6781
2685
9341
1149
5245
7293
3197
8317
125
4221
6269
2173
9597
1405
5501
7549
3453
8573
381
4477
6525
2429
9085
893
4989
7037
2941
8061
3965
6013
1917
9917
1725
5821
7869
3773
8893
701
4797
6845
2749
9405
1213
5309
7357
3261
8381
189
4285
6333
2237
9661
1469
5565
7613
3517
8637
445
4541
6589
2493
9149
957
5053
7101
3005
8125
4029
6077
1981
9789
1597
5693
7741
3645
8765
573
4669
6717
2621
9277
1085
5181
7229
3133
8253
61
4157
6205
2109
9533
1341
5437
7485
3389
8509
317
4413
6461
2365
9021
829
4925
6973
2877
7997
3901
5949
1853
9949
1757
5853
7901
3805
8925
733
4829
6877
2781
9437
1245
5341
7389
3293
8413
221
4317
6365
2269
9693
1501
5597
7645
3549
8669
477
4573
6621
2525
9181
989
5085
7133
3037
8157
4061
6109
2013
9821
1629
5725
7773
3677
8797
605
4701
6749
2653
9309
1117
5213
7261
3165
8285
93
4189
6237
2141
9565
1373
5469
7517
3421
8541
349
4445
6493
2397
9053
861
4957
7005
2909
8029
3933
5981
1885
9885
1693
5789
7837
3741
8861
669
4765
6813
2717
9373
1181
5277
7325
3229
8349
157
4253
6301
2205
9629
1437
5533
7581
3485
8605
413
4509
6557
2461
9117
925
5021
7069
2973
8093
3997
6045
1949
9757
1565
5661
7709
3613
8733
541
4637
6685
2589
9245
1053
5149
7197
3101
8221
29
4125
6173
2077
9501
1309
5405
7453
3357
8477
285
4381
6429
2333
8989
797
4893
6941
2845
7965
3869
5917
1821
9989
1797
5893
7941
3845
8965
773
4869
6917
2821
9477
1285
5381
7429
3333
8453
261
4357
6405
2309
9733
1541
5637
7685
3589
8709
517
4613
6661
2565
9221
1029
5125
7173
3077
8197
5
4101
6149
2053
9861
1669
5765
7813
3717
8837
645
4741
6789
2693
9349
1157
5253
7301
3205
8325
133
4229
6277
2181
9605
1413
5509
7557
3461
8581
389
4485
6533
2437
9093
901
4997
7045
2949
8069
3973
6021
1925
9925
1733
5829
7877
3781
8901
709
4805
6853
2757
9413
1221
5317
7365
3269
8389
197
4293
6341
2245
9669
1477
5573
7621
3525
8645
453
4549
6597
2501
9157
965
5061
7109
3013
8133
4037
6085
1989
9797
1605
5701
7749
3653
8773
581
4677
6725
2629
9285
1093
5189
7237
3141
8261
69
4165
6213
2117
9541
1349
5445
7493
3397
8517
325
4421
6469
2373
9029
837
4933
6981
2885
8005
3909
5957
1861
9957
1765
5861
7909
3813
8933
741
4837
6885
2789
9445
1253
5349
7397
3301
8421
229
4325
6373
2277
9701
1509
5605
7653
3557
8677
485
4581
6629
2533
9189
997
5093
7141
3045
8165
4069
6117
2021
9829
1637
5733
7781
3685
8805
613
4709
6757
2661
9317
1125
5221
7269
3173
8293
101
4197
6245
2149
9573
1381
5477
7525
3429
8549
357
4453
6501
2405
9061
869
4965
7013
2917
8037
3941
5989
1893
9893
1701
5797
7845
3749
8869
677
4773
6821
2725
9381
1189
5285
7333
3237
8357
165
4261
6309
2213
9637
1445
5541
7589
3493
8613
421
4517
6565
2469
9125
933
5029
7077
2981
8101
4005
6053
1957
9765
1573
5669
7717
3621
8741
549
4645
6693
2597
9253
1061
5157
7205
3109
8229
37
4133
6181
2085
9509
1317
5413
7461
3365
8485
293
4389
6437
2341
8997
805
4901
6949
2853
7973
3877
5925
1829
9973
1781
5877
7925
3829
8949
757
4853
6901
2805
9461
1269
5365
7413
3317
8437
245
4341
6389
2293
9717
1525
5621
7669
3573
8693
501
4597
6645
2549
9205
1013
5109
7157
3061
8181
4085
6133
2037
9845
1653
5749
7797
3701
8821
629
4725
6773
2677
9333
1141
5237
7285
3189
8309
117
4213
6261
2165
9589
1397
5493
7541
3445
8565
373
4469
6517
2421
9077
885
4981
7029
2933
8053
3957
6005
1909
9909
1717
5813
7861
3765
8885
693
4789
6837
2741
9397
1205
5301
7349
3253
8373
181
4277
6325
2229
9653
1461
5557
7605
3509
8629
437
4533
6581
2485
9141
949
5045
7093
2997
8117
4021
6069
1973
9781
1589
5685
7733
3637
8757
565
4661
6709
2613
9269
1077
5173
7221
3125
8245
53
4149
6197
2101
9525
1333
5429
7477
3381
8501
309
4405
6453
2357
9013
821
4917
6965
2869
7989
3893
5941
1845
9941
1749
5845
7893
3797
8917
725
4821
6869
2773
9429
1237
5333
7381
3285
8405
213
4309
6357
2261
9685
1493
5589
7637
3541
8661
469
4565
6613
2517
9173
981
5077
7125
3029
8149
4053
6101
2005
9813
1621
5717
7765
3669
8789
597
4693
6741
2645
9301
1109
5205
7253
3157
8277
85
4181
6229
2133
9557
1365
5461
7509
3413
8533
341
4437
6485
2389
9045
853
4949
6997
2901
8021
3925
5973
1877
9877
1685
5781
7829
3733
8853
661
4757
6805
2709
9365
1173
5269
7317
3221
8341
149
4245
6293
2197
9621
1429
5525
7573
3477
8597
405
4501
6549
2453
9109
917
5013
7061
2965
8085
3989
6037
1941
9749
1557
5653
7701
3605
8725
533
4629
6677
2581
9237
1045
5141
7189
3093
8213
21
4117
6165
2069
9493
1301
5397
7445
3349
8469
277
4373
6421
2325
8981
789
4885
6933
2837
7957
3861
5909
1813
9993
1801
5897
7945
3849
8969
777
4873
6921
2825
9481
1289
5385
7433
3337
8457
265
4361
6409
2313
9737
1545
5641
7689
3593
8713
521
4617
6665
2569
9225
1033
5129
7177
3081
8201
9
4105
6153
2057
9865
1673
5769
7817
3721
8841
649
4745
6793
2697
9353
1161
5257
7305
3209
8329
137
4233
6281
2185
9609
1417
5513
7561
3465
8585
393
4489
6537
2441
9097
905
5001
7049
2953
8073
3977
6025
1929
9929
1737
5833
7881
3785
8905
713
4809
6857
2761
9417
1225
5321
7369
3273
8393
201
4297
6345
2249
9673
1481
5577
7625
3529
8649
457
4553
6601
2505
9161
969
5065
7113
3017
8137
4041
6089
1993
9801
1609
5705
7753
3657
8777
585
4681
6729
2633
9289
1097
5193
7241
3145
8265
73
4169
6217
2121
9545
1353
5449
7497
3401
8521
329
4425
6473
2377
9033
841
4937
6985
2889
8009
3913
5961
1865
9961
1769
5865
7913
3817
8937
745
4841
6889
2793
9449
1257
5353
7401
3305
8425
233
4329
6377
2281
9705
1513
5609
7657
3561
8681
489
4585
6633
2537
9193
1001
5097
7145
3049
8169
4073
6121
2025
9833
1641
5737
7785
3689
8809
617
4713
6761
2665
9321
1129
5225
7273
3177
8297
105
4201
6249
2153
9577
1385
5481
7529
3433
8553
361
4457
6505
2409
9065
873
4969
7017
2921
8041
3945
5993
1897
9897
1705
5801
7849
3753
8873
681
4777
6825
2729
9385
1193
5289
7337
3241
8361
169
4265
6313
2217
9641
1449
5545
7593
3497
8617
425
4521
6569
2473
9129
937
5033
7081
2985
8105
4009
6057
1961
9769
1577
5673
7721
3625
8745
553
4649
6697
2601
9257
1065
5161
7209
3113
8233
41
4137
6185
2089
9513
1321
5417
7465
3369
8489
297
4393
6441
2345
9001
809
4905
6953
2857
7977
3881
5929
1833
9977
1785
5881
7929
3833
8953
761
4857
6905
2809
9465
1273
5369
7417
3321
8441
249
4345
6393
2297
9721
1529
5625
7673
3577
8697
505
4601
6649
2553
9209
1017
5113
7161
3065
8185
4089
6137
2041
9849
1657
5753
7801
3705
8825
633
4729
6777
2681
9337
1145
5241
7289
3193
8313
121
4217
6265
2169
9593
1401
5497
7545
3449
8569
377
4473
6521
2425
9081
889
4985
7033
2937
8057
3961
6009
1913
9913
1721
5817
7865
3769
8889
697
4793
6841
2745
9401
1209
5305
7353
3257
8377
185
4281
6329
2233
9657
1465
5561
7609
3513
8633
441
4537
6585
2489
9145
953
5049
7097
3001
8121
4025
6073
1977
9785
1593
5689
7737
3641
8761
569
4665
6713
2617
9273
1081
5177
7225
3129
8249
57
4153
6201
2105
9529
1337
5433
7481
3385
8505
313
4409
6457
2361
9017
825
4921
6969
2873
7993
3897
5945
1849
9945
1753
5849
7897
3801
8921
729
4825
6873
2777
9433
1241
5337
7385
3289
8409
217
4313
6361
2265
9689
1497
5593
7641
3545
8665
473
4569
6617
2521
9177
985
5081
7129
3033
8153
4057
6105
2009
9817
1625
5721
7769
3673
8793
601
4697
6745
2649
9305
1113
5209
7257
3161
8281
89
4185
6233
2137
9561
1369
5465
7513
3417
8537
345
4441
6489
2393
9049
857
4953
7001
2905
8025
3929
5977
1881
9881
1689
5785
7833
3737
8857
665
4761
6809
2713
9369
1177
5273
7321
3225
8345
153
4249
6297
2201
9625
1433
5529
7577
3481
8601
409
4505
6553
2457
9113
921
5017
7065
2969
8089
3993
6041
1945
9753
1561
5657
7705
3609
8729
537
4633
6681
2585
9241
1049
5145
7193
3097
8217
25
4121
6169
2073
9497
1305
5401
7449
3353
8473
281
4377
6425
2329
8985
793
4889
6937
2841
7961
3865
5913
1817
9985
1793
5889
7937
3841
8961
769
4865
6913
2817
9473
1281
5377
7425
3329
8449
257
4353
6401
2305
9729
1537
5633
7681
3585
8705
513
4609
6657
2561
9217
1025
5121
7169
3073
8193
1
4097
6145
2049
9857
1665
5761
7809
3713
8833
641
4737
6785
2689
9345
1153
5249
7297
3201
8321
129
4225
6273
2177
9601
1409
5505
7553
3457
8577
385
4481
6529
2433
9089
897
4993
7041
2945
8065
3969
6017
1921
9921
1729
5825
7873
3777
8897
705
4801
6849
2753
9409
1217
5313
7361
3265
8385
193
4289
6337
2241
9665
1473
5569
7617
3521
8641
449
4545
6593
2497
9153
961
5057
7105
3009
8129
4033
6081
1985
9793
1601
5697
7745
3649
8769
577
4673
6721
2625
9281
1089
5185
7233
3137
8257
65
4161
6209
2113
9537
1345
5441
7489
3393
8513
321
4417
6465
2369
9025
833
4929
6977
2881
8001
3905
5953
1857
9953
1761
5857
7905
3809
8929
737
4833
6881
2785
9441
1249
5345
7393
3297
8417
225
4321
6369
2273
9697
1505
5601
7649
3553
8673
481
4577
6625
2529
9185
993
5089
7137
3041
8161
4065
6113
2017
9825
1633
5729
7777
3681
8801
609
4705
6753
2657
9313
1121
5217
7265
3169
8289
97
4193
6241
2145
9569
1377
5473
7521
3425
8545
353
4449
6497
2401
9057
865
4961
7009
2913
8033
3937
5985
1889
9889
1697
5793
7841
3745
8865
673
4769
6817
2721
9377
1185
5281
7329
3233
8353
161
4257
6305
2209
9633
1441
5537
7585
3489
8609
417
4513
6561
2465
9121
929
5025
7073
2977
8097
4001
6049
1953
9761
1569
5665
7713
3617
8737
545
4641
6689
2593
9249
1057
5153
7201
3105
8225
33
4129
6177
2081
9505
1313
5409
7457
3361
8481
289
4385
6433
2337
8993
801
4897
6945
2849
7969
3873
5921
1825
9969
1777
5873
7921
3825
8945
753
4849
6897
2801
9457
1265
5361
7409
3313
8433
241
4337
6385
2289
9713
1521
5617
7665
3569
8689
497
4593
6641
2545
9201
1009
5105
7153
3057
8177
4081
6129
2033
9841
1649
5745
7793
3697
8817
625
4721
6769
2673
9329
1137
5233
7281
3185
8305
113
4209
6257
2161
9585
1393
5489
7537
3441
8561
369
4465
6513
2417
9073
881
4977
7025
2929
8049
3953
6001
1905
9905
1713
5809
7857
3761
8881
689
4785
6833
2737
9393
1201
5297
7345
3249
8369
177
4273
6321
2225
9649
1457
5553
7601
3505
8625
433
4529
6577
2481
9137
945
5041
7089
2993
8113
4017
6065
1969
9777
1585
5681
7729
3633
8753
561
4657
6705
2609
9265
1073
5169
7217
3121
8241
49
4145
6193
2097
9521
1329
5425
7473
3377
8497
305
4401
6449
2353
9009
817
4913
6961
2865
7985
3889
5937
1841
9937
1745
5841
7889
3793
8913
721
4817
6865
2769
9425
1233
5329
7377
3281
8401
209
4305
6353
2257
9681
1489
5585
7633
3537
8657
465
4561
6609
2513
9169
977
5073
7121
3025
8145
4049
6097
2001
9809
1617
5713
7761
3665
8785
593
4689
6737
2641
9297
1105
5201
7249
3153
8273
81
4177
6225
2129
9553
1361
5457
7505
3409
8529
337
4433
6481
2385
9041
849
4945
6993
2897
8017
3921
5969
1873
9873
1681
5777
7825
3729
8849
657
4753
6801
2705
9361
1169
5265
7313
3217
8337
145
4241
6289
2193
9617
1425
5521
7569
3473
8593
401
4497
6545
2449
9105
913
5009
7057
2961
8081
3985
6033
1937
9745
1553
5649
7697
3601
8721
529
4625
6673
2577
9233
1041
5137
7185
3089
8209
17
4113
6161
2065
9489
1297
5393
7441
3345
8465
273
4369
6417
2321
8977
785
4881
6929
2833
7953
3857
5905
1809
9998
1806
5902
7950
3854
8974
782
4878
6926
2830
9486
1294
5390
7438
3342
8462
270
4366
6414
2318
9742
1550
5646
7694
3598
8718
526
4622
6670
2574
9230
1038
5134
7182
3086
8206
14
4110
6158
2062
9870
1678
5774
7822
3726
8846
654
4750
6798
2702
9358
1166
5262
7310
3214
8334
142
4238
6286
2190
9614
1422
5518
7566
3470
8590
398
4494
6542
2446
9102
910
5006
7054
2958
8078
3982
6030
1934
9934
1742
5838
7886
3790
8910
718
4814
6862
2766
9422
1230
5326
7374
3278
8398
206
4302
6350
2254
9678
1486
5582
7630
3534
8654
462
4558
6606
2510
9166
974
5070
7118
3022
8142
4046
6094
1998
9806
1614
5710
7758
3662
8782
590
4686
6734
2638
9294
1102
5198
7246
3150
8270
78
4174
6222
2126
9550
1358
5454
7502
3406
8526
334
4430
6478
2382
9038
846
4942
6990
2894
8014
3918
5966
1870
9966
1774
5870
7918
3822
8942
750
4846
6894
2798
9454
1262
5358
7406
3310
8430
238
4334
6382
2286
9710
1518
5614
7662
3566
8686
494
4590
6638
2542
9198
1006
5102
7150
3054
8174
4078
6126
2030
9838
1646
5742
7790
3694
8814
622
4718
6766
2670
9326
1134
5230
7278
3182
8302
110
4206
6254
2158
9582
1390
5486
7534
3438
8558
366
4462
6510
2414
9070
878
4974
7022
2926
8046
3950
5998
1902
9902
1710
5806
7854
3758
8878
686
4782
6830
2734
9390
1198
5294
7342
3246
8366
174
4270
6318
2222
9646
1454
5550
7598
3502
8622
430
4526
6574
2478
9134
942
5038
7086
2990
8110
4014
6062
1966
9774
1582
5678
7726
3630
8750
558
4654
6702
2606
9262
1070
5166
7214
3118
8238
46
4142
6190
2094
9518
1326
5422
7470
3374
8494
302
4398
6446
2350
9006
814
4910
6958
2862
7982
3886
5934
1838
9982
1790
5886
7934
3838
8958
766
4862
6910
2814
9470
1278
5374
7422
3326
8446
254
4350
6398
2302
9726
1534
5630
7678
3582
8702
510
4606
6654
2558
9214
1022
5118
7166
3070
8190
4094
6142
2046
9854
1662
5758
7806
3710
8830
638
4734
6782
2686
9342
1150
5246
7294
3198
8318
126
4222
6270
2174
9598
1406
5502
7550
3454
8574
382
4478
6526
2430
9086
894
4990
7038
2942
8062
3966
6014
1918
9918
1726
5822
7870
3774
8894
702
4798
6846
2750
9406
1214
5310
7358
3262
8382
190
4286
6334
2238
9662
1470
5566
7614
3518
8638
446
4542
6590
2494
9150
958
5054
7102
3006
8126
4030
6078
1982
9790
1598
5694
7742
3646
8766
574
4670
6718
2622
9278
1086
5182
7230
3134
8254
62
4158
6206
2110
9534
1342
5438
7486
3390
8510
318
4414
6462
2366
9022
830
4926
6974
2878
7998
3902
5950
1854
9950
1758
5854
7902
3806
8926
734
4830
6878
2782
9438
1246
5342
7390
3294
8414
222
4318
6366
2270
9694
1502
5598
7646
3550
8670
478
4574
6622
2526
9182
990
5086
7134
3038
8158
4062
6110
2014
9822
1630
5726
7774
3678
8798
606
4702
6750
2654
9310
1118
5214
7262
3166
8286
94
4190
6238
2142
9566
1374
5470
7518
3422
8542
350
4446
6494
2398
9054
862
4958
7006
2910
8030
3934
5982
1886
9886
1694
5790
7838
3742
8862
670
4766
6814
2718
9374
1182
5278
7326
3230
8350
158
4254
6302
2206
9630
1438
5534
7582
3486
8606
414
4510
6558
2462
9118
926
5022
7070
2974
8094
3998
6046
1950
9758
1566
5662
7710
3614
8734
542
4638
6686
2590
9246
1054
5150
7198
3102
8222
30
4126
6174
2078
9502
1310
5406
7454
3358
8478
286
4382
6430
2334
8990
798
4894
6942
2846
7966
3870
5918
1822
9990
1798
5894
7942
3846
8966
774
4870
6918
2822
9478
1286
5382
7430
3334
8454
262
4358
6406
2310
9734
1542
5638
7686
3590
8710
518
4614
6662
2566
9222
1030
5126
7174
3078
8198
6
4102
6150
2054
9862
1670
5766
7814
3718
8838
646
4742
6790
2694
9350
1158
5254
7302
3206
8326
134
4230
6278
2182
9606
1414
5510
7558
3462
8582
390
4486
6534
2438
9094
902
4998
7046
2950
8070
3974
6022
1926
9926
1734
5830
7878
3782
8902
710
4806
6854
2758
9414
1222
5318
7366
3270
8390
198
4294
6342
2246
9670
1478
5574
7622
3526
8646
454
4550
6598
2502
9158
966
5062
7110
3014
8134
4038
6086
1990
9798
1606
5702
7750
3654
8774
582
4678
6726
2630
9286
1094
5190
7238
3142
8262
70
4166
6214
2118
9542
1350
5446
7494
3398
8518
326
4422
6470
2374
9030
838
4934
6982
2886
8006
3910
5958
1862
9958
1766
5862
7910
3814
8934
742
4838
6886
2790
9446
1254
5350
7398
3302
8422
230
4326
6374
2278
9702
1510
5606
7654
3558
8678
486
4582
6630
2534
9190
998
5094
7142
3046
8166
4070
6118
2022
9830
1638
5734
7782
3686
8806
614
4710
6758
2662
9318
1126
5222
7270
3174
8294
102
4198
6246
2150
9574
1382
5478
7526
3430
8550
358
4454
6502
2406
9062
870
4966
7014
2918
8038
3942
5990
1894
9894
1702
5798
7846
3750
8870
678
4774
6822
2726
9382
1190
5286
7334
3238
8358
166
4262
6310
2214
9638
1446
5542
7590
3494
8614
422
4518
6566
2470
9126
934
5030
7078
2982
8102
4006
6054
1958
9766
1574
5670
7718
3622
8742
550
4646
6694
2598
9254
1062
5158
7206
3110
8230
38
4134
6182
2086
9510
1318
5414
7462
3366
8486
294
4390
6438
2342
8998
806
4902
6950
2854
7974
3878
5926
1830
9974
1782
5878
7926
3830
8950
758
4854
6902
2806
9462
1270
5366
7414
3318
8438
246
4342
6390
2294
9718
1526
5622
7670
3574
8694
502
4598
6646
2550
9206
1014
5110
7158
3062
8182
4086
6134
2038
9846
1654
5750
7798
3702
8822
630
4726
6774
2678
9334
1142
5238
7286
3190
8310
118
4214
6262
2166
9590
1398
5494
7542
3446
8566
374
4470
6518
2422
9078
886
4982
7030
2934
8054
3958
6006
1910
9910
1718
5814
7862
3766
8886
694
4790
6838
2742
9398
1206
5302
7350
3254
8374
182
4278
6326
2230
9654
1462
5558
7606
3510
8630
438
4534
6582
2486
9142
950
5046
7094
2998
8118
4022
6070
1974
9782
1590
5686
7734
3638
8758
566
4662
6710
2614
9270
1078
5174
7222
3126
8246
54
4150
6198
2102
9526
1334
5430
7478
3382
8502
310
4406
6454
2358
9014
822
4918
6966
2870
7990
3894
5942
1846
9942
1750
5846
7894
3798
8918
726
4822
6870
2774
9430
1238
5334
7382
3286
8406
214
4310
6358
2262
9686
1494
5590
7638
3542
8662
470
4566
6614
2518
9174
982
5078
7126
3030
8150
4054
6102
2006
9814
1622
5718
7766
3670
8790
598
4694
6742
2646
9302
1110
5206
7254
3158
8278
86
4182
6230
2134
9558
1366
5462
7510
3414
8534
342
4438
6486
2390
9046
854
4950
6998
2902
8022
3926
5974
1878
9878
1686
5782
7830
3734
8854
662
4758
6806
2710
9366
1174
5270
7318
3222
8342
150
4246
6294
2198
9622
1430
5526
7574
3478
8598
406
4502
6550
2454
9110
918
5014
7062
2966
8086
3990
6038
1942
9750
1558
5654
7702
3606
8726
534
4630
6678
2582
9238
1046
5142
7190
3094
8214
22
4118
6166
2070
9494
1302
5398
7446
3350
8470
278
4374
6422
2326
8982
790
4886
6934
2838
7958
3862
5910
1814
9994
1802
5898
7946
3850
8970
778
4874
6922
2826
9482
1290
5386
7434
3338
8458
266
4362
6410
2314
9738
1546
5642
7690
3594
8714
522
4618
6666
2570
9226
1034
5130
7178
3082
8202
10
4106
6154
2058
9866
1674
5770
7818
3722
8842
650
4746
6794
2698
9354
1162
5258
7306
3210
8330
138
4234
6282
2186
9610
1418
5514
7562
3466
8586
394
4490
6538
2442
9098
906
5002
7050
2954
8074
3978
6026
1930
9930
1738
5834
7882
3786
8906
714
4810
6858
2762
9418
1226
5322
7370
3274
8394
202
4298
6346
2250
9674
1482
5578
7626
3530
8650
458
4554
6602
2506
9162
970
5066
7114
3018
8138
4042
6090
1994
9802
1610
5706
7754
3658
8778
586
4682
6730
2634
9290
1098
5194
7242
3146
8266
74
4170
6218
2122
9546
1354
5450
7498
3402
8522
330
4426
6474
2378
9034
842
4938
6986
2890
8010
3914
5962
1866
9962
1770
5866
7914
3818
8938
746
4842
6890
2794
9450
1258
5354
7402
3306
8426
234
4330
6378
2282
9706
1514
5610
7658
3562
8682
490
4586
6634
2538
9194
1002
5098
7146
3050
8170
4074
6122
2026
9834
1642
5738
7786
3690
8810
618
4714
6762
2666
9322
1130
5226
7274
3178
8298
106
4202
6250
2154
9578
1386
5482
7530
3434
8554
362
4458
6506
2410
9066
874
4970
7018
2922
8042
3946
5994
1898
9898
1706
5802
7850
3754
8874
682
4778
6826
2730
9386
1194
5290
7338
3242
8362
170
4266
6314
2218
9642
1450
5546
7594
3498
8618
426
4522
6570
2474
9130
938
5034
7082
2986
8106
4010
6058
1962
9770
1578
5674
7722
3626
8746
554
4650
6698
2602
9258
1066
5162
7210
3114
8234
42
4138
6186
2090
9514
1322
5418
7466
3370
8490
298
4394
6442
2346
9002
810
4906
6954
2858
7978
3882
5930
1834
9978
1786
5882
7930
3834
8954
762
4858
6906
2810
9466
1274
5370
7418
3322
8442
250
4346
6394
2298
9722
1530
5626
7674
3578
8698
506
4602
6650
2554
9210
1018
5114
7162
3066
8186
4090
6138
2042
9850
1658
5754
7802
3706
8826
634
4730
6778
2682
9338
1146
5242
7290
3194
8314
122
4218
6266
2170
9594
1402
5498
7546
3450
8570
378
4474
6522
2426
9082
890
4986
7034
2938
8058
3962
6010
1914
9914
1722
5818
7866
3770
8890
698
4794
6842
2746
9402
1210
5306
7354
3258
8378
186
4282
6330
2234
9658
1466
5562
7610
3514
8634
442
4538
6586
2490
9146
954
5050
7098
3002
8122
4026
6074
1978
9786
1594
5690
7738
3642
8762
570
4666
6714
2618
9274
1082
5178
7226
3130
8250
58
4154
6202
2106
9530
1338
5434
7482
3386
8506
314
4410
6458
2362
9018
826
4922
6970
2874
7994
3898
5946
1850
9946
1754
5850
7898
3802
8922
730
4826
6874
2778
9434
1242
5338
7386
3290
8410
218
4314
6362
2266
9690
1498
5594
7642
3546
8666
474
4570
6618
2522
9178
986
5082
7130
3034
8154
4058
6106
2010
9818
1626
5722
7770
3674
8794
602
4698
6746
2650
9306
1114
5210
7258
3162
8282
90
4186
6234
2138
9562
1370
5466
7514
3418
8538
346
4442
6490
2394
9050
858
4954
7002
2906
8026
3930
5978
1882
9882
1690
5786
7834
3738
8858
666
4762
6810
2714
9370
1178
5274
7322
3226
8346
154
4250
6298
2202
9626
1434
5530
7578
3482
8602
410
4506
6554
2458
9114
922
5018
7066
2970
8090
3994
6042
1946
9754
1562
5658
7706
3610
8730
538
4634
6682
2586
9242
1050
5146
7194
3098
8218
26
4122
6170
2074
9498
1306
5402
7450
3354
8474
282
4378
6426
2330
8986
794
4890
6938
2842
7962
3866
5914
1818
9986
1794
5890
7938
3842
8962
770
4866
6914
2818
9474
1282
5378
7426
3330
8450
258
4354
6402
2306
9730
1538
5634
7682
3586
8706
514
4610
6658
2562
9218
1026
5122
7170
3074
8194
2
4098
6146
2050
9858
1666
5762
7810
3714
8834
642
4738
6786
2690
9346
1154
5250
7298
3202
8322
130
4226
6274
2178
9602
1410
5506
7554
3458
8578
386
4482
6530
2434
9090
898
4994
7042
2946
8066
3970
6018
1922
9922
1730
5826
7874
3778
8898
706
4802
6850
2754
9410
1218
5314
7362
3266
8386
194
4290
6338
2242
9666
1474
5570
7618
3522
8642
450
4546
6594
2498
9154
962
5058
7106
3010
8130
4034
6082
1986
9794
1602
5698
7746
3650
8770
578
4674
6722
2626
9282
1090
5186
7234
3138
8258
66
4162
6210
2114
9538
1346
5442
7490
3394
8514
322
4418
6466
2370
9026
834
4930
6978
2882
8002
3906
5954
1858
9954
1762
5858
7906
3810
8930
738
4834
6882
2786
9442
1250
5346
7394
3298
8418
226
4322
6370
2274
9698
1506
5602
7650
3554
8674
482
4578
6626
2530
9186
994
5090
7138
3042
8162
4066
6114
2018
9826
1634
5730
7778
3682
8802
610
4706
6754
2658
9314
1122
5218
7266
3170
8290
98
4194
6242
2146
9570
1378
5474
7522
3426
8546
354
4450
6498
2402
9058
866
4962
7010
2914
8034
3938
5986
1890
9890
1698
5794
7842
3746
8866
674
4770
6818
2722
9378
1186
5282
7330
3234
8354
162
4258
6306
2210
9634
1442
5538
7586
3490
8610
418
4514
6562
2466
9122
930
5026
7074
2978
8098
4002
6050
1954
9762
1570
5666
7714
3618
8738
546
4642
6690
2594
9250
1058
5154
7202
3106
8226
34
4130
6178
2082
9506
1314
5410
7458
3362
8482
290
4386
6434
2338
8994
802
4898
6946
2850
7970
3874
5922
1826
9970
1778
5874
7922
3826
8946
754
4850
6898
2802
9458
1266
5362
7410
3314
8434
242
4338
6386
2290
9714
1522
5618
7666
3570
8690
498
4594
6642
2546
9202
1010
5106
7154
3058
8178
4082
6130
2034
9842
1650
5746
7794
3698
8818
626
4722
6770
2674
9330
1138
5234
7282
3186
8306
114
4210
6258
2162
9586
1394
5490
7538
3442
8562
370
4466
6514
2418
9074
882
4978
7026
2930
8050
3954
6002
1906
9906
1714
5810
7858
3762
8882
690
4786
6834
2738
9394
1202
5298
7346
3250
8370
178
4274
6322
2226
9650
1458
5554
7602
3506
8626
434
4530
6578
2482
9138
946
5042
7090
2994
8114
4018
6066
1970
9778
1586
5682
7730
3634
8754
562
4658
6706
2610
9266
1074
5170
7218
3122
8242
50
4146
6194
2098
9522
1330
5426
7474
3378
8498
306
4402
6450
2354
9010
818
4914
6962
2866
7986
3890
5938
1842
9938
1746
5842
7890
3794
8914
722
4818
6866
2770
9426
1234
5330
7378
3282
8402
210
4306
6354
2258
9682
1490
5586
7634
3538
8658
466
4562
6610
2514
9170
978
5074
7122
3026
8146
4050
6098
2002
9810
1618
5714
7762
3666
8786
594
4690
6738
2642
9298
1106
5202
7250
3154
8274
82
4178
6226
2130
9554
1362
5458
7506
3410
8530
338
4434
6482
2386
9042
850
4946
6994
2898
8018
3922
5970
1874
9874
1682
5778
7826
3730
8850
658
4754
6802
2706
9362
1170
5266
7314
3218
8338
146
4242
6290
2194
9618
1426
5522
7570
3474
8594
402
4498
6546
2450
9106
914
5010
7058
2962
8082
3986
6034
1938
9746
1554
5650
7698
3602
8722
530
4626
6674
2578
9234
1042
5138
7186
3090
8210
18
4114
6162
2066
9490
1298
5394
7442
3346
8466
274
4370
6418
2322
8978
786
4882
6930
2834
7954
3858
5906
1810
9996
1804
5900
7948
3852
8972
780
4876
6924
2828
9484
1292
5388
7436
3340
8460
268
4364
6412
2316
9740
1548
5644
7692
3596
8716
524
4620
6668
2572
9228
1036
5132
7180
3084
8204
12
4108
6156
2060
9868
1676
5772
7820
3724
8844
652
4748
6796
2700
9356
1164
5260
7308
3212
8332
140
4236
6284
2188
9612
1420
5516
7564
3468
8588
396
4492
6540
2444
9100
908
5004
7052
2956
8076
3980
6028
1932
9932
1740
5836
7884
3788
8908
716
4812
6860
2764
9420
1228
5324
7372
3276
8396
204
4300
6348
2252
9676
1484
5580
7628
3532
8652
460
4556
6604
2508
9164
972
5068
7116
3020
8140
4044
6092
1996
9804
1612
5708
7756
3660
8780
588
4684
6732
2636
9292
1100
5196
7244
3148
8268
76
4172
6220
2124
9548
1356
5452
7500
3404
8524
332
4428
6476
2380
9036
844
4940
6988
2892
8012
3916
5964
1868
9964
1772
5868
7916
3820
8940
748
4844
6892
2796
9452
1260
5356
7404
3308
8428
236
4332
6380
2284
9708
1516
5612
7660
3564
8684
492
4588
6636
2540
9196
1004
5100
7148
3052
8172
4076
6124
2028
9836
1644
5740
7788
3692
8812
620
4716
6764
2668
9324
1132
5228
7276
3180
8300
108
4204
6252
2156
9580
1388
5484
7532
3436
8556
364
4460
6508
2412
9068
876
4972
7020
2924
8044
3948
5996
1900
9900
1708
5804
7852
3756
8876
684
4780
6828
2732
9388
1196
5292
7340
3244
8364
172
4268
6316
2220
9644
1452
5548
7596
3500
8620
428
4524
6572
2476
9132
940
5036
7084
2988
8108
4012
6060
1964
9772
1580
5676
7724
3628
8748
556
4652
6700
2604
9260
1068
5164
7212
3116
8236
44
4140
6188
2092
9516
1324
5420
7468
3372
8492
300
4396
6444
2348
9004
812
4908
6956
2860
7980
3884
5932
1836
9980
1788
5884
7932
3836
8956
764
4860
6908
2812
9468
1276
5372
7420
3324
8444
252
4348
6396
2300
9724
1532
5628
7676
3580
8700
508
4604
6652
2556
9212
1020
5116
7164
3068
8188
4092
6140
2044
9852
1660
5756
7804
3708
8828
636
4732
6780
2684
9340
1148
5244
7292
3196
8316
124
4220
6268
2172
9596
1404
5500
7548
3452
8572
380
4476
6524
2428
9084
892
4988
7036
2940
8060
3964
6012
1916
9916
1724
5820
7868
3772
8892
700
4796
6844
2748
9404
1212
5308
7356
3260
8380
188
4284
6332
2236
9660
1468
5564
7612
3516
8636
444
4540
6588
2492
9148
956
5052
7100
3004
8124
4028
6076
1980
9788
1596
5692
7740
3644
8764
572
4668
6716
2620
9276
1084
5180
7228
3132
8252
60
4156
6204
2108
9532
1340
5436
7484
3388
8508
316
4412
6460
2364
9020
828
4924
6972
2876
7996
3900
5948
1852
9948
1756
5852
7900
3804
8924
732
4828
6876
2780
9436
1244
5340
7388
3292
8412
220
4316
6364
2268
9692
1500
5596
7644
3548
8668
476
4572
6620
2524
9180
988
5084
7132
3036
8156
4060
6108
2012
9820
1628
5724
7772
3676
8796
604
4700
6748
2652
9308
1116
5212
7260
3164
8284
92
4188
6236
2140
9564
1372
5468
7516
3420
8540
348
4444
6492
2396
9052
860
4956
7004
2908
8028
3932
5980
1884
9884
1692
5788
7836
3740
8860
668
4764
6812
2716
9372
1180
5276
7324
3228
8348
156
4252
6300
2204
9628
1436
5532
7580
3484
8604
412
4508
6556
2460
9116
924
5020
7068
2972
8092
3996
6044
1948
9756
1564
5660
7708
3612
8732
540
4636
6684
2588
9244
1052
5148
7196
3100
8220
28
4124
6172
2076
9500
1308
5404
7452
3356
8476
284
4380
6428
2332
8988
796
4892
6940
2844
7964
3868
5916
1820
9988
1796
5892
7940
3844
8964
772
4868
6916
2820
9476
1284
5380
7428
3332
8452
260
4356
6404
2308
9732
1540
5636
7684
3588
8708
516
4612
6660
2564
9220
1028
5124
7172
3076
8196
4
4100
6148
2052
9860
1668
5764
7812
3716
8836
644
4740
6788
2692
9348
1156
5252
7300
3204
8324
132
4228
6276
2180
9604
1412
5508
7556
3460
8580
388
4484
6532
2436
9092
900
4996
7044
2948
8068
3972
6020
1924
9924
1732
5828
7876
3780
8900
708
4804
6852
2756
9412
1220
5316
7364
3268
8388
196
4292
6340
2244
9668
1476
5572
7620
3524
8644
452
4548
6596
2500
9156
964
5060
7108
3012
8132
4036
6084
1988
9796
1604
5700
7748
3652
8772
580
4676
6724
2628
9284
1092
5188
7236
3140
8260
68
4164
6212
2116
9540
1348
5444
7492
3396
8516
324
4420
6468
2372
9028
836
4932
6980
2884
8004
3908
5956
1860
9956
1764
5860
7908
3812
8932
740
4836
6884
2788
9444
1252
5348
7396
3300
8420
228
4324
6372
2276
9700
1508
5604
7652
3556
8676
484
4580
6628
2532
9188
996
5092
7140
3044
8164
4068
6116
2020
9828
1636
5732
7780
3684
8804
612
4708
6756
2660
9316
1124
5220
7268
3172
8292
100
4196
6244
2148
9572
1380
5476
7524
3428
8548
356
4452
6500
2404
9060
868
4964
7012
2916
8036
3940
5988
1892
9892
1700
5796
7844
3748
8868
676
4772
6820
2724
9380
1188
5284
7332
3236
8356
164
4260
6308
2212
9636
1444
5540
7588
3492
8612
420
4516
6564
2468
9124
932
5028
7076
2980
8100
4004
6052
1956
9764
1572
5668
7716
3620
8740
548
4644
6692
2596
9252
1060
5156
7204
3108
8228
36
4132
6180
2084
9508
1316
5412
7460
3364
8484
292
4388
6436
2340
8996
804
4900
6948
2852
7972
3876
5924
1828
9972
1780
5876
7924
3828
8948
756
4852
6900
2804
9460
1268
5364
7412
3316
8436
244
4340
6388
2292
9716
1524
5620
7668
3572
8692
500
4596
6644
2548
9204
1012
5108
7156
3060
8180
4084
6132
2036
9844
1652
5748
7796
3700
8820
628
4724
6772
2676
9332
1140
5236
7284
3188
8308
116
4212
6260
2164
9588
1396
5492
7540
3444
8564
372
4468
6516
2420
9076
884
4980
7028
2932
8052
3956
6004
1908
9908
1716
5812
7860
3764
8884
692
4788
6836
2740
9396
1204
5300
7348
3252
8372
180
4276
6324
2228
9652
1460
5556
7604
3508
8628
436
4532
6580
2484
9140
948
5044
7092
2996
8116
4020
6068
1972
9780
1588
5684
7732
3636
8756
564
4660
6708
2612
9268
1076
5172
7220
3124
8244
52
4148
6196
2100
9524
1332
5428
7476
3380
8500
308
4404
6452
2356
9012
820
4916
6964
2868
7988
3892
5940
1844
9940
1748
5844
7892
3796
8916
724
4820
6868
2772
9428
1236
5332
7380
3284
8404
212
4308
6356
2260
9684
1492
5588
7636
3540
8660
468
4564
6612
2516
9172
980
5076
7124
3028
8148
4052
6100
2004
9812
1620
5716
7764
3668
8788
596
4692
6740
2644
9300
1108
5204
7252
3156
8276
84
4180
6228
2132
9556
1364
5460
7508
3412
8532
340
4436
6484
2388
9044
852
4948
6996
2900
8020
3924
5972
1876
9876
1684
5780
7828
3732
8852
660
4756
6804
2708
9364
1172
5268
7316
3220
8340
148
4244
6292
2196
9620
1428
5524
7572
3476
8596
404
4500
6548
2452
9108
916
5012
7060
2964
8084
3988
6036
1940
9748
1556
5652
7700
3604
8724
532
4628
6676
2580
9236
1044
5140
7188
3092
8212
20
4116
6164
2068
9492
1300
5396
7444
3348
8468
276
4372
6420
2324
8980
788
4884
6932
2836
7956
3860
5908
1812
9992
1800
5896
7944
3848
8968
776
4872
6920
2824
9480
1288
5384
7432
3336
8456
264
4360
6408
2312
9736
1544
5640
7688
3592
8712
520
4616
6664
2568
9224
1032
5128
7176
3080
8200
8
4104
6152
2056
9864
1672
5768
7816
3720
8840
648
4744
6792
2696
9352
1160
5256
7304
3208
8328
136
4232
6280
2184
9608
1416
5512
7560
3464
8584
392
4488
6536
2440
9096
904
5000
7048
2952
8072
3976
6024
1928
9928
1736
5832
7880
3784
8904
712
4808
6856
2760
9416
1224
5320
7368
3272
8392
200
4296
6344
2248
9672
1480
5576
7624
3528
8648
456
4552
6600
2504
9160
968
5064
7112
3016
8136
4040
6088
1992
9800
1608
5704
7752
3656
8776
584
4680
6728
2632
9288
1096
5192
7240
3144
8264
72
4168
6216
2120
9544
1352
5448
7496
3400
8520
328
4424
6472
2376
9032
840
4936
6984
2888
8008
3912
5960
1864
9960
1768
5864
7912
3816
8936
744
4840
6888
2792
9448
1256
5352
7400
3304
8424
232
4328
6376
2280
9704
1512
5608
7656
3560
8680
488
4584
6632
2536
9192
1000
5096
7144
3048
8168
4072
6120
2024
9832
1640
5736
7784
3688
8808
616
4712
6760
2664
9320
1128
5224
7272
3176
8296
104
4200
6248
2152
9576
1384
5480
7528
3432
8552
360
4456
6504
2408
9064
872
4968
7016
2920
8040
3944
5992
1896
9896
1704
5800
7848
3752
8872
680
4776
6824
2728
9384
1192
5288
7336
3240
8360
168
4264
6312
2216
9640
1448
5544
7592
3496
8616
424
4520
6568
2472
9128
936
5032
7080
2984
8104
4008
6056
1960
9768
1576
5672
7720
3624
8744
552
4648
6696
2600
9256
1064
5160
7208
3112
8232
40
4136
6184
2088
9512
1320
5416
7464
3368
8488
296
4392
6440
2344
9000
808
4904
6952
2856
7976
3880
5928
1832
9976
1784
5880
7928
3832
8952
760
4856
6904
2808
9464
1272
5368
7416
3320
8440
248
4344
6392
2296
9720
1528
5624
7672
3576
8696
504
4600
6648
2552
9208
1016
5112
7160
3064
8184
4088
6136
2040
9848
1656
5752
7800
3704
8824
632
4728
6776
2680
9336
1144
5240
7288
3192
8312
120
4216
6264
2168
9592
1400
5496
7544
3448
8568
376
4472
6520
2424
9080
888
4984
7032
2936
8056
3960
6008
1912
9912
1720
5816
7864
3768
8888
696
4792
6840
2744
9400
1208
5304
7352
3256
8376
184
4280
6328
2232
9656
1464
5560
7608
3512
8632
440
4536
6584
2488
9144
952
5048
7096
3000
8120
4024
6072
1976
9784
1592
5688
7736
3640
8760
568
4664
6712
2616
9272
1080
5176
7224
3128
8248
56
4152
6200
2104
9528
1336
5432
7480
3384
8504
312
4408
6456
2360
9016
824
4920
6968
2872
7992
3896
5944
1848
9944
1752
5848
7896
3800
8920
728
4824
6872
2776
9432
1240
5336
7384
3288
8408
216
4312
6360
2264
9688
1496
5592
7640
3544
8664
472
4568
6616
2520
9176
984
5080
7128
3032
8152
4056
6104
2008
9816
1624
5720
7768
3672
8792
600
4696
6744
2648
9304
1112
5208
7256
3160
8280
88
4184
6232
2136
9560
1368
5464
7512
3416
8536
344
4440
6488
2392
9048
856
4952
7000
2904
8024
3928
5976
1880
9880
1688
5784
7832
3736
8856
664
4760
6808
2712
9368
1176
5272
7320
3224
8344
152
4248
6296
2200
9624
1432
5528
7576
3480
8600
408
4504
6552
2456
9112
920
5016
7064
2968
8088
3992
6040
1944
9752
1560
5656
7704
3608
8728
536
4632
6680
2584
9240
1048
5144
7192
3096
8216
24
4120
6168
2072
9496
1304
5400
7448
3352
8472
280
4376
6424
2328
8984
792
4888
6936
2840
7960
3864
5912
1816
9984
1792
5888
7936
3840
8960
768
4864
6912
2816
9472
1280
5376
7424
3328
8448
256
4352
6400
2304
9728
1536
5632
7680
3584
8704
512
4608
6656
2560
9216
1024
5120
7168
3072
8192
0
4096
6144
2048
9856
1664
5760
7808
3712
8832
640
4736
6784
2688
9344
1152
5248
7296
3200
8320
128
4224
6272
2176
9600
1408
5504
7552
3456
8576
384
4480
6528
2432
9088
896
4992
7040
2944
8064
3968
6016
1920
9920
1728
5824
7872
3776
8896
704
4800
6848
2752
9408
1216
5312
7360
3264
8384
192
4288
6336
2240
9664
1472
5568
7616
3520
8640
448
4544
6592
2496
9152
960
5056
7104
3008
8128
4032
6080
1984
9792
1600
5696
7744
3648
8768
576
4672
6720
2624
9280
1088
5184
7232
3136
8256
64
4160
6208
2112
9536
1344
5440
7488
3392
8512
320
4416
6464
2368
9024
832
4928
6976
2880
8000
3904
5952
1856
9952
1760
5856
7904
3808
8928
736
4832
6880
2784
9440
1248
5344
7392
3296
8416
224
4320
6368
2272
9696
1504
5600
7648
3552
8672
480
4576
6624
2528
9184
992
5088
7136
3040
8160
4064
6112
2016
9824
1632
5728
7776
3680
8800
608
4704
6752
2656
9312
1120
5216
7264
3168
8288
96
4192
6240
2144
9568
1376
5472
7520
3424
8544
352
4448
6496
2400
9056
864
4960
7008
2912
8032
3936
5984
1888
9888
1696
5792
7840
3744
8864
672
4768
6816
2720
9376
1184
5280
7328
3232
8352
160
4256
6304
2208
9632
1440
5536
7584
3488
8608
416
4512
6560
2464
9120
928
5024
7072
2976
8096
4000
6048
1952
9760
1568
5664
7712
3616
8736
544
4640
6688
2592
9248
1056
5152
7200
3104
8224
32
4128
6176
2080
9504
1312
5408
7456
3360
8480
288
4384
6432
2336
8992
800
4896
6944
2848
7968
3872
5920
1824
9968
1776
5872
7920
3824
8944
752
4848
6896
2800
9456
1264
5360
7408
3312
8432
240
4336
6384
2288
9712
1520
5616
7664
3568
8688
496
4592
6640
2544
9200
1008
5104
7152
3056
8176
4080
6128
2032
9840
1648
5744
7792
3696
8816
624
4720
6768
2672
9328
1136
5232
7280
3184
8304
112
4208
6256
2160
9584
1392
5488
7536
3440
8560
368
4464
6512
2416
9072
880
4976
7024
2928
8048
3952
6000
1904
9904
1712
5808
7856
3760
8880
688
4784
6832
2736
9392
1200
5296
7344
3248
8368
176
4272
6320
2224
9648
1456
5552
7600
3504
8624
432
4528
6576
2480
9136
944
5040
7088
2992
8112
4016
6064
1968
9776
1584
5680
7728
3632
8752
560
4656
6704
2608
9264
1072
5168
7216
3120
8240
48
4144
6192
2096
9520
1328
5424
7472
3376
8496
304
4400
6448
2352
9008
816
4912
6960
2864
7984
3888
5936
1840
9936
1744
5840
7888
3792
8912
720
4816
6864
2768
9424
1232
5328
7376
3280
8400
208
4304
6352
2256
9680
1488
5584
7632
3536
8656
464
4560
6608
2512
9168
976
5072
7120
3024
8144
4048
6096
2000
9808
1616
5712
7760
3664
8784
592
4688
6736
2640
9296
1104
5200
7248
3152
8272
80
4176
6224
2128
9552
1360
5456
7504
3408
8528
336
4432
6480
2384
9040
848
4944
6992
2896
8016
3920
5968
1872
9872
1680
5776
7824
3728
8848
656
4752
6800
2704
9360
1168
5264
7312
3216
8336
144
4240
6288
2192
9616
1424
5520
7568
3472
8592
400
4496
6544
2448
9104
912
5008
7056
2960
8080
3984
6032
1936
9744
1552
5648
7696
3600
8720
528
4624
6672
2576
9232
1040
5136
7184
3088
8208
16
4112
6160
2064
9488
1296
5392
7440
3344
8464
272
4368
6416
2320
8976
784
4880
6928
2832
7952
3856
5904
1808
