421169
376268
587006
660811
102824
38741
647288
30175
900078
582583
143123
843845
686511
868546
25921
588601
835262
224186
879313
358648
833360
946364
715063
741410
336641
687788
358084
146004
299785
177667
618098
669843
761361
477450
365068
891924
356827
62261
437541
35648
704009
787522
962162
297431
446095
3361
607393
286028
317802
355121
886871
747081
56105
538165
766334
979187
848252
525801
536497
883816
491429
991450
510138
539811
225811
744190
932058
617794
200477
645651
383661
656154
790033
556939
359005
961090
584628
477440
519803
263400
993850
518929
539801
855197
767307
307844
331023
492912
457006
12612
267710
192679
212490
840689
478945
76668
633865
861533
314756
188894
712619
801388
624497
466084
53156
692006
248986
475026
595142
728126
937464
618934
315093
428921
362431
385451
867361
161808
983940
146109
343128
999031
437825
384528
844790
546508
343826
290290
872678
791952
230404
524596
702483
317075
814582
901706
572695
887888
944886
807143
816854
228898
970100
310352
537651
747650
685485
407034
957542
205757
700302
247908
137692
467230
871666
522133
767747
815415
11220
571851
348556
268707
626126
134224
874780
947114
446543
979890
959381
560527
842619
714517
572464
144327
282933
128870
305782
369643
5262
823316
574955
861001
85800
473812
93951
333026
160249
955320
55762
69202
667350
277516
581394
703173
121118
663529
653891
545119
196932
508008
419187
22249
382608
882514
14452
627206
140674
557649
476768
295861
197374
640583
871094
494825
103118
695865
947664
766286
153989
506510
410837
469783
975910
268116
747940
816641
459370
640653
360171
436669
658448
534866
203562
457452
327811
172104
413123
513684
178471
255882
317
99025
66908
7804
579778
822241
405238
843723
920162
927027
879743
424608
717334
503412
141352
730777
367590
479998
938268
843628
299291
67501
289484
274876
134064
620340
502271
606992
697613
469645
179597
165706
271873
201742
966991
546376
433276
85026
72119
118979
283026
732276
774133
410555
902516
146069
151968
841412
682669
709650
396924
715561
227947
802750
93418
75008
836227
163134
680248
723911
517141
339836
715171
641474
60086
870035
329943
263465
331536
787743
360688
582143
953808
159099
597502
748403
521574
761447
665719
55486
111624
425330
251837
174115
788128
305167
409391
792026
379780
898934
707298
145691
264741
676976
142458
504692
83835
101088
477576
744881
180218
902399
446001
910752
29975
845364
508072
216261
38395
494933
312173
586564
515613
781460
801075
862473
78267
581289
48325
335946
587751
824783
496681
796484
930825
291401
138408
720847
521436
632851
207280
677281
369517
812779
400097
583321
41194
242444
749390
513881
339933
231644
606745
518880
178196
905102
97322
325163
879751
531664
181610
525664
378366
712924
862458
645450
554702
814769
929823
19622
584797
117212
692655
187326
393554
111529
870533
668400
270727
466071
413446
971600
447958
315158
211337
61943
298834
319994
807505
922596
235905
780921
308386
339222
216321
924451
471706
579627
628065
80450
64877
706268
484126
959488
491749
495437
412281
911229
861643
997331
534857
798918
805246
238610
879284
825159
673453
901378
569762
749888
940398
576563
373420
19507
892514
929201
569801
99070
783082
985107
885939
876689
472764
248259
265141
758905
331662
731026
448422
750672
432887
543530
676013
172078
355092
506966
42799
87093
632970
540913
26706
10085
478049
855562
329740
498059
336780
503530
352422
841145
672317
284990
472988
476399
483004
91290
856783
906967
860574
229463
630436
720870
739985
280600
471922
409348
726236
711911
374150
594186
19658
720638
10068
130577
490142
574816
426675
857466
472671
442885
890665
351694
14005
313013
184524
815633
87542
657293
695369
17619
624123
676840
220613
645584
426361
265737
86164
719382
691514
129294
637463
96590
774415
295988
356011
142251
661986
36094
34199
905288
582527
654684
854961
665849
603876
425675
96433
699941
540479
238715
772977
280170
594299
391157
621097
456882
296479
598107
175752
382848
471301
761087
557923
491917
609872
957581
56875
247622
11302
111511
916967
124507
605150
901609
556688
48444
363267
372889
153575
181953
545391
557873
419055
164706
333246
873412
265739
323030
223013
488036
93338
987343
96916
779554
644000
500164
863331
55586
85310
647810
265081
405893
473922
636052
125076
208823
692061
533443
134381
783943
653023
946966
722238
425889
932525
372482
525916
234200
205755
866533
64844
616762
878021
385720
674439
252087
209110
23752
85815
758802
247122
363951
999462
992085
324783
243326
148208
34382
172375
387160
151785
122146
812902
97659
720901
673994
169225
739250
110160
583715
695925
751581
83185
374030
13801
431862
976922
8600
782042
90821
188602
798763
718251
812653
553076
147374
988780
343252
482538
280924
29732
183025
116504
780982
748630
411336
620444
314033
388046
963761
337787
144387
468659
674076
194095
489064
735838
772703
614155
804143
946895
527919
450400
55885
505813
410531
645423
982553
191050
11932
877828
674521
44800
482721
916060
242376
500322
273308
109900
544955
144618
337588
74658
511149
444688
100469
28093
666980
869814
403655
897520
24413
800222
871389
364153
684201
831119
573442
838188
537267
563595
238115
342647
246790
386771
825733
430286
364998
110320
971251
209784
731383
637160
462650
308834
53376
141210
532287
49938
860824
742143
613810
193868
686772
297454
116976
136376
12193
74177
167474
15815
320834
622821
956829
703660
70052
10834
158391
522999
747066
668024
550575
764687
318554
939046
769259
569361
101041
45126
441443
493681
482410
980805
491836
503734
33347
738578
769700
561951
351161
54919
110924
92020
391966
600175
701229
9451
941498
279340
677945
415083
539938
301897
232871
601473
163707
233890
826270
772270
126349
732278
553521
407891
105198
949806
669220
386021
949676
782577
818978
937043
441275
162284
732672
74617
485330
76699
668215
677956
71948
545094
377285
818926
804019
977163
19675
348339
773467
526987
245550
240092
120790
77215
994482
187242
570888
256935
978653
626321
806588
426310
134549
166279
694473
854744
685061
776172
710294
859301
352475
195606
461395
365733
799
107071
128991
449045
304858
955639
478550
237918
835090
485607
207659
177730
699696
442275
372884
458621
126386
887182
455402
601957
989055
327410
811811
83530
219265
721491
680948
387949
797524
672055
401252
989550
81645
242188
389885
143597
369554
673233
54549
181971
281203
504570
475802
85875
562343
8972
8821
687710
67491
903686
803805
258015
376193
456197
432209
813437
45953
761141
92275
451965
878128
812582
156851
911746
301971
524130
936528
818502
631087
846372
70776
639095
378927
495429
77045
255343
11473
578477
68746
79037
626880
326636
275735
337882
757751
460467
855867
124977
889028
811643
179714
171060
186624
508433
273593
842316
451927
289375
560364
588241
395796
226373
790095
510175
657893
288368
107556
845650
801969
22992
928483
489767
923955
981023
298867
578611
705337
687974
497884
914774
619078
906919
946720
322031
794434
839552
221232
745890
164992
566931
551871
792080
342561
252112
883152
963041
963904
380665
600023
193221
773167
571960
400937
751233
607117
278900
12032
980253
892361
803962
400213
170597
820078
163122
489168
824852
993036
922508
376081
336648
543540
612832
73294
476379
355004
312504
512324
197283
687519
240601
697309
429796
686575
897309
469667
288137
814403
802635
852185
230028
101813
947656
916981
92737
959433
851790
337849
9422
307606
216613
194625
128289
530551
211265
217547
592511
492776
865050
460255
861474
70162
325431
43134
457627
394404
675873
434216
516611
63460
68670
71397
80556
601888
670299
975081
894921
538051
769827
898517
563195
110344
448304
407167
917732
661095
109187
547164
453288
33003
714885
728268
703462
506322
943304
164790
597967
993078
874883
751365
897588
466988
309255
827557
590390
253583
885311
6038
770419
238999
428185
470652
79902
580885
564364
192417
52883
575604
785402
812637
37495
354139
175997
791759
6768
630868
661262
240209
308411
15705
755460
436578
918879
132212
665187
563399
10535
162316
448596
255086
403945
327658
303203
854766
970951
998405
814054
921515
478100
380366
215323
739500
38231
81923
828300
730403
217082
97293
513015
872114
440719
877086
389303
944878
591718
856873
509258
398936
802663
437965
314268
323770
371009
624478
652239
429608
586530
35443
468150
269653
660040
751436
930367
176074
640688
87963
25902
627808
483754
849425
807230
159555
773993
936310
639323
715931
488431
179363
169145
374969
644719
1572
187365
288610
495291
143493
221885
761501
760464
693884
93674
249893
747112
941831
788675
919801
845338
720798
376070
796672
544232
996615
908440
285439
663107
187290
191296
742611
446372
919212
519118
329141
589208
110039
117524
497009
886974
203480
632497
456179
113134
981012
702252
259707
409903
934949
553236
936951
274264
943987
786588
929100
83692
729631
157129
172392
355643
80167
303429
101344
825580
744906
204985
726160
413968
600139
642675
944663
177024
719024
342576
738126
744157
193638
539119
441028
329510
8878
823951
574744
419598
503406
728482
118139
666543
646730
492373
680364
725239
96275
638708
631887
539388
633152
364260
62397
108808
98900
910094
501843
163944
874415
135388
623529
58242
805959
291985
603503
624843
924247
610148
916011
23906
184977
835140
304289
286969
940218
571188
652175
957783
97193
124897
31892
536040
640222
155592
281458
242684
100192
209750
171188
847544
824917
13067
55123
215881
113769
871064
452961
909481
902316
899550
743202
495389
821912
248834
775969
245208
417513
867254
149526
680596
200662
297092
965042
698655
967485
414339
300701
80709
817240
49767
755555
419694
902961
440275
59646
378734
770706
484522
360271
875181
719179
417365
142802
997440
850004
641439
351266
989734
996114
710103
470766
490298
362504
488247
806764
197356
826962
776726
652307
865505
521207
556310
682361
287075
495412
28265
693549
745872
188748
58740
857353
880104
415681
826442
335168
655573
832
302664
513405
750461
414441
347916
639385
490509
419739
661809
785291
243248
437277
350364
939196
483370
728858
816976
36320
258098
162428
127499
853190
109966
505598
790512
358845
296171
458617
762044
559905
425083
610620
600348
206837
409243
562735
858301
845156
220616
262174
617203
561975
299961
646162
762749
715408
677212
813393
730375
590309
236967
638181
384518
967344
755937
169679
34775
291889
988403
854168
841504
948389
290709
704339
429262
575814
173331
439218
761311
710170
530034
515763
325287
455336
222177
66010
18146
777166
545369
346036
363839
201386
162435
729662
189710
907665
675439
21700
910117
718113
78080
867837
200675
379956
616905
534843
533284
727505
850908
69920
765915
77368
214672
833805
537187
617298
913001
486511
50690
569943
394621
615455
891777
702645
814416
857788
969001
271068
919555
934358
904370
893637
419934
769075
974532
4354
864842
663016
874091
359226
105856
84822
924764
949565
791382
264783
652579
427288
625358
193861
982139
207966
85185
7203
299807
914198
418006
81290
447113
387556
975547
64571
620953
858314
377991
870404
991301
923109
510953
559347
978741
124364
403926
699091
842784
388607
169464
653702
759262
190914
826995
177403
906929
787077
891098
937007
605176
682756
130752
774791
807521
297275
461480
221600
784804
688267
197829
686719
199311
197836
302774
930323
285500
142709
521284
296081
261458
833282
697789
358894
795269
606855
700747
298442
837097
389184
358874
837053
137876
303143
817662
155988
375532
975417
709502
24655
765586
393122
748774
940811
536520
769930
367132
43002
533081
449714
122510
706228
621155
923255
516791
505331
574445
797915
630692
507220
301351
987523
593510
25809
955424
787139
948602
523340
294150
876173
943787
63402
222061
139840
957544
155728
307728
273503
628245
427501
586744
577704
387603
377763
235284
90801
264611
303405
50485
635619
898741
191869
956362
884745
120945
950514
190143
354299
322903
167243
760005
356857
535332
429421
875058
797302
520788
343266
326231
809655
90483
152485
634553
549176
675118
750370
463238
621348
429904
881375
125420
547619
552928
194463
997513
311361
913395
654018
885569
168814
75045
333547
852289
574918
917621
350775
545559
494686
655069
203636
546792
880319
668247
696953
547724
596187
129312
544359
120704
561989
654363
961993
460551
290305
813729
898332
168195
901376
966918
359953
50479
466363
286010
455031
455537
619091
495407
953513
979933
666796
568414
577133
654924
992968
246951
607812
440358
66157
92285
100953
955422
682132
282450
35682
961128
429056
122818
836127
134939
251465
692327
718452
674099
889304
299344
317396
662154
175253
893204
258959
94894
54184
596402
793941
251197
186329
807045
860616
42794
988280
629957
376443
934400
310878
785254
625911
567318
978674
464311
626852
723934
67194
710812
768667
816283
428907
699424
852745
564436
421216
582729
383268
813550
468508
265034
845077
916640
798766
366571
260608
950848
646270
875423
323295
427479
228114
674400
939075
470440
242431
566411
755237
812269
70430
494993
438805
935664
651827
122113
857628
80859
591868
999141
858481
850754
301330
72959
311334
192994
747148
78990
626461
934994
987775
243221
835483
303474
994130
371504
481666
661398
951191
351411
491055
389722
849637
832625
557269
720399
875612
115598
34516
457350
958756
99497
612041
916566
424775
791609
128593
458812
911309
99347
594746
174624
440974
695294
885834
417823
585596
739464
275015
668958
476597
890966
474546
608012
53195
735837
717214
372082
514719
950077
191744
735798
943248
524535
405035
259979
508771
156787
469764
468871
83438
600314
652405
683933
501516
551954
179395
398584
87070
231495
449949
259243
813717
983081
813515
550658
18488
399070
368511
358394
152461
474862
663931
886942
366274
168048
959412
227332
720016
781943
662616
515620
178580
2863
607953
82125
503379
252091
982131
390825
806443
742729
368568
306460
911839
942670
85147
599143
883540
40443
901631
226294
595205
823643
424531
520891
891809
900650
863468
190273
198005
355042
582698
577888
771863
94372
870979
706986
351313
208408
386144
739877
690908
69958
758842
813306
149694
118110
22491
80979
438773
24586
152870
985236
766116
129847
431606
911871
538432
211245
525398
167788
83847
13264
40414
416679
629385
987262
349221
728516
277444
171662
901807
262106
220809
441440
759581
410138
943408
844131
580756
352720
707231
383724
661014
408510
352555
993237
289016
259994
703450
478835
814209
541559
398876
950066
806737
518314
998947
227844
539822
275274
513938
876042
765200
346934
507914
388192
387563
151761
612077
195937
266675
41804
408605
286813
316194
770925
626264
695987
871406
638403
192953
812711
524102
516372
299711
894002
355284
123619
288208
397988
630495
819687
554153
483943
140554
290585
995275
286623
456669
407220
486527
575475
357432
299745
934203
122617
60167
522849
888340
455907
642056
237686
774363
337388
327304
334635
621461
947167
720292
937880
641727
249653
831339
280764
975934
794795
517140
474
856006
971511
45352
819274
339492
6881
580636
965650
77319
811640
211978
163909
524836
294898
657228
434467
267720
738308
959652
969249
601903
791807
262665
656152
418072
118008
217428
517263
378203
494509
114041
255545
149321
382976
500538
343022
212914
221023
477424
483965
325339
657979
384240
109562
425608
620982
577961
99915
793159
979039
7289
313167
171104
755579
424172
234140
692815
95960
552314
43276
980726
846151
46612
833386
727445
579359
148664
635745
877747
509213
356690
134981
560314
197990
985039
697859
452304
88975
795038
811231
722682
329076
656708
617812
264419
925449
391905
513592
499619
757033
721528
71688
806632
853939
527157
306412
480879
254054
970568
107503
342400
340574
953857
865587
596881
734720
530332
315353
234553
110782
434164
666118
713790
18464
302671
653779
722293
541280
265153
37200
128443
863571
642260
412661
192704
499998
922170
843560
901507
189964
356917
565083
117954
254299
984397
319116
714337
214166
485558
192616
362898
484199
142337
384856
101678
425167
41484
970372
947862
760264
783743
503321
926060
343602
770002
249982
834556
935759
238544
620027
984207
369210
720262
409141
237515
806804
431541
231879
297995
59791
735812
482848
152149
616964
710241
576400
51092
653686
824834
629277
147693
879379
976793
425993
529106
31501
983648
541465
27621
165379
653575
386197
777768
488048
1403
824634
836704
165065
829686
583003
22201
72097
606410
907477
896377
450724
286664
766513
536017
6845
187301
386245
65677
401489
933156
541387
677046
811906
532658
499154
459458
216534
552275
833023
777974
355737
818401
789364
465015
739819
662030
986939
483961
187203
667764
516405
701438
206264
517329
474844
889050
306710
895900
807271
719697
760097
246897
298155
299864
820866
417274
689602
678343
139075
960115
565962
773842
746626
230072
377085
462951
393808
931186
857638
950571
118648
355938
353641
496314
171271
853372
716267
274778
292748
747734
818651
49278
615698
699624
893395
614796
40210
650470
835003
97392
197010
972457
424619
952606
193967
768440
493331
712507
559599
84546
83256
999315
809802
54971
120453
861288
341100
453679
306108
692595
620477
396516
778756
972252
965252
518580
935107
409961
32239
993813
542624
167260
620026
115614
47729
484105
890292
299274
392333
665940
562492
895169
953314
118490
24180
221410
188468
136087
470057
936098
143883
234676
161124
949627
635249
764040
913237
643113
8509
760149
336097
324030
422019
442115
530425
644359
869771
275819
450993
414125
287002
670601
545589
314074
514277
938538
507868
613795
383431
421088
600321
442724
61189
30858
656726
608007
188992
162914
839171
110316
332960
106274
44013
495457
345186
703803
698601
383910
916721
398004
703408
441393
935354
491841
101251
393693
101133
117448
831520
572169
380858
528803
548489
758679
417445
301569
641826
323250
779286
273148
231934
117062
891551
953417
668326
325922
688002
480105
873741
187246
589657
878834
742509
300124
530435
777247
917420
812268
693776
474391
617696
907659
961223
775323
129792
659363
275204
463409
191863
542487
488280
560879
455935
213339
317707
81536
756697
210997
199491
564005
251631
91133
245937
722800
463198
371853
985163
395866
205350
814957
124816
732545
540241
852253
881572
368986
76801
953415
512810
65944
396050
891710
359044
248250
679619
461700
875222
981507
744774
587293
458357
973906
164486
184379
819604
392205
404722
552910
777556
836192
952269
489491
364537
76681
445858
566595
814751
430147
734655
380226
105300
44629
548370
208568
637503
828099
270831
239496
657376
602031
499218
203587
344062
748112
883044
533093
538511
781807
74315
642104
52053
586510
799595
276181
564060
75766
489406
509443
658767
935166
885878
420928
723609
175562
345232
137049
986457
149720
618596
246375
124498
34788
574321
331580
307751
65297
844278
363490
546394
506000
376561
142603
847458
779533
304927
68382
568173
539816
182304
559655
378052
910304
290433
593941
767403
709793
897219
321876
342093
894871
546773
502299
779765
118923
758227
497844
88051
573505
355434
955880
575567
436955
100391
469263
392664
275075
490855
137386
361113
449498
309007
55074
700960
159581
187367
344272
769499
718081
896347
604481
73513
119400
81254
678663
96468
513040
699599
785397
63466
49473
744847
462274
888090
17770
469703
740493
883486
887251
851036
147814
441686
193903
598322
118171
238797
707889
656711
81995
650144
84259
566200
853539
556826
475496
507726
787307
988794
958851
700453
2223
473307
27032
924383
569708
89092
860635
300513
806562
591428
653740
71076
205622
776027
229648
531775
563015
180750
603710
519362
689666
900345
94092
582731
509788
405979
118463
931140
665864
379377
863923
366774
659011
754114
302345
606447
88126
824994
465101
903811
741009
525922
881711
943361
261698
581548
466331
833600
415542
150554
348125
259214
577715
347293
951821
624283
760987
978497
418937
899316
122953
311452
533106
264275
511299
125457
848757
867665
615533
795347
673907
515705
619202
770492
720472
251483
730761
144132
441054
990377
93926
860442
472152
5703
864258
863616
107580
820154
878110
199531
207555
444317
594990
498539
285705
764434
823669
671786
825724
35791
866092
856877
381812
899604
302209
700615
189372
213148
711462
395075
966163
799958
91882
735192
934402
433287
855267
492924
622485
218122
867867
383672
13212
103363
29619
261800
540993
672127
808989
291435
575165
875310
499025
346673
74585
646888
41300
287449
83584
424199
988862
600093
373555
89093
799233
468243
466003
490256
968548
160050
261858
621778
93786
918359
922569
254037
542301
132517
245811
790030
523947
943600
199712
110698
36023
442656
363736
330737
533579
920203
328416
536795
257880
656141
785115
898577
639479
874387
626194
786510
823639
494096
631629
95070
289144
149043
772736
277990
298579
411676
553781
84138
867026
759698
69746
995745
846739
423793
209022
123180
305691
336498
453920
470823
646286
945502
263656
888569
23717
568989
392896
52211
178912
827185
154946
860710
319829
868523
422240
423791
22343
851211
391510
101839
132775
876975
201612
872390
816705
350289
46550
853002
121002
817208
255704
905809
849490
880989
131964
833305
964129
621339
978580
574831
240248
834949
239467
446128
826409
488691
967350
498566
739348
101797
966765
503324
550862
284903
759045
925008
176727
864063
360668
409065
581339
306726
262050
587232
352777
94173
541819
739483
793256
924236
705431
527803
201248
608608
620962
134412
158568
474413
836486
16495
623263
914032
213192
661484
339054
685049
883082
836297
581378
3879
537804
658602
323255
875360
190419
607569
834598
688203
255822
698349
160177
84276
736333
690498
141060
332966
658122
813299
28517
398794
178975
935775
715665
210841
855035
99169
121601
640131
694420
849377
155433
145191
134332
547469
230996
656109
606979
465856
274169
521841
712096
644613
860389
815518
130162
60701
664624
790783
935882
701580
371993
382139
129042
212568
573742
951423
940581
740588
471317
476472
939345
486489
626849
925092
477679
584616
731466
645798
655420
98260
852020
930292
235545
387825
279057
816386
456768
621357
292756
711041
130736
837648
820694
924131
758192
150857
767943
231757
699557
143534
622839
873842
565169
589223
916590
349611
720577
472518
149019
614893
100687
453703
545618
374730
711859
391450
874272
19036
825854
975097
754717
132500
25379
399683
303000
279154
904451
277220
630035
263383
823707
182170
480769
357846
663260
12458
211983
52916
922540
201041
456626
289290
802452
408926
217839
56327
269975
453547
822582
582105
255166
54798
893029
663198
428521
889087
428778
552629
33778
111310
489961
773863
138682
372395
396214
993294
483534
892292
343466
752609
873250
410426
658137
978785
873677
829148
20063
841546
302295
16469
956481
697441
877095
503501
702078
794351
76076
526071
786345
364693
252206
151551
593694
561311
926269
607037
970665
197719
507580
725243
989553
12503
322400
893609
958990
195645
855506
375036
834818
400121
304443
877831
577117
577812
586752
143841
559261
464461
688630
134623
406564
166768
591402
712360
135969
249031
911743
33980
242842
72111
676517
618020
701999
834344
644400
232303
710469
509027
875159
44116
176984
219473
285503
858399
544640
887929
278614
695067
582406
995254
612868
513089
289380
293037
146175
72243
964239
295012
838334
937589
519010
92548
551307
616373
419691
688758
329774
551483
269363
502684
583452
76975
840144
417161
557855
537683
681996
548997
54670
872594
265164
102671
238275
100967
401521
430481
574847
115070
114275
524774
601621
602267
775188
672926
104326
655949
481986
676073
389786
221438
544024
584624
23615
961440
387326
930155
68974
333611
851740
468763
307008
639546
274237
913557
39982
803991
777384
528327
207423
292078
1300
140879
639930
961838
31349
815343
643633
791316
184526
906264
811095
332168
988303
890999
464022
417411
459836
848715
911344
870007
904423
609721
870338
858841
380287
713138
671487
347704
481096
481802
427664
194100
750671
805955
155920
918595
657936
507284
960607
746774
337915
203510
465817
551618
234108
440654
457975
569187
498145
39130
256425
477949
812491
720279
661355
405063
169649
17259
725885
612086
153237
482773
550112
949127
987745
96781
69724
966116
800746
796769
994419
80205
666610
349296
417594
335377
303031
230324
682909
222758
792780
9667
275620
148639
186302
916413
337322
953135
923597
646660
283732
272560
305067
762665
157696
609921
425398
999743
692558
746581
658119
983725
111102
510706
998306
72043
762290
58373
40782
241317
933538
517557
47198
254858
190523
330133
87206
552969
756607
216658
59721
236017
131201
132166
47740
371604
921035
820051
661394
59207
124669
834507
330934
909267
7934
204838
804542
518681
813998
937641
245268
863509
810340
655279
798883
35695
202441
972292
587064
499182
723553
645725
49433
926282
726376
45813
729477
343910
714820
478103
777692
471103
402533
931947
209162
374269
869594
274043
456400
210096
600784
225047
627916
455574
282439
527842
723802
258284
259757
775943
19539
192055
133340
221808
921325
846001
531418
367443
694968
334478
341222
398179
222697
963066
677538
897416
475929
845356
93958
216083
359797
140098
8045
369256
578628
905806
246107
937633
393645
444197
592431
73884
5635
133433
318029
477647
878878
334450
829149
623685
194832
919874
972439
221264
622705
637005
729492
365858
814846
486923
79933
792839
680118
377375
118410
709530
916992
675935
671998
22075
680194
676885
762164
915886
549339
817982
854132
401073
394830
519810
148820
456971
255786
695568
608496
327789
824312
38200
855303
497258
509560
844971
345480
462507
547747
777496
49562
352486
60301
736351
775955
216832
353948
701416
693434
885807
578352
260254
766331
864577
415129
995874
495709
155940
529004
191159
37185
485498
651634
874299
793233
748138
153273
785816
559353
368293
762002
280135
516852
790982
87915
118025
726819
535947
409582
613658
391698
197854
202847
346849
946502
801018
786020
367080
555798
811224
451672
924907
771789
23220
916691
414564
87371
492755
91428
680725
693113
219304
949832
695218
228673
795539
533126
221881
281064
374975
981323
717413
847284
722947
729423
675246
431226
338100
585273
360729
466063
909818
976874
642602
807776
691578
757833
616456
428472
526895
771967
7219
203335
297382
764503
313554
287753
173049
881350
507340
556331
966302
764559
881477
773499
72185
601036
485214
432143
527441
335844
699922
630487
147220
731760
30698
471281
600679
325015
861635
307582
691387
977615
177384
2609
772026
400071
782000
784030
358286
476339
288145
588099
849449
716976
344357
99405
845296
263224
208554
30034
126880
853550
842272
503043
279056
693983
336760
645949
229044
148104
2830
141950
550000
547605
999683
694806
839116
23795
810886
439920
925331
599578
848934
37224
627825
565890
831357
308517
939799
578902
520333
770585
162419
408734
806803
874805
424833
756831
347497
304201
102064
121375
250127
542776
135836
283807
135330
430595
650216
848823
170544
237049
617985
121853
953846
831921
15524
846723
951373
771013
292207
451177
630314
665627
737696
768070
984924
555501
542931
87082
175761
780331
736549
77683
8297
411992
989385
82098
73581
496985
671420
889062
411023
393621
740176
463597
935400
488657
570782
857408
421879
565823
553105
461948
155818
145140
892577
807674
836870
970128
464211
305844
987088
827084
965429
92486
83247
127814
576641
936032
481033
965995
103003
301519
917818
556700
312868
8888
524360
919426
437142
311910
409629
97962
359719
237078
532097
710507
418321
447038
226681
429430
995455
189656
144311
131423
629797
197941
28583
167331
323312
503775
274182
659316
360789
487670
463924
766088
249183
654383
48355
989318
638376
554605
687008
746114
841295
356613
132203
343574
906361
475841
246247
482932
709528
245566
482330
495601
243198
645011
572237
615112
739514
660290
375296
435388
665917
666816
266496
828374
132146
438110
314904
412074
927058
621490
806040
265492
432262
921755
434725
207721
300767
383578
548983
726726
463434
341637
841703
152042
464436
317260
146618
30742
506991
997697
75879
789137
904249
719650
83113
112700
832676
575298
925534
95224
870872
137352
581299
548492
964021
134571
874791
906595
538552
237549
330575
56436
303891
206053
814150
17025
970158
173929
723960
195296
519328
468639
21423
807352
781276
899924
24302
388524
547903
934522
486677
608879
549469
155051
349256
679652
440010
492010
147120
571954
699604
202256
291393
598702
965605
497708
339677
89072
320141
85600
787364
86535
321125
401273
734224
563545
454533
412573
302768
122697
230930
177827
991261
821650
490324
917992
460090
257002
249796
653391
495220
795904
808235
816187
382327
536994
316153
328512
130022
123299
401629
643540
802144
777015
999723
935120
695158
665097
424362
905579
450616
801924
133456
551822
914704
41278
902057
21952
667716
718123
906329
239957
383541
597450
678199
470950
419732
29156
116640
478812
883120
32331
253058
733569
815106
545917
233925
688697
435270
147095
737649
927925
77436
732447
989848
204485
877110
117890
719940
115469
153941
802579
312491
74748
537864
938981
979503
51974
48968
170736
886527
759599
972146
591884
347773
326904
297448
879613
871323
940559
709075
730640
26427
133858
997602
531572
561129
130606
627630
912410
740823
274827
744150
954310
577909
157919
654665
987872
784692
165132
961380
505217
961427
364081
419987
65973
545236
675508
161755
548975
453232
436121
739973
901653
967910
223109
173650
273959
49669
173285
741468
272619
179207
395123
354303
191782
950984
853811
602255
125683
24553
41922
781633
971862
56252
815673
855139
992383
607871
748361
556213
115781
200401
788284
320683
829608
671415
794411
92682
885267
29713
687912
832624
417451
452809
548878
761063
506919
319343
896887
539317
946302
490282
487750
634662
739429
78085
540692
968145
754963
200520
156533
357640
447162
518999
525616
26305
534462
863530
25009
23510
694036
143646
163097
589920
135770
366092
70943
281257
486212
653139
230096
179438
32968
834605
190671
416561
992501
440057
605846
415825
987364
722275
328245
194810
23627
632888
96477
916404
317590
123652
718028
507250
106202
638597
851033
373654
667712
775877
355827
791919
417176
237783
648484
107916
627930
448221
213560
956078
514780
801844
832897
37357
474577
351661
174791
143807
38427
577470
743410
165966
172381
889780
853730
85672
74154
114901
648748
75833
98670
463339
206749
831849
239736
70824
112074
866369
678877
401845
220552
671409
580779
942312
930463
905877
223268
362206
128997
457070
190117
703788
513874
611616
314538
830210
412295
653090
320308
737979
998255
299051
105939
347300
25545
36035
581334
978154
341478
213600
271874
765942
239826
495985
883141
800947
305406
751165
179258
952060
306503
689554
941791
753792
605841
226560
289591
348882
644157
23889
653867
599629
851939
780832
838326
523584
707714
181933
533790
558720
802178
263841
704373
697509
590281
123089
403107
732949
513203
726258
51158
500803
524309
5867
710459
658089
596377
797417
620960
441831
908012
520809
598800
2409
191751
355241
209702
663568
798777
823494
526161
519757
589221
67369
114837
699757
303522
562866
443007
506979
910288
976048
515184
170832
333068
382152
836069
585579
160527
140314
323279
416723
719560
280885
531589
17476
265297
98570
540149
611094
724377
496426
174763
28880
14428
362880
205924
142044
126327
766490
88461
143631
412604
435187
707002
502692
17832
80640
955723
281860
825670
974971
831359
245144
795300
710072
593751
247265
529450
237192
965460
712407
108893
441556
137213
879848
462186
39467
932774
880460
917611
237500
254921
610172
122294
389053
507087
446706
12209
846346
681788
289623
697097
686592
779112
505771
382905
606903
484382
57641
464495
142248
795187
556963
184730
984970
246536
34372
470366
823631
199277
919406
54688
231766
57640
658508
205512
817344
840395
996397
489619
134960
28119
335318
968724
941495
789193
328662
480766
321758
640356
870727
315435
443762
570170
596583
31835
322021
132483
376369
214293
855591
646636
49511
414247
243571
798403
611184
547669
246109
650208
429746
46405
884799
889037
453568
19785
192940
714544
832859
69091
210726
703038
871226
429321
965063
626638
74493
420505
734691
772681
325231
667580
437034
787545
504128
728705
82807
725215
285279
603761
762946
19872
344849
957555
504479
999251
412517
881145
760935
71084
553318
478609
61333
696699
752521
680961
652852
708777
127370
780415
102551
313890
321934
819556
677544
279455
359138
761564
355037
744603
211632
352521
744950
154228
936982
568
435525
429013
584847
669043
814381
154018
275974
934393
610101
592904
246320
558446
849558
734469
625
824295
564246
41679
443808
538952
511683
644666
621262
31458
169404
47139
859570
786558
296443
809710
423124
65901
87114
52312
718355
190774
176036
371354
386150
546103
389449
625152
426497
631109
629262
556069
793385
274478
50270
571743
77056
961303
458697
840162
215884
401168
464688
404464
431952
479642
96195
629748
487717
922031
19712
465302
6846
731264
975244
718105
929276
653348
724796
629346
383001
345106
246538
459802
487196
805565
387352
100949
870392
202352
781957
683247
843062
857202
601073
364722
178323
375769
905364
208345
512235
832632
698046
634313
279382
107302
760241
73942
706086
494717
406269
743288
420537
136782
331601
285759
875368
96672
314588
19915
313005
572179
73696
645258
789120
338250
615675
833411
983160
239842
893672
498898
103691
620412
705538
792418
962880
965946
132923
761137
619519
763736
884856
152049
845170
110938
995834
705061
858946
694803
663899
120220
21620
125791
983335
643425
576749
96446
830205
932328
819153
213416
469036
637168
834683
749608
373275
517136
784958
414422
722617
646122
965989
794837
582831
966588
81471
449684
206152
100934
576649
326326
409452
648196
213447
970533
977928
182546
377514
408690
15131
488828
655107
990679
187154
819982
664309
168861
798065
928677
12956
991907
594684
345910
417094
608641
120022
89114
984480
382342
781029
615551
26605
905289
401690
977653
650099
406807
290995
265661
134730
901836
496768
957689
125917
935307
732643
527365
658685
708910
30910
89259
52025
375307
497871
235234
697853
355469
873647
141100
726775
424684
654426
98079
143157
147864
447449
787109
91536
316541
173544
580524
932791
687051
541006
363158
192639
550257
636015
653407
688792
732144
351288
31135
226014
697081
12446
882534
484920
98149
960556
951425
188039
442035
226572
205778
276479
6292
624236
461715
893412
758529
234575
404897
292828
996794
297143
210347
535088
53986
885538
453819
417480
345832
536457
301888
777776
285405
802491
616600
459868
136298
37989
133401
397118
115476
119316
305352
950238
582954
168159
769186
836169
746801
77727
645953
184520
312853
908605
87746
873645
220969
470898
281100
836668
63000
787510
244699
416390
381772
318683
932982
344799
402351
894230
878150
759192
6885
157667
830118
836211
493103
906112
827178
359608
443942
433053
378592
586565
801971
292131
98875
628745
969781
481608
801922
452837
191263
428317
953309
573809
773259
466632
533689
545890
362147
290958
834936
56017
734718
854019
637420
28941
537049
898468
279096
732423
655016
785151
932376
139570
391638
927516
875240
82637
732214
867940
515426
989391
446442
579164
882230
661197
953362
817218
609814
128807
253707
397563
921348
450918
963623
996259
56204
995704
121517
374199
580506
573169
849675
124673
178307
944277
309327
574453
808181
55109
99259
676990
882644
846795
670369
506723
432670
990005
783338
791624
272469
190537
278199
133107
417547
425915
502383
321389
899282
889353
25933
439678
143968
709515
441173
67460
394420
56205
141380
67264
241607
905415
381788
115276
269537
310334
951369
870667
933672
318744
365370
467688
86404
684402
704228
953653
111017
332162
697851
979614
128365
177895
487419
280469
466592
350048
319152
374453
840229
499175
873422
760223
316975
573148
95242
904890
751098
757103
302686
761706
881983
747779
311339
777843
647687
691215
366014
993681
586123
939002
316207
464911
321299
505045
692286
872757
271206
391418
797017
294689
770020
574297
166389
674725
919102
96675
400389
902486
632158
113390
705042
389319
875226
992226
391421
812865
459871
676987
369833
708364
227610
386342
72876
98213
310742
441846
591073
526890
298811
69660
94145
962847
180864
347429
299429
700839
672139
478299
2379
80245
226884
342072
73014
901588
29951
239814
122260
664612
276064
902531
781559
999653
701172
576781
456431
85253
415494
747935
299101
35995
815322
417949
469162
121631
927220
288130
684564
738795
617041
12013
568362
274892
836166
314132
754847
490362
950920
374478
720590
373120
716804
146042
732306
91607
677606
599881
725967
833807
132915
886399
742703
420661
924195
200170
379724
749939
441060
966380
717901
31927
587680
134206
418174
994829
740773
588950
727593
588082
331561
223685
407440
134541
805977
45106
749795
715521
920882
596784
955426
78740
22652
660374
514619
644630
228220
955762
441472
652390
497915
42938
458764
749401
841657
709150
378376
575913
731513
617451
888712
138410
452162
201095
471144
77704
263757
515565
617004
281911
665437
663703
826633
178706
729852
780610
344000
444199
709287
819932
723219
944181
50217
340979
475388
851905
194971
856452
676115
770805
880391
972831
899586
841470
12549
184434
73615
519485
938708
416962
308115
505727
261913
897146
728455
865807
31773
930469
247367
148990
491345
158601
652849
53202
986930
921769
689233
496636
456
116448
835386
695519
798572
217720
380340
742961
983572
545670
667431
639572
110133
443293
954137
360675
640278
720347
790601
490288
108949
290221
848536
165293
983216
293495
245778
532739
108855
78172
885882
521030
529021
206735
718676
494575
867054
781561
375023
247631
862778
332667
492760
408480
94409
40600
542498
774754
52837
958824
964798
473601
267031
807141
933646
789989
347778
544901
188932
913676
904634
830521
609841
312752
442169
430306
44559
10842
501704
97416
779922
5766
791812
50888
931780
761901
793948
820853
672637
19160
379061
666383
369920
432879
884126
188398
518554
969013
688001
438895
93965
828648
922990
848973
521748
293903
815762
88097
658808
223885
789788
200590
88710
74122
237836
575539
203853
607451
674564
824827
129281
958140
117012
462903
495948
504316
603796
622168
48618
585459
386470
400941
399542
21194
185230
893994
316736
872226
66950
821773
561780
457089
342725
309497
128404
348416
330741
939955
250075
897193
379313
300163
603707
234815
154270
144008
40025
373730
857642
864465
492542
323189
462739
576973
289851
628694
950987
160418
167670
174727
1534
706232
198785
551912
656531
199516
182672
792760
285356
773561
724360
757587
253088
96264
643765
658943
237545
825974
69572
422933
745217
653047
64755
211425
780502
184124
370547
307065
252958
157417
183624
685779
134635
970648
316290
542151
958972
404089
531485
720380
563354
633520
58187
175947
726493
863533
452321
205401
768339
84129
960575
864136
584315
751363
116106
70717
572213
805803
131647
195965
56936
955451
5486
693230
148975
513497
799488
900798
984340
30872
79655
387983
606706
876760
217930
580404
248411
444975
618272
725449
414039
734566
495453
839305
804911
213278
966216
348006
553954
392286
48923
318151
500298
143446
584661
634477
775143
12583
460068
82587
796765
550212
183489
242889
703895
474928
258067
578689
200104
438581
823571
386851
752928
739386
330109
148130
331093
638395
456004
983530
840583
216056
274788
450766
567523
531961
625027
399225
436532
181956
175243
91915
969685
49218
413574
499948
173235
900691
735930
221989
190544
370865
198429
764873
315114
359624
186703
609362
204189
239956
52064
314789
291954
368821
277971
690875
651863
101522
272116
906526
293316
975851
366464
745144
15326
332862
600490
177568
62033
641613
744799
330256
572901
822229
641239
156782
102232
700169
192415
779238
765890
834813
49390
762394
557920
95438
344035
54878
201442
297191
677067
816747
862259
266094
322168
674683
372158
974984
184399
521474
246174
177056
558635
43318
402477
286690
866779
795982
771683
688121
437760
239028
154422
384161
847949
1899
756528
581313
58225
569391
602495
153991
110557
805302
785086
678115
80344
297051
904657
34920
329987
58230
565158
180848
34729
112447
674966
910597
425565
553110
301576
182485
223366
109326
509903
482731
180908
207824
133508
520214
875830
426510
61060
326693
424577
443443
633929
540262
668351
830596
368947
985554
730863
53389
337154
390897
524283
313530
968819
804870
888029
526958
66617
425254
352786
533144
300857
325174
865943
872388
56768
20690
662062
899132
713843
268010
733141
986706
276895
427771
264243
961166
391756
458922
41893
54319
689364
965244
651455
438377
777646
3303
807623
234135
170176
316554
985961
797243
977886
862104
907080
717653
121095
605230
552810
676076
133120
159697
649134
308368
243138
939761
420025
786939
890557
223694
512089
785443
424358
692208
448281
82165
429437
588635
126771
825037
983154
566391
151247
331507
89559
415317
545264
881078
926957
502193
37894
492995
724829
125148
647841
973374
606803
2916
357773
181992
505505
888747
26295
549984
91116
16706
381059
318921
304578
138797
105753
347529
695480
795672
340467
229513
805586
486668
347444
2075
777964
251274
797671
36044
608859
432647
573155
48893
978305
588626
121548
757154
798866
481267
568746
203863
360297
486877
194114
159692
471020
579737
426738
603103
708317
417959
340869
671902
917296
394149
788376
77641
644975
111798
857750
271950
643017
611288
871368
721846
748404
548681
598806
766990
273444
827414
621253
805092
762285
234506
702171
168206
327547
116603
332652
158162
268350
537649
500798
308337
85430
264324
706309
36233
226148
182701
294987
873564
930881
964998
154740
577895
196995
651110
973003
466639
83449
141724
895930
751376
826387
857251
283815
588772
356144
764387
240254
89322
917225
619595
831762
170536
317102
620968
411562
157054
268857
336401
52569
19164
582872
248501
213803
695631
521358
650723
81823
879475
579444
954844
102384
891357
285680
34269
612631
374042
796066
980802
776684
708447
77481
408871
840995
123314
885669
854036
218711
249117
757956
453357
927854
140607
186101
836851
964233
24403
240936
592879
17852
960948
401792
65426
13408
309244
841033
732782
667809
441743
389432
835196
744681
437500
304219
548041
239259
454966
683669
883073
579399
386335
915598
574378
9374
335289
955239
267455
482082
888799
122661
626191
78703
885295
592274
54860
228960
287303
213294
677497
807963
17465
254809
930097
737218
795595
897386
413296
354124
899907
30138
542044
878491
781272
395347
22361
683364
118642
426063
277511
592149
535877
157175
871806
869166
966722
745751
647399
376848
182660
992936
46827
811580
999695
69244
896132
186476
354577
571620
576007
82002
249424
23603
42137
669806
701530
107897
865452
640070
853869
69260
882936
453337
976007
800031
735125
187889
934304
919077
342037
202167
711280
298096
689178
557764
703184
983161
225506
163452
119391
567769
3523
534301
851338
457832
926664
322822
839398
367497
752170
89525
542629
254791
355451
625048
926667
97826
363741
671841
432708
663539
948590
582666
958039
68539
340555
265784
842438
43213
673605
149676
220228
479251
408981
262256
155870
262412
765817
334984
751614
427753
189731
756922
714933
899359
389917
444891
763096
788240
780323
740604
776503
845756
650105
632028
431525
878580
995380
284162
578847
263792
757075
613931
245727
151011
648934
451848
189124
65607
546815
617268
599697
548299
437193
851166
4600
771473
479019
941529
504623
75618
499417
607844
66676
740996
420643
951341
280241
762426
317427
905553
676357
986566
939826
847147
730653
360907
467216
246364
155632
76144
505196
134801
920623
888054
173409
61362
276068
890646
238336
49286
550676
786521
348019
801673
967298
106838
192923
918610
648039
364493
405589
264454
664184
654083
836711
664800
187566
820383
923819
851168
721467
369233
167246
861250
346859
167651
726654
143386
693626
521648
490765
633203
310905
742613
430123
272713
614279
419276
677526
421923
370024
31584
943842
311877
140090
459487
378274
621903
915248
604827
15650
837289
979402
607045
490744
971064
217199
800552
86444
309654
365959
720605
572329
450104
563292
110496
646067
705336
920431
221222
4852
876678
386563
329241
83939
838038
131753
306629
291526
618981
54896
12226
706867
654234
14557
568431
369663
374848
260451
547081
805001
678587
115918
417353
297545
939601
911187
593947
774300
973756
551557
992324
742416
55444
917879
222
17604
239132
502886
248416
692733
726886
33718
450223
246042
607083
128725
345542
4868
785529
669520
177653
508615
731418
937376
442521
33504
153296
584989
525514
747590
15745
725693
465283
972486
146621
64808
163485
530111
250011
19612
979938
886079
65146
741796
387759
434634
946980
681170
870143
244726
318529
701219
75776
333168
699532
494480
355495
802644
510291
473457
561882
994044
849040
584143
796065
471734
201287
267866
225208
168143
946481
254727
582832
523518
267459
793217
518161
664531
169699
766522
504357
109584
617837
935848
61152
403205
234851
962742
487571
532927
856029
595520
194637
571522
217972
65764
838367
894895
720294
938518
873229
98122
140217
654040
407025
917603
20388
411802
169860
480680
966190
527657
344665
743268
602679
108870
625067
178547
722084
550969
994491
501282
984512
724341
485999
898953
706246
253790
746363
149639
393690
304560
548883
875707
197165
482019
96855
719166
595389
274677
414804
672163
602587
470170
980268
646050
714501
510008
145119
989576
263468
881834
339410
663272
968638
395197
506277
304304
918999
595334
878046
972896
75875
389541
664114
692973
483882
578113
906492
651874
59760
30000
880694
780557
590713
465334
419723
388221
901680
37543
518501
850263
99268
354438
485104
590500
859433
201142
126501
990220
994098
590387
512882
365754
425122
737323
585772
597398
318917
681683
267574
204206
246854
176180
765174
859120
289818
864330
394241
684507
634211
738888
406990
844664
913734
78368
147928
833830
391834
635958
638603
44758
61644
901213
942290
121425
919960
271994
640218
91100
702438
790136
396069
627908
206301
275635
400356
169750
166056
484836
687372
493396
351093
529173
549251
502540
488612
58589
228820
891708
983025
450617
791118
293998
16550
318726
75665
851214
592063
557696
347740
782036
796936
655231
646661
514519
65366
316010
286300
419550
251506
272730
785198
987449
986799
133066
529726
854517
292301
974905
967447
96167
253757
445966
851011
662045
681452
840971
80857
479902
148011
282770
60571
939579
526262
322592
675467
156305
564886
133637
18298
246447
694861
5155
9136
375260
986834
505101
501332
813425
805697
271735
29746
651036
132266
791972
203130
544615
873483
954652
841423
589453
727503
293573
303610
15572
368790
900688
148194
640023
781868
975577
702685
746690
691883
386162
784745
634164
323812
584095
779837
499737
519300
238558
335983
195226
695692
476010
938208
341148
847214
702475
805307
253614
229847
69804
33885
738205
698711
569876
865252
983124
697087
615674
883333
654601
614190
563716
598051
574735
620909
518260
736020
276583
941576
435764
392014
143364
42010
574421
220356
128894
833560
301702
474519
505630
401853
603799
650656
533565
486597
360510
337720
570648
650688
630920
340188
79822
116298
633935
967468
979952
84477
36476
693469
94995
7725
230023
551922
120370
407376
241808
648451
363908
415244
820353
111183
706877
745212
802852
872220
95680
290519
99216
135465
271792
549869
560998
232574
926890
860452
146548
432223
279380
177174
80260
778465
882045
768997
468586
702038
443262
276982
557498
711096
626408
415673
978591
635360
482824
377236
334494
859537
598786
277440
635714
270888
885509
909992
410461
608349
777659
853651
420665
519292
470887
251608
627641
505387
951516
398157
226738
70798
659843
763219
926471
414948
558163
22934
74574
866879
282295
711855
811826
106472
316756
508388
866762
298222
75986
248232
904480
942607
182426
926432
459707
14097
74088
373945
1305
168557
37073
568590
139265
635540
26351
746871
362391
329688
884035
855948
919778
911101
512528
715896
944760
2969
801146
868492
546965
698949
270073
378381
492998
105907
960428
751957
365750
168458
618386
969920
503392
280765
798384
905131
345199
33616
27486
443596
585987
94820
103238
893961
940487
615265
354730
523656
839086
183432
2009
201096
788287
179807
842288
217613
505394
828868
144516
206624
572676
140212
541300
809504
79273
4233
662488
440498
129057
829250
370088
155750
873512
505747
471739
75451
984898
228008
336133
336450
9405
995653
849124
78683
238251
869909
520205
312414
71320
826030
614439
846163
314795
877535
674131
141436
862138
385096
308427
439846
710009
269655
710176
930982
437785
709710
726475
373183
910130
334187
500642
480627
296338
902762
895991
892453
684579
203963
502366
732915
632451
203462
214938
178065
927356
939602
274319
152594
204764
332648
254780
894833
556528
931407
127265
416172
131878
998089
735036
187661
156433
393276
61789
802132
11158
88371
251099
286011
217437
34701
828034
537356
455342
936838
475730
63109
491581
81023
671078
160426
739202
899273
756165
56144
875599
748574
709388
413213
336612
910308
802115
628838
620279
539730
606271
355314
283780
70872
820580
189472
78427
945879
670560
940375
236448
898647
443251
237898
115863
508165
542273
243826
607469
439237
385681
924205
776703
759401
888144
175673
365877
33234
486844
724662
762450
425724
630444
918363
223108
555230
449282
377999
134632
556037
744437
626133
32423
350083
858934
433651
559876
524132
269465
532480
957932
435802
870458
575396
58847
368899
398501
108369
820002
702304
819548
308254
883656
616423
907529
4315
828197
452717
878156
517362
222345
889965
61075
13006
106558
759955
957853
750353
869177
134938
557913
751789
641906
559336
790251
337258
757882
85501
338638
636418
407603
882023
969824
231228
661889
373033
895761
71656
996286
631546
173531
211873
655615
841840
187597
835340
367225
209833
388735
423194
332279
696623
267954
108792
747737
593575
323328
845437
270511
857369
514751
437320
69914
324991
347131
926052
226536
557487
782007
102084
562459
390402
760066
613030
538693
248365
44358
792703
595378
206022
459050
471059
193716
279296
625769
456505
791779
595980
134134
331978
292440
735573
921652
342913
62507
181289
168117
10663
152160
219034
551149
8620
657543
131347
813350
366962
420890
331392
759822
215949
395189
885198
407451
697599
835211
900836
64356
354223
230830
737895
825186
242400
450714
914772
653514
334016
580529
433795
931670
166678
306021
131503
240206
173382
226355
745794
320829
673959
108533
186607
284389
827177
332219
197184
179774
605911
803653
752535
741854
630656
340144
101154
292632
859983
624487
845453
269054
882298
3457
796652
632367
550126
355473
595801
821418
279320
376939
197766
989014
927804
716481
65393
504797
844798
156636
30714
228851
918118
32483
7428
382561
439339
606104
266103
536663
164863
923364
276985
260389
461588
931275
175508
139200
154566
385995
429964
701887
113341
200215
296311
275845
683302
86911
523108
353701
749408
518666
892151
75507
662190
992675
969111
67960
330127
808884
93933
407011
425113
862906
717539
507306
859122
136832
824565
185142
102289
69916
68017
303812
660215
225426
700583
994672
739737
574712
348956
234689
582252
44511
726237
583614
566946
470255
558334
382060
648795
492922
262421
126705
329630
489805
95312
500037
629891
69732
769451
526358
130322
188361
865194
461009
405880
511957
384058
902070
47049
558847
447421
238824
837768
411597
547149
484865
682562
9333
491785
657445
829645
1830
500052
784729
733621
338358
83988
693061
671402
571782
638788
747840
701489
776930
820859
154524
117837
551631
255750
319672
563566
990488
84940
315384
254765
658530
833194
160534
686437
593340
302840
670584
944426
639175
363282
827431
30552
488498
298774
225473
814925
197248
870697
313793
201022
814654
278074
627281
502358
612918
277992
984033
68369
232617
170392
766267
470711
347583
194781
805020
450553
811351
581140
43723
385128
548586
615011
892103
369309
441827
273461
144845
996122
852954
464687
426366
712403
249022
481012
939614
793485
279411
957349
237416
143010
308738
592015
854804
928157
227709
338808
513374
475507
407574
155151
50606
418094
680327
409357
346195
111557
515330
391476
82375
344104
538396
455637
69437
449515
229835
249739
34078
674485
251821
797018
981246
980917
374325
905735
829874
43673
182300
60030
681197
189391
576708
532528
623729
488796
207106
314235
484704
408623
411833
562682
959425
250342
412923
448025
786092
480911
913291
602260
577809
669975
995002
928126
897300
983582
516551
534020
733974
676838
829644
392577
670091
848801
99596
136402
808500
822967
648675
7572
375305
266246
85906
998293
890702
212451
722145
515110
579137
892357
311455
148046
883702
826762
455323
157530
156167
43714
706807
904015
166355
910743
119830
158192
721659
166290
388987
839330
285314
930472
172828
530571
17529
475329
316429
8334
791831
734642
912221
865476
131804
125715
62210
813679
114140
169855
365100
107655
905165
924658
235290
152075
116372
760451
575029
497701
274861
217058
30958
93126
411890
249964
24086
340477
102711
729109
790627
363215
284705
457288
715706
680173
176711
249722
47733
424345
693794
375003
746132
983960
101579
800563
635747
206239
279207
830578
508321
723370
848040
561561
644243
950015
541395
596844
507331
796136
725257
848735
568565
502268
82658
434375
539481
262402
774894
196150
241254
854677
933249
326436
256346
303200
629456
640883
342831
855982
267075
826258
566500
736953
509695
383624
7603
793692
117286
419736
510219
868865
152519
202689
897005
220989
664548
233437
356554
116361
769789
596443
341209
995321
507946
563318
685981
664176
878604
233483
246377
207927
866031
717985
20578
545847
71704
781597
989786
995928
136607
65428
326055
615151
949421
243299
885887
368164
118714
50941
297105
459216
895602
574009
313908
896748
939536
201133
848329
973230
149063
696826
271721
514508
610929
183711
468458
213280
928945
912328
62936
406780
458233
14096
728108
559121
107054
337633
783207
894585
502972
737711
930570
419462
950121
161816
994671
227952
629923
633836
981184
943958
299782
300979
139257
979672
757472
610193
195268
787095
789636
537248
669791
742194
266421
316804
139206
160198
554847
697863
483291
491909
122015
793714
41132
498181
153961
797880
964870
850978
184266
191862
581506
186441
404641
519517
405637
315415
68448
558372
542249
630756
355280
288585
844975
486217
201504
146439
616926
57575
639471
307273
687056
38714
7051
532850
863586
699396
290499
93639
983087
342779
897961
470175
968824
649212
734879
800380
793243
700395
968264
306714
956540
671005
129548
564322
34965
697738
81260
416207
659641
682485
187523
5907
771264
625106
491199
669563
861067
194131
846157
204121
354985
218137
119974
295295
999647
882760
755611
397404
904526
623523
184654
127984
153479
622436
825042
533195
482269
869787
113535
432630
871906
552842
515695
186630
362033
621330
672550
708271
565766
920566
865907
409769
291747
533124
551697
692188
221633
810918
959808
448810
768232
456586
612046
531938
126070
217417
243867
17123
881305
55430
90235
586535
30597
490205
980827
291749
575014
828889
268552
578206
128831
515137
262840
40920
679827
774738
304179
828411
779443
727627
870486
764751
524122
569285
792230
252844
633374
642411
442528
568028
210005
28328
562701
918493
669438
235176
896894
749477
705342
641868
521778
484459
135756
425713
765732
252284
918766
679676
741738
545783
809415
440925
282262
785506
752267
494980
664296
279217
823510
723453
384172
407081
162015
793053
498229
984258
767431
554330
756190
280607
710777
504416
789852
439667
942517
620125
493527
383225
633326
296803
171190
276132
956215
792545
903433
645867
336217
118455
928685
306036
816994
350104
958481
943464
523818
726834
843052
892856
593351
748488
714406
995632
42400
119899
348243
185050
903264
205898
133876
669351
362356
136390
363349
280066
414936
614157
631049
191643
349148
912286
275123
787829
147021
217475
477666
455353
577754
755198
242742
903214
795077
670834
693413
298459
501673
394174
683091
37528
157922
375426
212867
838724
329829
252879
50305
172713
815416
585289
307971
174601
614808
821342
152855
230157
510105
399933
146186
450247
416943
460465
561704
247030
714013
180138
89067
665084
348089
881972
292868
6985
83127
474968
802368
236695
329606
761545
485049
386529
170365
678048
582652
640618
243669
813474
562673
820088
249004
906910
946864
279457
608429
669735
645684
770548
772665
944967
291519
854749
283083
869282
652484
935121
455926
763396
588529
490593
378625
331138
968538
669020
302832
911762
221566
907735
497963
687742
778105
870385
244116
771446
190657
435968
724468
272984
105303
798085
609231
237191
514138
619228
716346
119281
703574
426468
849020
331908
22750
92537
502242
340090
228941
405643
273497
899059
551637
706077
217061
526991
993478
10035
362104
756755
88958
27851
597007
936278
945177
676284
675342
418762
552767
568660
758722
992193
767693
868326
536797
414135
868125
461319
808416
945537
910451
503012
687365
108238
134802
74890
831073
175798
852243
254220
402683
867686
844817
758239
832430
836929
115500
168538
707562
757664
575105
63187
103255
597402
156130
184348
960431
925789
520392
60839
347873
614223
216444
53914
905703
507150
28981
764245
344990
421874
634703
32023
477352
188027
958723
940250
856184
945700
696005
470372
928777
865648
698116
486097
488514
717833
121389
63312
181938
755101
370199
284003
83579
321260
10792
300730
767328
883451
9305
965574
629937
740462
761005
698597
591205
411552
526216
193601
94433
952213
447429
906708
675568
85411
711266
25109
596120
820022
861159
573737
965519
479257
460977
436148
343814
235212
127612
73492
266054
246055
409660
401789
503500
539965
216484
491156
330687
967554
105782
545827
620738
706093
753808
144055
817064
531712
557638
482842
586391
174090
595262
721973
205584
901299
514298
287435
934578
361305
527169
673730
524841
94572
21216
930541
220175
662112
583895
155217
657463
554183
944420
263345
802378
341884
752900
170397
846813
555350
879919
928965
742312
925631
277790
769960
147658
23525
212017
799120
813745
920150
927921
292091
637892
255826
766828
52133
246572
22587
99200
221260
409433
964856
174817
827575
320492
795034
553826
449587
191943
323511
532964
61430
506496
788650
812810
197389
880284
49949
852704
175728
457104
404996
275339
419945
7718
831845
220203
205678
507455
963247
561327
180822
519046
294876
569897
954602
685599
767052
806179
116441
353447
782059
137840
18103
771638
790121
502281
975324
438601
526817
44340
541457
420048
666072
59239
68924
103146
44794
134462
204480
428225
79919
721771
407893
802330
98695
377587
821975
217519
838672
513179
40004
339637
235796
363652
918057
982780
629706
963402
846857
944086
791632
374773
914708
405222
373068
389032
418806
43074
985946
892994
30350
12726
905726
901240
203313
397277
488898
467463
587358
531440
396392
497078
739886
685907
416876
18876
276829
902889
391060
90090
137272
72101
145205
911392
21656
356208
156228
41960
764984
61256
801461
435379
354728
485312
326886
449745
35769
916238
246337
386325
438967
593176
517886
57978
959379
565933
548472
317679
875534
698669
478471
887244
737581
285817
615383
529191
367788
451477
547421
324054
448882
187977
594594
627240
652698
962362
249283
209154
951820
498687
34973
384156
498635
465850
478224
631859
714874
643917
359354
817764
91749
191588
594830
225143
708043
235567
36770
280349
934733
328579
279629
997749
225596
206335
881550
897311
125681
197745
346737
21749
896951
155521
772911
748605
611970
187091
608255
634318
382447
140120
753940
757489
261572
529185
111134
223256
698035
741987
827073
381136
374276
211116
6254
325370
23953
306604
659800
235723
438776
486988
171867
109921
277902
443362
691556
865666
767007
956275
829239
867736
348945
57692
992223
200878
566930
327565
650405
770279
21515
178296
533483
466326
573641
299451
814316
391180
200197
900399
549478
797652
850552
373643
488502
177580
157882
685684
386551
453203
738008
248402
495959
766413
396445
653087
45768
806731
498638
606289
575033
836840
140289
461173
447321
90442
118562
103281
198498
35118
161100
87587
722097
907580
31918
535231
66569
72590
99697
336578
848860
205599
320102
511567
53046
335564
909347
528558
471836
722519
582615
649644
743844
877544
550317
581709
210824
397113
387025
82464
756876
527915
667418
898958
565576
481511
587571
163190
74991
158708
850193
559063
804375
754093
239490
619778
219689
420658
910105
42691
850487
102009
15930
806749
255504
604529
544601
49372
688915
63688
630526
615899
47707
81132
540151
902135
21842
415716
759995
597757
55897
67600
250795
299172
241007
564911
549037
628262
827551
522195
516485
256377
363965
961784
365292
974713
249437
702774
776062
366137
831263
840243
197107
980973
578022
729542
513473
670536
804989
108494
833347
543643
704327
187171
123277
524589
393928
135537
286877
286691
699179
664053
772206
627565
44646
589105
418436
194799
906506
761554
795219
62634
583652
841491
895548
88601
309122
796332
78526
875680
422142
371951
150933
890344
297959
476558
173840
351812
304728
879377
728096
404129
533858
450047
779738
470312
413997
918069
323939
212789
382347
649994
598677
592766
517687
672340
135490
766386
869185
294841
492395
866652
144286
682155
521713
480979
953490
887061
425426
64378
293662
943951
840680
693463
621951
806821
818395
239655
666555
918981
780102
124385
428734
25808
567370
861520
596831
25411
691007
307107
464626
906712
87752
638924
619406
850670
369625
618132
367483
32904
85782
454793
21002
677323
677575
996566
16333
566073
680621
330907
96701
119090
886935
255955
24245
788415
895127
383302
903612
896990
529468
148553
326028
461617
970730
49832
982758
110014
11237
198751
757950
481297
502704
948050
238684
615721
163382
676899
999598
245745
673317
932593
658642
69220
647090
194259
284805
109767
953244
712778
518195
572082
881127
200970
578762
195291
711263
100373
258169
895338
526768
879166
306953
621549
283084
957962
924656
679176
313871
564082
193246
64347
497503
313057
558150
67662
979400
461874
475247
512107
723328
914922
655931
368789
649345
18931
154943
965295
687926
65679
623686
735591
322144
286359
771724
47557
881404
718163
807116
606934
972636
34979
944401
267595
716420
773562
585478
875633
319080
198376
155424
317842
376244
330303
743903
293489
747727
509180
362379
453234
311336
517113
339432
340950
333401
833674
747578
622987
875604
538872
476301
667989
669343
792186
940153
568638
72160
180158
539249
878762
447197
77927
324272
282842
402544
337609
329832
781523
636713
515925
480087
322327
601623
358509
160081
420774
380575
849679
662550
795843
64201
211547
396101
74578
68962
46732
122538
941696
207921
233627
721895
378468
439061
864398
138586
485117
133140
555750
869768
5446
526491
929549
279858
592133
839838
518757
260143
793778
300945
554938
855382
769486
929805
297827
897308
85816
975059
791165
696404
935288
262424
148107
838788
986631
974505
656945
669770
82656
397042
79126
324517
547158
775073
574128
569542
758662
341651
504616
896669
378479
337188
24054
822987
527282
251285
485932
66978
832475
165531
397059
946469
793189
867255
654063
506594
307386
136289
18788
26115
482224
525783
180646
900454
29921
879583
552092
653191
552956
16307
92440
383227
295659
755916
409454
857235
814896
773293
835066
851454
439929
97275
784735
406549
950356
869118
693050
647881
558076
62636
229426
920325
918175
841702
485074
817119
698696
116011
129789
420871
216850
582251
742943
503744
755969
647291
919541
2979
999413
419409
805707
903227
851305
191836
456488
679694
13303
916999
372677
239930
178609
173135
599129
820784
623329
146237
539390
766647
501005
269657
747074
871223
750965
334858
127406
342617
402224
872612
322344
362416
867704
984845
370891
426332
23993
237233
214997
995700
673303
659825
605898
433311
518684
707694
522046
411280
625439
537119
37255
812907
818356
134371
963166
284558
861367
540266
372025
301271
416195
489389
948319
670323
242104
50106
87035
357412
97306
727116
932756
11811
158832
243615
107154
725947
776644
638426
427201
109383
319561
147564
697066
321834
461921
352948
320753
274161
386006
320124
103035
710310
423570
425991
717215
82703
411014
669299
230060
472702
863187
638665
967815
905660
601668
211986
857152
16650
7470
613300
509014
136331
105012
794426
911665
372963
401494
214645
392615
116999
891393
811161
171971
266792
348677
519295
975082
977514
97577
150256
803812
51098
851292
280206
189546
242597
396870
215464
537407
922116
51444
381945
751966
860634
636476
618530
594134
701163
647363
756858
324164
293800
777091
140437
625538
227562
98060
562655
505199
7684
458955
704055
860015
666420
725124
611704
486473
555915
608703
465811
787825
521889
533939
183555
608603
899910
361756
589039
903727
455557
731982
35847
540029
646702
487006
947955
974890
856803
470670
868442
875558
709985
144670
907408
164190
705404
100401
368075
477405
337763
492849
415671
169675
904628
825013
729977
682986
87942
245044
77230
427885
702300
364632
364150
890147
312195
695080
823132
448197
656371
302689
204993
751819
782403
861952
699197
730249
734832
22014
661434
767476
143456
505708
838071
705271
7437
157739
555841
97902
903225
37379
201886
699578
604628
291355
432115
51661
450650
181249
827788
842819
908647
777987
75641
300865
469097
127168
624475
435222
799780
658410
997823
210373
442108
513547
903112
195774
357523
937521
415414
441762
46004
633325
826947
860451
628873
31521
324185
829752
72302
577750
296812
478536
75208
896702
545208
510026
460516
372300
577810
407529
506460
47792
406432
98061
615285
872964
306136
639157
142412
738665
721418
727272
656823
350182
752550
56225
670742
314620
606625
394134
123883
509446
472655
754040
372102
719644
364706
864861
666430
504802
746685
526389
226636
997266
948930
473111
513480
649048
35724
263743
154354
890201
755898
386446
655975
933115
555601
974228
761381
405956
620896
189692
391755
429443
930530
913573
956502
705482
133675
899989
449399
384857
333473
236027
372836
665006
871394
351920
268391
45835
175891
346305
200027
509150
921462
143982
205267
45105
282982
992579
597695
931901
177145
554129
731953
907213
376317
445878
30122
765708
938131
179559
312979
306853
888531
487008
695227
626318
974865
668653
490582
900349
211686
22030
440072
424853
16596
769497
552929
514753
241022
978861
530080
573504
791085
182964
604750
320594
985483
616797
767106
836030
102610
130952
934661
479350
906808
968553
136717
944862
357458
545318
527165
529313
860010
881977
136972
962152
761092
862299
461233
976788
40656
128821
499611
787883
862931
833383
339553
224953
497313
772993
926651
453283
987831
711333
861502
364371
302924
139234
676941
666434
188920
963375
751417
188882
127854
431744
102333
902534
817212
604376
289359
706644
249021
544798
789112
535563
736023
444229
831056
524939
751587
59216
226312
204828
612205
149227
470069
967433
118917
155552
309641
226933
275308
171637
255641
795458
750924
805087
201684
812987
150120
113628
186705
159879
962205
117091
903364
633212
13054
112237
524966
56701
816465
324777
227760
175961
136514
852788
368101
770767
37214
144872
624729
333523
274211
318621
353164
740657
706817
771358
770125
905296
510728
885640
341830
369198
719794
618693
165797
740543
137548
672243
148469
513033
796993
291357
251953
484652
361671
594123
520818
825942
914538
72246
363154
35949
459534
132159
232271
518082
304797
739815
399731
230390
565378
611807
778326
526170
733418
98814
97430
472256
875471
924836
279469
360136
790839
168515
156829
960235
866120
944639
545741
9645
448887
339273
794615
547826
95842
63257
356431
291768
626350
477370
677866
741838
105880
734787
449008
193597
648942
598241
862713
365888
433924
89004
5090
637370
489343
702536
842723
406389
262843
712634
394640
117396
403038
95109
457643
922822
971915
276297
458068
873472
554453
851698
589833
320527
65930
509387
347855
443196
372861
628028
61605
662506
896590
976759
516188
141367
508364
946346
164656
316043
321214
883323
751624
791868
370042
98696
7929
398497
320554
669014
343557
45727
289537
894221
841257
840681
914740
957228
327841
876378
349629
951033
10925
159842
126536
855505
963482
872524
362840
516572
236661
916850
810721
888502
176089
97619
235959
244601
606098
534956
517127
112877
276938
206958
715858
616633
387714
150762
45285
992391
31248
587238
179709
389556
698838
184407
780967
904923
813287
707088
176514
558799
13538
525181
909000
181516
559288
181482
904158
380826
818192
825834
755534
511288
20313
106678
484971
383826
929171
270183
264609
534948
978983
543493
27120
173515
185363
658647
392206
299479
566833
843697
155145
265072
658972
432599
373213
499889
87666
235988
628924
992640
18932
910104
650237
86220
779157
978285
522680
943124
165259
191117
657489
464497
178089
859102
686362
970641
423774
524176
730667
971703
981169
570317
534531
825302
827013
288277
196839
885946
209745
862048
528039
599840
753247
41098
322076
203761
4366
254206
973817
945081
350138
220307
224101
631036
984058
733553
794500
807781
558904
620445
636997
716631
623974
940257
389513
630983
698828
914871
89240
975982
767772
199736
639208
951488
229460
990451
397078
51117
322648
554108
167486
286486
223008
982375
969105
594656
28415
15406
171592
974046
421252
943741
417754
590885
99546
55248
861171
258575
158149
748327
358980
707766
316968
333675
842445
980061
867161
430169
477604
356941
200031
852717
303045
259836
891412
645558
799519
446111
829565
777909
424499
410007
776037
160539
863936
969667
555257
494675
949009
236428
956028
76169
393846
41003
672745
403356
898238
69610
434636
209267
771975
515475
447180
406426
34168
128225
364513
978770
812828
905503
468031
751910
886087
216341
884906
508746
359700
707940
861570
968021
161902
496374
927212
641244
297659
868571
325099
320039
117014
302448
423138
42423
122485
879032
573621
91967
336901
934697
47429
394391
448942
190402
640577
259860
7477
166810
253395
699086
578482
695483
142022
980199
172530
581069
28722
5295
830996
215435
315107
516972
813123
958616
304316
745840
698641
532868
68749
8658
55150
80369
931255
765400
661543
85874
293860
635068
592882
33963
296160
398789
630747
468492
10716
546552
430132
993122
253922
234325
5810
55367
855782
