998369
190915
236935
76998
947629
550041
390425
598337
299621
893844
743234
102575
879043
112429
537858
929562
177879
119377
647474
467112
597483
297103
675359
514924
453889
639864
72295
371909
605079
767006
107874
425851
170311
547661
135930
235884
845639
761501
515884
694074
263338
626172
374922
213989
591006
777625
387056
174889
604443
167302
100563
110084
630663
11345
634794
478173
604152
478658
688031
624647
67688
804730
875422
37124
802677
54239
258175
6996
613612
87502
874852
925041
501746
482263
628640
811611
695184
914900
328816
952029
741467
689513
278642
129640
642471
930720
857514
678566
5318
144708
44607
617597
621527
889644
316100
835660
846319
77939
353133
114079
737188
590992
61262
744623
970255
123595
494896
499495
697821
543051
646346
790152
822618
631690
268223
306797
686276
213723
167075
471917
894734
752529
515904
605638
991967
262501
802121
380884
641074
201908
661776
189857
332098
459865
875920
534971
195371
337908
883847
451825
940155
460880
181025
36938
916447
576188
527240
909582
370044
683660
959832
803637
26907
578369
604667
493915
657074
56868
62258
794137
25533
610373
319924
45709
350118
781341
721496
988187
698568
56956
917557
379029
467459
871679
897665
580460
108376
90683
708943
986688
461471
930281
315198
767367
963264
177842
100113
845634
67108
926421
904356
455058
523605
630090
9800
664111
932193
495348
639544
458242
239625
773549
268831
269526
564482
233360
868326
510557
725709
469981
514908
743941
309071
534157
742604
429019
582443
454804
952307
944439
208136
610445
355678
667804
212156
482213
402716
892303
504076
559739
952486
645230
486817
214157
982521
841786
957242
134873
54333
513210
361282
648534
351235
207534
649564
816848
18138
10057
912690
77864
516540
289949
442504
403443
951567
48333
349244
831390
361227
680777
588196
332659
520227
110187
833109
298937
758976
429132
407943
282129
747432
167187
652604
480156
107789
198767
555462
599152
294532
819221
526814
714670
849080
23826
990921
468909
907217
835310
437287
124713
36637
293669
6813
782359
315776
422839
598142
924113
186552
720760
793065
781122
268254
887133
395527
101499
478028
737645
256901
593206
237198
578767
682997
566318
526434
179785
593441
108807
992109
868770
71889
316907
889302
191130
302015
308780
207889
242413
533680
409292
833429
396358
980708
844125
177395
278081
371231
201473
498787
758303
344766
421287
555837
953907
115437
235324
967725
281337
176706
772542
165999
384296
994531
105723
577619
240459
340714
638553
779735
519126
885628
762734
494459
934281
713287
189673
869982
473528
319830
941762
38768
208128
398342
88384
332023
301057
637350
74867
645962
310220
509855
132490
791054
269516
594837
111246
988186
540863
471962
47175
133002
865148
842242
473349
629835
468313
165130
945027
281458
565324
19167
914793
746368
41084
407836
600337
924510
604137
517739
913343
66897
134179
244816
235772
133709
443133
771874
487501
873323
459169
189850
183865
777895
746293
938952
135128
678959
316817
692221
539466
450791
2728
953375
108173
144114
258208
287916
798926
838565
760759
552663
694587
42957
955058
518018
942903
911428
297244
694856
16894
797104
128649
212687
873369
304276
828451
529976
375800
225943
35145
245013
633241
416304
503820
585867
10815
752508
732079
445133
721720
444376
241187
405075
827337
920594
908875
512465
686250
381493
345251
910885
146768
494047
51908
50035
519579
908908
722440
260759
216552
134016
967462
873947
376046
638500
770221
452710
468510
517826
841076
696572
452647
738174
677745
314277
669039
216594
441749
967726
470084
870434
100087
874434
187620
199578
892297
283531
786023
37345
242883
522291
851956
521663
216474
728036
811911
872614
808647
861701
587050
841843
737077
115433
523302
607725
315140
488398
959889
841366
757940
485660
794948
513453
274856
185347
383930
530765
603922
969384
417610
206344
667487
950100
177232
371616
212944
695880
498180
414813
971818
648457
852785
676263
480747
24832
991712
742271
377123
571804
939012
607692
842475
844626
375246
841167
814377
70335
276820
157871
931155
829478
903533
516906
82954
683417
923708
33137
870451
90073
129103
234108
726340
300311
279189
272349
928045
310296
549356
975974
434314
736178
388888
373350
151518
911522
873770
791187
924305
955869
627491
617790
564450
466840
652713
103426
963702
726430
173098
509467
825526
706118
625511
401096
905025
672768
585
514277
995143
543452
446656
635495
359211
735627
967035
883174
10097
950420
498447
71558
5018
974661
683342
333960
706996
706387
658023
422106
220760
729931
800014
654076
973544
482622
675575
500621
151199
112555
676433
881474
476586
271273
347453
338360
572372
62166
958390
735542
708160
331346
832852
952467
205611
601320
645691
808833
656075
270437
639137
368040
46791
725787
954706
18424
875543
512140
465029
66672
54642
401567
20909
106375
310432
744845
697350
835906
343735
636250
475197
681984
628759
585954
944425
356456
993792
83267
526176
669519
929491
881136
60071
905943
204460
671496
375927
551736
820337
87508
582152
264826
775266
165256
148940
987829
929758
890558
205383
357609
210276
665740
919534
324456
106223
391337
639148
822914
96070
740142
854448
616935
530261
247457
207716
174353
443864
31055
595474
716935
668922
389541
629663
967934
885661
840103
585104
789498
895975
126273
854428
349747
799373
161969
538584
296722
487918
465289
925405
542470
237182
157761
811847
304864
939601
285158
659066
233534
393459
656651
375817
224750
124069
320625
679470
310349
971968
164032
56302
862222
966817
496477
976913
876485
4905
572693
110585
649083
41498
880991
731684
269481
992122
99430
421202
681070
33282
420365
402442
669380
17469
39128
446070
804569
165764
419215
342473
242991
860361
870923
300113
272574
542244
522732
798266
549280
731352
43414
467511
1775
878293
799173
291880
18644
754484
833665
456894
900543
561777
467146
530136
898103
502723
118329
15410
453450
384796
126903
428418
208421
357105
938690
749810
222834
279267
196906
749805
296680
362054
408853
865606
998854
592949
708211
553452
797896
645851
252669
567433
426224
665678
588915
111734
397753
842172
979857
984704
346069
725554
771436
141687
885144
971582
339221
442538
625496
361852
506312
490809
34729
32790
194002
298980
142861
910060
973852
73233
600676
595695
799330
481326
707224
872356
926769
480480
216350
498704
350280
192415
181648
3838
32913
904780
402015
465002
490291
771013
17228
242645
365518
322728
679588
355423
3767
752265
284971
87724
29668
743293
261397
452177
432080
299519
503899
873741
949781
452333
748795
899596
592732
609623
275149
942462
392177
684887
706777
288317
759491
812678
142641
588514
451849
59206
540778
798367
287060
803414
834921
164136
796667
359946
323308
680092
302961
938554
527827
916614
624432
275092
640679
112340
756156
55543
904161
181030
561614
936993
172866
274182
211932
880692
14837
937744
267300
184793
143466
36665
544423
979866
674007
850167
512797
180322
598075
354099
962686
821950
637376
655114
199966
830357
733087
555388
353040
531917
405673
858606
771099
227076
697562
389068
967602
398106
124456
387383
312700
367165
127094
514223
781535
591273
670647
307009
915594
595424
890389
353267
786008
288410
512962
36733
408612
341217
604239
675568
9151
295772
504047
428229
115146
507874
172186
309112
743296
888606
895938
648623
549838
516583
133843
255348
946101
375245
794064
141988
927370
686995
197924
485202
345931
208337
539651
509696
670698
860212
863770
298499
619937
245966
919420
476477
942829
908350
727675
436318
142581
303255
916178
624992
263813
47735
662536
348167
976644
737495
210599
478504
315368
958906
174296
114901
941666
606133
576699
274962
709677
515397
926450
753284
151284
279447
94194
194714
838449
475007
14517
180898
889813
539520
853049
145768
764977
330970
382000
987485
48209
453580
871909
832559
796257
431814
577610
9532
491049
494553
996278
347856
907941
326500
66219
726233
253474
938639
174151
205485
278903
635637
559248
379503
748696
951233
241838
399130
481670
225652
780054
258452
845414
543678
848297
419350
62008
700236
408256
891202
770295
654323
510357
685247
248757
324007
270574
667717
701102
41924
404702
78192
841861
720168
377857
506372
625748
72466
123656
92389
980540
311981
564706
480740
337266
546921
637694
556305
131788
370068
850376
350326
840069
451533
374182
151021
872256
664677
285451
82389
354845
551843
114525
413
680150
331873
321629
653459
269829
874484
30804
519026
13790
823644
375610
968045
307920
562095
389665
512126
911239
760487
630469
307548
667019
631639
412581
330019
421966
351919
59805
901903
331426
84519
592269
185489
859434
311614
419059
451004
577442
848305
769425
408349
859276
502495
982055
325819
166088
587678
406506
524831
166639
817063
423540
924240
967043
397794
45696
911408
327921
289553
217615
400451
903593
274788
268617
362655
104229
452069
77807
789349
279106
783446
497444
583455
344641
574647
499032
49530
380024
489998
541216
719104
559497
606326
872626
418677
962334
857497
532662
182536
840672
452949
167224
247556
117950
983320
381405
983479
65530
810457
78313
838480
867280
142176
144900
497853
572811
667397
25038
288012
393809
248939
357719
508975
608712
443101
765663
827698
28354
33950
237365
874373
142139
912157
124748
596286
748755
861257
650242
876769
200698
973495
978002
631076
128395
758980
349257
850027
731505
891536
107202
628901
882514
876692
254819
794618
489837
468353
913637
864261
240403
429202
215831
661403
347086
751053
871001
342334
454927
41262
193543
458032
951
44528
611232
108550
162367
373
497841
152994
244479
323953
525301
452053
830731
597364
105344
372528
254243
130924
162588
542544
302633
703473
95307
733411
228845
443871
850367
979694
389150
264182
721032
28706
700707
134068
784066
664670
834035
315523
974680
645485
148113
330028
119457
802117
15183
592554
22450
488361
279616
188210
513673
800439
838485
714280
542564
508316
894787
55147
286366
110682
332147
30188
488737
274371
52985
906034
115210
695740
452706
837877
374805
905560
480949
327341
707750
907276
992594
992135
106741
92521
653345
27853
664556
277516
976492
341856
723766
422779
873828
398938
445362
67316
433185
811024
19871
518660
284970
927994
216403
392222
84453
302326
129117
590256
194554
456031
377894
4245
184985
695456
902109
461160
660924
947573
632973
907263
843159
541598
185165
323367
701671
340273
907795
197661
182997
102127
142918
91476
66825
207529
672218
344511
969592
792688
589281
288283
755499
417847
150503
618057
779650
393494
728102
49592
670576
830788
742005
852355
817325
451167
908529
395158
574220
798927
558187
489045
523633
516022
627107
931027
317681
946799
552331
127748
866921
23904
412881
388654
300571
404154
357368
33013
258198
893539
25339
218348
847975
537919
608277
143642
853156
546294
269097
739448
621741
948751
254122
119056
123252
561220
254813
81649
423765
575038
101948
12472
2838
37227
313681
76900
707122
555922
309334
14684
952807
508383
489920
325101
236475
577687
191089
599740
526138
256576
596907
188425
994333
449296
681257
812006
971715
730341
820273
392883
2570
906488
946544
784652
355346
323127
957383
22551
292434
508645
705662
335743
272178
801431
335434
971233
789171
250300
595932
889698
188265
938793
534798
977089
388561
966814
491529
3019
155080
998989
346175
821892
325023
608358
905426
664425
43466
930956
339903
777942
114778
75722
272769
40357
169067
739102
401132
33638
176136
419242
561485
508315
907442
300984
662883
227012
541729
575823
289096
522334
151001
823186
365818
605388
84861
802046
517524
780945
121985
308983
261439
727783
637233
886167
478601
590792
942073
115631
250187
458309
939231
507863
158387
575568
806726
924593
197907
539672
158214
775298
332231
636116
501311
592067
835708
7101
435173
424134
496719
635810
628202
790349
810025
39133
441521
899790
943936
301780
477555
862729
714145
406430
413434
604675
57259
36037
871620
974853
400644
984816
796547
671917
322797
209085
297819
82639
105818
373099
466800
356259
839179
390358
573143
553515
195976
971774
725194
570920
534672
638818
788628
493344
946458
85551
606192
48198
191908
212461
737240
360917
525431
935190
660851
760692
678918
694579
779022
694117
270482
987722
202293
44067
622215
802203
687140
894723
201249
809141
805937
833721
889120
998036
901340
519317
73527
445404
26800
300349
651389
826789
543166
937935
902199
193495
446348
507536
758190
265542
334101
469716
206560
325783
747133
335366
112351
938104
142917
170677
698577
503601
422531
80108
66107
312824
254190
547346
305476
872307
513085
811808
440162
540939
875603
357055
986886
642121
530855
794702
930775
98159
844827
756956
727300
425828
94822
425826
416135
152595
409507
998889
93008
17357
422265
901109
407517
406075
591110
933742
415647
375851
504511
561329
794553
359139
305279
942373
456751
156281
919133
721010
973856
941238
189337
95260
813131
401263
912040
277278
818790
573634
128040
358130
995652
101731
693473
653881
694820
24263
875648
273653
918193
727479
204204
913150
793552
743260
94465
966850
219357
502446
545254
229901
188333
292085
851643
52594
690357
936048
720796
791820
511958
86838
419295
7794
904097
471404
871266
980715
545327
119433
240464
972717
962518
126538
641813
490600
535019
131028
178390
894948
266013
968745
661955
123481
806252
226883
300601
560192
52456
924545
806567
967970
778065
489745
539128
882888
846126
147315
355781
16704
417820
763506
365002
573147
698091
717419
778564
450418
809855
877151
857655
933933
124828
65860
832577
807011
225825
835918
928400
246948
125779
505944
57407
606927
481129
518310
50051
905821
185774
356943
821301
329476
35954
1242
745517
817388
930773
81840
506367
390348
974413
409866
398604
879800
228467
99961
106488
124488
217678
757909
175671
947350
988851
501160
409027
563840
87950
304406
988521
866303
364575
829327
570405
966808
296928
794519
543714
635823
121617
298432
113261
739397
671037
388701
680920
12664
818953
10513
756623
549173
628580
976153
422745
439125
693113
287457
992986
4286
975984
177851
912138
761229
212722
67990
785829
47245
665459
731802
73195
645927
542905
967690
139214
649722
347256
881151
557022
831309
354555
83967
48788
634834
403349
994300
793529
740595
97391
302803
584056
782774
120496
420288
621470
268009
883362
964129
349906
915343
601147
101790
621297
960625
381854
778792
843264
723550
202603
992459
557433
864148
447875
197770
452884
650130
255308
671288
108321
486966
235472
580602
854274
133456
161476
700411
463302
362137
784580
980613
761912
784252
569861
775036
735382
677695
897478
460891
719921
873692
113903
899304
954461
727998
483223
593904
324759
227294
565871
436353
834677
921324
206707
521898
680035
751349
492378
482962
477377
940190
993509
381285
304743
170822
309406
307917
597342
340556
537398
558507
132636
1561
678857
396867
729027
87450
89139
980144
36426
23383
505246
171360
810256
717920
223305
401317
298553
852820
247911
384661
412147
66803
62974
90272
505163
695338
141197
183742
158131
317420
397252
241041
246077
964806
670454
417688
315319
54246
436655
382324
811123
312811
871547
602681
849595
737416
940203
396466
654236
369522
41668
671571
926665
283513
554778
762809
204068
796064
539772
599151
158014
355641
214940
435328
218217
262804
263878
872869
334074
312778
838223
219019
968473
396576
691759
989070
974608
155334
15057
234743
55213
607073
383598
976993
636860
547271
635396
400730
633008
780290
111426
133609
317735
278021
890072
432099
938194
512072
776060
931638
578341
770733
93021
358969
502799
807650
846760
40203
843103
97258
108699
826972
233569
409013
498891
178611
779568
327602
824240
67014
846737
738459
51650
488892
24768
485535
581393
215992
517485
53319
447630
347745
930802
121414
908510
644654
425162
263297
589235
217914
848195
177386
604484
863729
934239
291469
320849
131776
115389
89019
921188
134060
931909
254060
296011
677407
874742
959306
898094
150270
135567
672257
410987
101095
267477
95880
900785
992659
797358
974871
369578
59217
614995
100540
256564
498322
428845
867722
772590
874172
976720
769054
743251
460515
544524
607253
658546
617048
329918
121105
696580
998018
325682
368942
565395
449456
717011
480393
998707
406684
651360
135721
483659
266742
502238
667668
321448
917316
587571
725937
235270
30431
829469
253073
862842
350956
166368
155279
384377
3367
676427
845019
616045
147437
631598
623931
265003
595425
603742
296538
504520
493383
418689
347521
68666
801617
454647
146203
853309
171902
721177
850315
223942
574297
199489
535421
595431
20199
908324
880857
205666
944177
604602
848371
929205
337423
454137
887753
812970
971612
304050
301439
164783
663467
451560
696209
434830
772662
408203
570088
4560
58598
102281
341967
542872
981016
903187
844586
701162
171450
775678
882018
612955
578903
71809
819730
226913
958195
231094
878849
32585
674463
996281
333748
897241
485164
132461
332710
642375
598108
602817
301545
623348
602007
641525
677079
278361
931510
637049
782550
154425
615909
468204
758044
990490
841886
14233
613972
58304
686893
434389
374445
865048
313943
952317
746082
54327
486068
971705
34799
281672
83499
213960
651015
30555
752243
278419
147299
524451
715930
426830
721294
771695
194784
511646
164039
347126
84425
806840
973083
56532
730924
881289
113131
163861
225683
115242
289037
406172
929032
217097
704108
911794
988058
740725
478099
264789
600383
411326
544896
528095
706402
412431
904363
843121
368872
636637
690764
880837
706160
412032
960508
813061
973506
519200
621847
870019
474288
221116
66806
893023
84593
416728
771877
370963
446928
941217
53348
176242
735422
342786
585339
128100
575600
5438
335910
287023
594255
254360
558907
736033
314853
710755
644721
361523
211504
268676
815848
987664
715927
231521
534025
991128
514101
459297
934987
563712
430666
319234
580030
657216
59909
126130
540837
672928
516514
312850
37547
827632
141488
132768
680907
290055
727973
977675
423972
602336
963990
283191
571496
531653
387677
167904
425246
62923
818674
637218
727596
515163
927010
375760
949330
151255
607119
663440
422611
432239
297945
351835
394827
667132
692149
588973
340443
473284
169772
341126
178874
859824
708613
4793
379569
622426
634068
187102
107170
229992
252959
322063
817491
316290
835101
376615
266874
107424
16990
576322
499498
600706
12852
478157
628878
115988
158633
886860
583351
358909
671578
295570
931733
591410
140292
437304
239208
527722
704814
44347
730298
363141
297309
366624
399559
836476
633996
369450
327230
265897
49948
402160
853291
549426
242811
172654
935007
742880
459193
88142
709233
65679
603049
72276
545468
377722
533331
693049
483311
628623
93441
480085
473356
267959
335438
313369
369089
396464
235149
936009
426118
520862
682545
90265
473922
797782
764528
185314
262209
409858
135600
45436
458323
347300
464058
896918
331315
691563
793283
721034
368256
24028
450919
900532
775748
183706
948535
270552
522716
230649
935468
446244
824535
541517
347746
223634
72231
367853
768302
581293
202609
312992
244494
281129
954415
975939
948467
671077
378685
943555
15544
823930
406834
280196
393189
233473
453776
801616
478886
3100
781363
8736
632439
694804
11182
41474
633280
976654
232721
544899
112122
469233
500299
897725
632360
861579
705263
269251
73449
349400
550634
977864
363400
123565
720614
569463
840000
510977
913882
876560
549078
741864
126553
435906
584636
610889
647546
189143
200273
713941
457258
127781
362614
574458
107995
531594
115833
820906
587461
456369
700833
762030
998912
608161
714444
732720
455833
625727
801343
766269
473165
416973
713812
114340
692481
103277
23660
363969
794627
588555
109581
745199
975946
117826
639585
94682
12145
553269
888007
180739
537636
357282
159585
743001
411856
463960
571705
988962
810281
466683
487296
987997
943633
402723
28936
879251
503736
497901
906478
411350
55911
653019
920854
511242
910837
270494
880987
508222
668501
402579
425605
300499
675569
986094
781867
586832
482204
365740
137350
664316
95873
609918
909620
876781
913349
999356
686059
162321
138979
615748
125127
919737
115623
234198
974122
805083
692309
39666
30441
791373
774961
66355
771809
595509
13613
544545
77186
595593
420530
932162
153606
825649
896357
961753
742539
971241
751219
310732
903836
556926
531339
166727
284943
528701
395646
720144
115482
944315
432472
573935
933050
923391
28073
28451
216676
666384
743287
949678
445640
805552
168012
736413
465946
239141
521842
726556
181470
157411
136322
718582
889771
528887
434420
651738
813977
486291
954972
134506
471764
738449
142679
91114
43785
938654
931398
594636
771851
159849
504822
284690
614880
810401
490999
246809
389386
70734
271456
196639
227886
383652
328838
760903
112581
789607
410777
153355
743477
833370
705105
70288
46138
659311
653883
261208
528364
21854
482085
875916
118017
116787
157367
130961
183188
257004
85252
36697
741950
976351
939595
736398
688607
866660
53264
125045
957077
601220
81835
77368
110814
665902
910015
413790
673118
753723
508945
968724
738505
482953
376973
105943
203473
985069
104430
437519
624512
170273
783310
871312
218273
18425
780397
443738
440565
616940
849012
400381
587770
500667
642755
612911
631498
548415
183689
400755
58202
112562
695905
662634
243796
105209
744948
956936
710518
18833
845686
875739
588354
730689
342418
291741
623643
546295
799471
262466
34973
688044
572034
380977
40433
770848
71739
221614
287559
711649
513830
226672
3547
275219
363508
357330
131313
838814
606679
748280
885424
656689
727135
330824
390346
342321
60269
794277
20994
598177
993644
810581
683336
862481
274860
794495
913659
591976
432732
344359
260502
549236
732372
174308
916831
360344
431993
329623
658608
467739
459917
414768
148018
660334
327680
815007
900563
297294
201342
172831
970284
60013
715846
156625
674535
4185
306474
564760
594775
951229
743534
976487
831943
821627
315833
758890
381963
288550
686428
447689
950017
115613
824682
290308
489475
748474
13267
628404
195323
972182
623038
598605
415277
563478
875990
510729
264224
610153
587959
521479
630258
26010
727220
544843
2929
642952
230619
875581
552588
914957
93264
750044
353555
295533
831516
71028
558529
410178
637501
681186
90209
536033
605571
738450
337184
684624
84807
895224
444084
551662
747697
744273
939804
566459
549458
77184
102968
217057
570518
986590
636309
834510
924107
955769
383211
215389
961724
817401
253381
500130
158204
830163
668993
267400
584584
536293
107385
822044
393527
949936
857143
215106
179862
248986
195334
117900
742016
221661
291289
82014
769172
350681
401521
57209
753713
477467
405582
569845
298434
118573
489558
828261
620672
325426
973320
28696
402674
682631
146512
226322
862194
263457
3244
178063
31748
12006
721053
16414
318844
590882
3501
561416
141524
293958
48448
508086
49647
873917
211648
459868
542030
128423
119096
406751
690515
836023
571176
691179
439922
173051
636773
223596
395367
632347
134494
861511
76880
85983
735729
981261
652383
952246
787465
2593
140073
481026
92667
197099
100049
820755
423395
870739
876443
157173
35661
296830
461011
174123
848575
568177
137873
191886
471365
634745
165117
581356
314543
526669
309641
493661
332976
175801
857429
514222
967297
576587
521061
904059
373359
736071
58879
689700
556573
84980
527135
534117
777979
929400
60798
512438
617986
155033
417709
462254
812396
263931
411963
732163
303806
235433
434972
546624
998880
109145
417016
463580
370405
739248
51788
700571
531163
136730
903146
266081
720659
511719
671889
71264
196270
869768
913115
718787
250728
889265
981532
147583
980922
147898
71131
79522
22887
222055
240674
926526
721342
364079
512068
589433
424530
573367
670225
556828
296558
958797
22080
19299
604864
80860
600740
749165
211726
625923
440253
930550
972233
943586
353264
592568
462895
656081
798250
175243
132884
481719
370787
823162
209656
431474
406002
50901
958837
867455
193221
464701
364049
204599
340698
848247
131526
387685
139973
442015
600976
444550
536550
726701
650733
434536
770159
667349
20294
301831
854967
59065
343789
545318
277094
787111
51297
118162
70647
281179
152139
823144
194638
635734
979655
858892
82846
170963
970861
78327
208654
386436
395574
344634
452544
22848
1291
613774
308584
770911
340909
55663
914901
623389
320606
223964
875391
602766
936448
251073
467384
427598
959732
581182
356125
467037
871136
118728
260785
773498
404455
75018
386354
648653
734368
877706
157059
63002
295263
799756
849468
931621
349032
756940
874463
909231
645695
124033
799272
215748
436620
190490
579753
157875
429888
56352
538449
859570
488482
196605
172420
725832
629233
858717
128798
609809
391050
257481
239368
70079
347987
705691
28784
559556
566186
4145
214152
752609
209098
870153
61998
132565
590627
211423
797548
70684
560418
467507
627933
311015
525090
245237
408666
439492
828942
953215
255354
83617
552288
716077
745081
339799
387589
56741
925995
549653
336211
30862
866431
172994
835593
576209
153145
944029
550797
396288
190015
399890
661188
983115
439451
207159
218317
662705
703995
210030
335091
281171
679428
234312
914410
631502
166323
28442
943741
925326
41760
987190
370987
624995
444950
488460
858842
609286
230995
57136
320023
863872
915615
248927
521719
838182
331709
914907
835145
151304
823601
25407
271601
842593
778027
181801
33637
983053
602418
582373
804992
547409
411623
231661
674474
701582
425447
849788
816145
745673
22460
546483
643191
400508
835557
84454
995552
169729
751084
730168
878593
721061
904269
849312
417028
416396
207882
247245
721257
677871
853934
416309
258965
991695
727213
834610
295744
338730
146428
77240
888984
769661
201920
976746
872441
245335
527441
319368
109373
380652
719211
178328
645739
992970
768461
407769
339332
708008
810021
592983
353550
122948
399354
898321
888726
725111
527543
651126
636897
465097
334721
934533
61742
435098
104582
730515
286881
886642
289176
545866
454774
129137
517248
224208
456808
604836
232620
902880
276162
181714
220886
366628
391434
5166
444505
502471
560971
606988
792980
317201
521010
340018
295821
386940
327891
924755
77238
485298
473953
144920
423495
650558
70535
366000
633051
832929
355072
209915
317311
446012
855975
546981
918385
432414
735755
259950
542298
925986
628328
76011
994629
27442
95381
238123
658590
950063
892598
95207
991623
371041
139365
51098
48352
805086
617886
883396
841629
802174
665933
393154
858992
955113
812700
847368
62300
770465
548261
968482
234632
295762
269328
810742
414757
698326
178813
834944
666037
24890
345895
435361
108463
281742
989799
155934
180277
138867
180930
660016
927318
922530
373214
311144
648944
24348
98054
886064
433696
890099
500554
910953
608980
102714
625631
905280
741440
518202
955914
536377
467821
630161
52459
926827
653989
311180
709117
217197
151273
559528
874292
894451
914977
248529
598812
432560
66986
636499
469591
514229
183382
465632
509805
597526
634023
934566
625407
888830
45150
267949
382276
545697
147644
749249
479230
292607
137467
623084
769281
796171
139168
714545
559944
23961
223811
925471
83083
822465
313982
651397
934969
969366
68045
428487
718877
889208
504458
625242
432700
894591
24161
168288
405030
35172
871601
512313
732853
147573
189418
405034
946340
784213
977589
717300
399359
824957
315050
143070
868535
352181
669974
268754
734915
156593
787176
227232
76389
386370
362457
596900
234935
995034
103103
630536
181859
395808
780453
77894
652111
302260
969440
853872
738764
333549
717596
200783
462225
458868
843629
542377
992930
57153
913801
149046
346306
261748
727787
785554
557450
743596
43006
811574
711037
9952
136418
232199
875347
30190
227472
18164
384503
305527
253901
962967
946037
126896
304074
767274
270749
403319
752362
497094
740060
852602
239014
326447
944383
791188
217775
65081
601960
548408
900928
674708
176602
540960
985947
855811
740804
4489
926052
684631
473459
841294
394407
82768
27113
996481
731758
799543
784142
954751
226182
510935
347631
798047
258652
112137
639807
295841
917304
781114
349067
593991
442305
338034
725627
991417
189642
458559
270941
133298
682829
725434
100882
234945
605258
554290
643528
276675
760505
996806
913577
561527
893420
823011
658031
766828
232134
453531
106990
614799
818021
916728
519190
32734
525804
254182
724960
247771
418231
92746
246408
580717
301418
981768
791248
687565
279795
478917
921206
443611
354669
514677
31706
951956
262848
645391
564064
736915
252311
980738
317307
312032
691165
533077
168364
94609
565272
207894
904374
535126
371693
302607
535289
319107
859406
273613
831136
996005
731988
246459
790717
681077
26273
129848
99482
550869
765588
114323
738730
2158
275976
276506
311482
677438
932519
790535
593572
848034
976895
906687
559520
736921
236228
793486
875274
926232
670039
261543
799808
784462
168599
14075
480572
37934
198897
938501
176033
669936
987345
951363
757277
923499
318037
672288
390524
347240
93488
959445
516684
742047
488662
827819
311057
849874
354120
287254
422464
866724
776320
418052
700172
520733
572676
532887
324381
64059
370815
412701
906908
161678
483600
352543
599909
91276
261165
634674
572167
129615
913714
122413
434373
583675
818365
766698
815989
971949
463726
124696
577644
349473
652647
919713
528299
529183
655984
234439
9209
115513
124295
947986
189270
307975
609356
311239
957036
445736
917736
967764
226545
145177
815998
941853
403487
908782
452072
498219
372749
611284
357194
666915
268169
178613
862417
599004
444615
146408
835162
440455
120885
548401
78733
626623
108717
213959
91492
300421
123216
769756
132518
770967
933565
408811
508897
734770
255709
417843
549010
357602
83989
373370
482041
387640
527587
260897
90376
997477
895019
847939
592370
317105
624173
271334
467035
981847
858673
273282
581861
945334
938924
650920
979294
563352
350490
174184
750536
611091
852024
548070
459342
232933
617633
275517
771727
805571
477849
299630
696803
659006
366819
304647
923788
114689
87192
299284
935038
627092
398077
383982
762948
715269
162540
506829
937915
254558
851421
114380
657771
836449
875624
798371
517334
102458
931469
912707
77450
176295
196364
961118
935219
356588
771197
544874
749548
903046
907728
158507
353649
157390
213964
783573
700810
173735
815096
451218
37214
14988
775613
988628
610654
10946
857128
822412
802005
111952
167298
967715
596652
112259
768543
571535
652336
727939
980842
141467
430579
959415
15477
986625
365759
929924
775389
523078
676903
757167
554387
975332
742866
763328
432774
27637
737343
13573
693267
257413
146306
387624
385103
642612
125848
757784
206528
784511
909132
749500
413070
619023
370103
6123
821267
210468
797916
17803
982551
311748
746185
530432
692489
360508
662880
659451
882184
76646
964159
528511
20338
841159
612693
748156
679349
902653
13373
691021
378114
346374
371760
503120
319166
80173
552724
425803
379479
169647
152908
20567
357549
549718
922647
336736
611467
575954
605113
187076
772657
860264
995849
852559
998078
354309
550772
274887
51574
542800
165416
134811
523035
719329
770132
42885
602317
342964
363487
234123
328976
663705
164763
272485
434063
567509
551835
767251
565843
132208
146615
989551
660689
398315
257478
171043
35193
950916
12855
779873
384168
216447
30481
747650
342025
220596
20930
299596
691672
287602
204325
519368
738794
676445
531489
451608
575852
43675
393486
932357
188031
293710
144655
644613
683405
328030
965600
412820
923197
500018
731410
985447
780956
26166
18523
383031
360621
738718
463791
235546
825369
502295
997092
298278
912372
504062
338777
895291
32601
798777
12880
78522
479123
742538
358261
784005
685488
218808
824618
873384
262198
451742
272418
168983
234262
399157
893302
91671
946737
204230
827563
480736
937589
296251
16161
494968
377073
741661
702152
995824
313920
179670
287194
821340
600724
791367
335184
746878
853233
127534
628545
895433
383758
929013
767836
794855
317029
780189
411303
890300
255275
746602
233760
311510
117152
618954
628605
466577
233705
114568
867692
462905
244800
813577
200649
736570
922773
339333
637147
831273
464502
731676
83494
504432
822552
499729
682626
228042
67946
866013
688257
106234
737436
912079
564630
789619
42520
288294
872284
963777
40739
435154
457327
385487
177732
139104
858158
159093
530283
156294
896544
963960
215046
876858
773966
903665
750905
480452
184062
62091
493422
35753
516329
219001
810832
470585
903347
54438
511058
786686
353015
245683
822778
619022
981245
887097
954027
477848
963287
858443
970579
53259
156783
670407
861924
226703
662109
773921
420027
983142
42641
239258
814185
452000
385303
88492
922253
866985
335570
316288
529760
437504
525967
288626
930636
535967
579023
883005
196520
96311
314231
578867
218230
801900
37301
749273
396604
222328
915793
419230
805417
892935
565317
274851
944789
423868
818744
729836
566300
893756
360496
920526
210483
590957
40054
103946
888425
45200
117318
985913
804242
579794
921809
529218
281328
37379
87770
72640
823110
826589
748248
901011
867295
642245
226777
822846
968330
996232
193102
431675
278600
410868
891243
552300
177508
974781
663059
762980
687982
808788
539785
18079
67495
633393
22494
769724
875682
988246
166614
93869
64748
224433
934308
376803
793731
580092
660361
508494
863873
200350
956309
610960
762061
318852
588590
744023
143072
445556
109261
953033
604653
80112
643716
273983
658951
487621
596677
563999
958076
931707
659642
720207
675705
6143
671421
892878
898192
891104
542282
870706
881317
565821
219645
965859
309772
883475
424923
152209
914638
239160
163168
776166
433856
420447
861150
322829
678426
903743
988007
291719
636169
833363
969150
959916
846084
96756
875247
36627
286875
632392
207866
202396
148425
322103
687296
762229
195668
888737
563150
344537
221487
127401
378237
9811
511547
388375
245416
582930
629671
718094
99691
627439
462573
341301
376789
763886
855391
116000
749815
932571
504965
136975
827239
196420
229695
688156
505001
330254
448255
898845
342883
428492
665812
997598
779528
927790
464440
369822
565246
584153
675677
330271
465261
893377
248266
216214
450498
160517
664282
392910
285387
976285
686955
438421
159203
363221
715213
862978
560966
366124
721242
42028
461674
677637
522854
885886
137315
453307
2454
650629
921877
187917
223492
564314
798358
38450
254103
848772
394762
394956
816245
744261
434715
663563
29757
633848
695364
252662
384131
278306
369365
369536
532082
968730
919075
717984
165013
663393
968974
108289
4454
170752
979795
569483
756468
527103
797818
804166
583798
828842
209734
21365
939713
228594
300950
377401
8644
217058
204798
461829
590097
209687
833030
936698
349038
428111
207608
311948
208593
32272
799449
156746
12707
795493
461663
812351
747700
899268
844062
32723
641503
585898
756807
441894
693887
918955
443338
359929
295589
244273
693196
969009
120722
412160
802756
616674
2014
481370
384350
367334
817429
55308
552902
57550
329553
354623
794457
985511
142534
689394
526088
765406
940005
32283
58125
5475
63662
870780
176327
793044
651375
407145
771177
356234
853804
338136
640842
171854
425940
595192
327927
182026
544284
891628
32212
572881
453705
717199
688331
591754
492837
396955
617997
25781
374622
490520
366629
127234
590595
336045
481911
379329
737973
143101
127018
132021
410177
891455
288225
296487
70173
856393
399552
420914
958614
93613
996212
276826
203249
281041
536927
615350
319739
540992
353676
441217
750282
359633
289776
921044
357612
665267
740404
465794
182506
539166
367944
52331
835692
653208
951227
129802
718538
542104
193838
769745
754718
27450
459692
793011
852434
737701
897588
20163
385464
757026
807629
347524
745260
438252
89248
428047
72245
966870
419105
341142
536556
113437
235589
964060
319911
75717
852906
68806
966564
462520
80030
418781
173166
958288
918499
756200
237844
899211
728162
43003
555539
300333
57817
263885
690286
983453
778731
201112
533197
876113
259874
217310
219819
200487
173842
220698
757505
676062
998470
222288
550787
704903
699659
148063
649508
726702
842528
649288
312065
586234
339062
838506
868935
521419
944185
660668
633900
896741
759194
697877
929856
410376
661425
67425
499188
913503
733039
374019
77511
479211
529185
856005
291367
775886
80418
575097
716156
93711
126088
841662
206130
257428
218470
921905
177993
249076
352370
276406
466437
170002
540581
981123
158530
543565
408401
15006
34237
809664
192096
364671
605570
560354
117869
905136
646214
170026
558590
77032
246569
675016
531986
95081
67784
482624
447655
434252
970154
682596
267538
89004
91902
275256
652998
603997
612592
492757
70390
578188
75382
949497
678512
799224
629662
799230
783442
953533
824579
764255
248360
519813
831145
441971
837073
468327
193441
998174
113118
89726
284628
102367
223555
572010
906806
740054
890076
395801
430562
13615
343237
493624
570334
965616
440578
324731
869642
682209
486609
445547
469049
980843
960873
591583
519789
263060
680303
615875
734839
702809
62350
900822
543475
283304
479905
735387
129909
809215
972622
991214
103721
413005
397760
405017
656193
692549
856986
717443
396148
336158
936841
226212
880114
234989
813614
651698
225330
241166
940639
664519
895012
631296
111781
77676
487384
447800
714594
812768
905899
242596
412007
532021
790873
749468
807155
726635
473611
137780
114684
598062
63072
408931
726245
876065
923510
152466
630023
470784
596745
703282
821062
384295
817143
729971
772318
191182
594439
17520
184926
769464
402875
210613
964611
259362
542796
331128
172827
38914
458060
733205
173204
688573
592456
317015
715545
507147
964203
116071
922759
922524
111883
182637
260447
563753
994547
814274
457757
80870
322037
39652
836554
828021
876271
557083
773846
748811
969889
989692
140294
909692
651567
845244
215628
476449
862603
709579
41565
572591
216507
547518
846589
407637
271830
928319
871027
399352
222856
625856
340612
982188
223065
244135
650182
826949
468364
694360
751577
164122
526698
426645
982640
952913
518958
203317
140087
194023
430166
667467
453092
597229
7038
521241
511354
532062
187172
920778
575127
609392
812500
775772
888850
688452
145105
455713
691599
936758
197941
155
360040
184811
979871
158263
37015
321034
845652
869259
466193
271602
868144
408506
938608
963154
803185
922398
50009
523326
210116
487120
18061
592528
96003
6150
64140
91454
622312
6124
125390
324355
388194
502809
589189
893758
192261
680415
135370
788845
747359
701176
614943
264179
693711
28747
943685
555385
296685
581970
552392
52290
168392
366923
482346
923172
215957
470653
423835
970323
101589
642176
943703
433128
759713
669493
695638
441992
608575
416770
555364
174574
522845
467273
525498
890012
551099
117524
861352
184967
821108
1917
959128
446685
958558
390832
633843
361319
466754
443257
179746
152055
988124
627466
799422
117329
340306
732956
466359
761179
705642
331159
675708
385874
664646
148499
335496
59622
549198
270281
196506
84621
37888
321715
231625
340173
577807
454010
26130
54750
648025
586114
142379
400088
363042
895842
786343
461642
348206
506694
680564
793990
552814
50976
181024
574381
900763
82978
425497
201525
516436
606957
348613
626453
985327
260645
652114
998601
921012
963260
880481
160887
7731
935309
988937
726000
212840
204366
643234
207047
370889
377152
562323
108975
21400
84245
512200
65995
420679
654107
927883
366199
109916
583552
705497
288405
330426
918056
994625
685316
923492
934304
380815
962260
201800
304303
19635
356905
561549
261367
803202
590533
915290
868335
143048
874147
427527
125813
363330
193128
787781
149660
676209
540184
888491
678556
215414
682237
288492
149020
47358
473434
909367
142929
340859
359074
851603
44227
947202
455235
242537
484564
865744
430004
288004
745341
752891
599667
797222
484391
894671
947772
906675
931850
292278
61810
63465
357183
147153
89191
862990
735301
455589
217698
21085
335902
463271
77695
836724
514932
358049
151641
612940
831544
81098
483281
211531
978786
395198
96890
265961
89259
445322
772643
662795
559137
153120
828044
112557
468989
709680
143762
563206
188111
920796
269692
662930
508820
192679
152175
46434
784525
769138
445935
322617
725296
948081
740629
67712
155148
992875
515323
74721
72510
825947
864158
722330
659561
669286
274766
876679
336539
593498
322292
648760
522967
181712
789644
322618
318331
344845
74359
883824
27697
992729
628090
847098
750856
45438
690718
46353
264634
901058
506180
962458
222197
702819
199580
176424
736441
270292
230405
43826
729544
563254
962405
762860
128600
12733
714281
423067
166851
634894
398662
6489
869430
104247
553982
180503
666811
313285
349863
901807
316270
119271
153465
679855
515169
241190
90478
809034
288843
203093
945581
240677
535217
671740
619226
327233
852925
894901
125694
860757
822323
431950
794448
811926
598022
480257
600655
412426
113423
658623
780738
358523
647245
274219
550971
10160
889125
282411
195287
75217
90706
231971
159814
472447
443933
724610
185775
194298
47329
933257
662448
180379
74784
209810
500047
479283
339259
334996
934405
285148
204917
21752
153171
933189
267641
869739
60079
471940
742241
106145
423404
121970
66907
946153
67440
939346
749235
136249
751330
605010
339603
62708
364966
799356
846666
218930
596821
991981
371286
219969
105302
665660
179881
813414
191285
76544
401084
930170
148473
645317
751728
768747
40485
300677
416319
1063
992914
127589
336907
591629
730330
93079
693973
219760
399384
42471
308029
122763
304566
540267
392979
21243
288013
935949
585082
590639
408662
939895
353884
201533
268770
866702
899446
835621
897032
89612
342027
45911
735852
158484
933721
554024
366538
92459
550475
817406
531457
891428
668460
983694
686121
556737
547308
949898
229061
646070
226177
722673
836748
594506
265596
814547
233074
131157
242148
733834
532292
811651
265121
982861
458322
921386
232760
342104
829450
67566
163528
212295
501831
617672
576770
460147
26696
706535
849749
223630
73706
332205
787022
72438
304649
346385
476662
906954
138216
424958
734598
519559
558139
793568
866935
685177
876166
893464
841104
398881
522671
205979
574285
406334
139321
758794
23183
30586
476322
752789
300004
186458
763009
556202
471854
425215
333060
887500
769665
577598
919778
36868
746886
297097
302599
482779
3128
557650
110145
540577
455230
754150
195584
539853
354328
558132
252682
733794
45989
355552
422000
335002
409829
42363
785099
309557
485810
10737
622070
694882
638282
397263
662684
348937
862228
256050
512914
153921
497044
662685
914661
813295
921784
240432
547172
249702
139288
839116
406443
342796
255568
926860
61332
313713
530426
716079
915629
545136
787593
358708
322507
4216
734103
226868
376640
719649
864117
698256
569520
76643
34107
75263
768212
759563
143450
10956
564965
473079
568021
886969
307404
854931
450250
695712
402494
282460
852799
564303
638003
220311
953365
971716
636564
433578
658407
296272
43888
485911
726481
542917
389824
519713
145551
878971
193950
226300
830326
91437
671346
288508
634767
315926
313374
757720
81062
38237
145788
121157
319990
958058
540641
40823
986082
712638
523491
273531
203288
181761
324481
959326
6793
390461
78168
731821
877988
171630
49087
40475
878497
959483
592340
456956
657869
43677
512382
126142
334884
486185
994505
292014
102965
926667
364356
633328
599143
79517
993516
679288
799896
244827
459589
47595
735469
505091
85416
735743
516548
967682
738318
187926
343231
779234
328310
956778
112840
141029
353488
649039
985428
747575
876550
597929
318537
205091
753973
315751
591821
129360
681772
361940
381666
130699
189669
371762
214790
173096
327665
63770
318381
434995
708003
284932
915803
392519
926496
496375
5305
953841
820070
297028
986734
465549
902531
818398
241381
20408
491966
201479
410769
411714
875246
573879
718580
823317
103340
104571
821315
441787
410800
234894
806986
840480
839486
755676
511555
791362
475259
729113
882226
515212
777437
582176
471981
255127
764963
370017
903716
106984
132158
235316
722943
731577
696021
351850
377543
601606
67062
856497
201176
700438
879112
322603
598845
819947
971519
243457
165434
634538
104787
941524
209332
394401
920628
493918
535755
659956
481640
490449
86768
536412
703392
41985
757203
137750
765169
965874
406011
461741
416883
127454
438385
651793
601376
143982
676890
908951
311600
272590
688333
869736
983146
761998
260102
604636
448041
994476
285530
825790
668438
196130
498786
581007
650697
152997
757255
528536
1317
2289
600448
791693
331661
859633
944392
222526
794991
169288
957611
719132
773740
668159
589646
412578
623519
382061
813827
289070
52375
578527
843842
461703
988126
904270
999801
936263
746627
840658
188862
81973
982256
546553
721408
306517
966447
600795
433180
693619
510901
284087
4326
949773
310764
938991
918120
724235
957472
963870
793302
920689
629840
996003
75785
206215
277208
766249
291404
867811
488309
987173
537519
40398
128226
49803
404062
958756
440190
644002
403695
445848
623441
945706
211111
662303
339574
132
93478
695660
487963
668577
588655
226989
998509
329222
13425
440010
462165
144792
885577
772000
913057
860307
598875
346781
168376
770407
844393
688670
645892
802286
140846
485387
872621
488066
726865
339931
18975
718722
834989
646500
389414
120169
115022
587877
42999
155935
515479
588495
712835
474390
401712
734100
535349
411553
235277
773807
863918
594974
660296
13737
389169
931994
437787
326002
422540
795358
872845
877299
547625
564776
349328
522368
715056
345777
490303
57128
763470
336631
847701
718136
228878
627867
631085
220730
581234
107175
55562
192974
359172
728302
725176
240575
847329
61546
5911
742059
954514
482056
356697
976759
296934
101478
457941
882278
7609
973135
862891
767494
895751
717538
224833
613532
864051
929243
952918
340838
13092
456654
920724
773677
906706
298257
652955
473524
357449
529705
122872
440742
155203
854964
773056
596503
97305
796973
243291
748816
398846
179894
574092
455307
799694
408583
802853
420109
640419
624787
640414
630958
919568
428279
437924
595140
611894
584340
350541
907586
590107
761817
822369
96855
753619
171154
533575
804563
486138
30934
429041
186313
608682
785905
596847
844943
971217
931835
368560
512529
318399
752441
49457
614129
115667
955327
468647
102379
995454
476987
239092
731598
278962
984755
68323
502311
688202
272096
764774
557865
517736
907238
579537
43406
754999
965247
896490
658559
735530
402968
690037
434552
615286
860819
571539
914046
50389
928876
684958
702030
339909
478593
941471
844245
11187
418007
990841
352317
826362
646876
954705
703240
934957
607242
965836
780181
671836
666342
154066
86522
667636
555045
733745
173442
401230
765946
832454
114904
32786
917659
765302
975363
920458
477814
415637
49731
407330
578722
668680
516706
662653
688922
618500
689680
433036
9830
678276
880895
194759
756980
562069
838741
364007
464682
53413
965789
207227
887600
378684
288505
573558
236574
585150
424252
71887
735874
54999
404734
91008
370976
850473
796722
24741
469664
498881
55924
26099
874922
712716
181823
827688
878327
85141
909759
791104
294260
304350
406332
174901
682318
286814
193665
700506
832411
358437
174208
936716
813670
404069
199026
52230
411258
131359
700960
426049
414661
88902
339280
474622
528782
234034
468536
746457
936053
198751
912832
321359
657945
731349
777875
3406
592320
183913
991151
152137
502351
131335
396199
53191
956586
100023
312548
867261
458201
418967
682996
490203
179657
705949
161173
12448
74936
481524
363793
975998
59359
914658
517623
641520
723568
39223
490027
580506
991301
988352
161284
519830
59215
37707
403591
858570
423301
983902
185348
81647
431959
364388
153904
590164
951278
799139
291810
643068
188055
457859
667896
184728
457663
891128
543749
551804
914904
758022
844834
743889
832202
904020
538062
768613
517163
411692
337452
273775
978398
146737
634585
968769
26764
140948
658135
71005
109181
996535
171608
614000
625296
367123
576013
773743
827232
363521
197833
950352
772502
821123
401984
990353
313680
607980
270531
580937
307801
13119
960125
716106
622583
899744
446952
471782
312549
6963
180384
56307
334732
653906
606088
104205
641931
150572
995861
38523
722561
592941
637631
809933
234985
473732
793798
429134
353863
348136
189811
922018
162935
100185
654110
303448
975060
20187
965295
90595
7523
689349
614496
127950
504754
794431
517980
681742
254174
129141
447840
386475
858927
256358
244215
40286
820689
756447
41600
49901
840180
393865
137057
591228
266831
767602
954278
803982
375003
462902
288025
537999
118689
530385
371282
600917
785971
258528
390982
558384
170094
968816
888699
514526
893394
183966
640841
55121
769408
688313
628454
258543
190704
979796
653185
249779
463095
236805
10551
234047
169758
148885
627591
255907
483591
718000
241456
532461
99286
775814
679259
182130
539697
990503
782707
893669
660164
684510
807553
929875
19765
800915
144738
892384
396475
715859
593937
945356
915068
701013
5047
355836
559464
305738
890586
230790
399972
473023
162442
398412
320108
309436
410797
710231
959878
821458
590877
813497
192209
413064
491598
249946
107753
754509
346431
415895
328088
403398
594728
151285
829997
801137
274513
129786
115409
305622
766447
183283
635550
141162
788741
433853
365220
979197
672700
192165
201296
715232
322153
974248
100163
76339
375554
301924
205385
586669
891517
646741
439587
664039
87006
565422
686108
882933
484568
48975
434246
543225
112392
922341
234029
688511
212814
602711
554578
430098
595923
26905
71412
759120
62782
350283
221319
967287
382737
371351
400242
606521
723626
544201
52324
385186
15723
273798
427162
140900
476779
154760
722625
241344
549279
568845
171988
60476
899617
968549
635176
360063
384680
279673
146416
595265
893568
869503
423505
296385
763649
380347
689282
637591
226328
24407
834120
908061
918286
679375
391283
23257
113917
644276
716397
662807
8876
155712
891547
579279
597068
52418
920827
94106
979763
453598
68055
828763
242062
695419
346222
92815
83075
399678
427469
524633
289359
865822
701631
453632
90742
156105
433801
355117
714156
960708
138523
924452
677690
587122
285956
190552
676188
523913
840770
225649
572971
833454
704144
787194
130280
562128
336786
105550
679354
839030
490931
278452
398752
531329
910031
545783
94863
965262
785489
155178
794729
50204
714180
975301
586505
78093
496004
732948
520760
642036
483210
395004
566370
96188
579988
407221
731359
710060
241778
690490
100660
821789
385108
17387
653886
69974
590045
443230
311905
417172
494179
42370
974421
510903
640079
517794
374176
379313
815677
859356
254441
669805
701624
208848
649916
554439
843852
379332
70997
83965
270603
537114
476530
36131
530347
176452
693212
462258
694141
651206
872736
314256
632588
307260
672029
882275
73053
343439
698481
956236
162752
843009
493595
132784
167453
710049
57854
397414
75924
382451
469044
835872
828556
574027
819155
385461
818719
55399
340032
783323
718533
708158
861118
363492
866356
440025
637367
341578
447855
605424
678144
601646
659475
34802
219675
414245
964391
848748
316406
72139
535025
933812
806464
108262
949462
568485
977324
101091
997132
674756
22495
443783
962195
422797
568115
328977
378568
116583
679043
622847
303457
167074
104155
273766
249617
866585
480346
322779
602217
259315
58469
232487
929727
443325
284348
201182
721209
37751
214536
873458
827529
769103
124050
200305
103551
912933
978859
186002
143062
232970
465599
376451
859392
923178
808687
166412
665156
540317
35083
488848
466040
655418
584534
447738
860759
868796
722740
260042
971128
260278
220843
984097
17917
665337
580045
689422
782337
13347
658249
292280
812383
616084
511383
484556
620660
883803
880589
391360
596441
356270
143122
364834
35214
769390
832574
866428
384198
111962
754069
12151
564044
898815
323653
337806
219258
791740
206292
231197
838513
657616
816694
361821
892072
41130
668332
41514
611507
695171
78382
934632
806934
188578
308976
583955
346776
149529
348081
204685
105343
106376
516884
462560
399981
800144
254092
751107
46433
707213
386843
292894
337170
461376
366753
174240
194011
585557
291223
960365
336887
998826
183378
377809
109609
679811
976478
240353
508863
765255
224129
310509
575304
964961
158453
991258
410744
587969
8859
492194
382199
223233
528479
242450
7922
334420
170870
809704
391605
259440
684141
257257
141238
216506
843229
868035
657036
419705
966633
525531
986439
125420
642287
623291
944124
952344
951316
932517
571094
64858
254738
471050
521495
252075
356652
719625
286829
323219
703243
719110
337598
342533
889476
646131
985080
174935
393026
63720
835242
888076
663114
593755
509693
275893
207032
862627
889110
990532
412753
259185
992961
961547
827745
690555
639153
973497
56020
56878
889353
445443
803207
713373
787185
504000
137068
193012
125371
38397
974991
692584
441724
43918
488970
697786
295145
481239
163213
50709
163907
869257
434748
2539
444750
792902
12596
558105
420182
33444
268609
288875
368420
958456
603516
851812
433078
796856
565697
34621
379139
282392
740469
307494
859299
110144
781430
470848
760013
216047
218754
192502
119524
376014
64837
108854
954860
714935
516228
976218
355237
213073
2256
866444
207213
236994
446495
179854
158606
658737
295725
752819
820456
688246
295133
38297
968050
219951
101666
399362
646417
441633
731492
493491
94270
364692
653417
744239
113635
88018
213059
747939
148759
976017
789195
63622
545219
372668
480092
699672
582863
168001
559442
762214
468979
850967
80015
734023
299250
636221
619066
276152
322362
781207
962496
936436
524080
656927
446822
836982
998431
112182
588449
586164
671623
266389
714436
337782
37949
628228
912723
627872
707199
789143
769835
490699
296196
445493
243275
806902
579370
664949
580821
294305
669447
124481
837358
190602
273366
780763
324093
565156
633953
43067
939928
953728
824390
475548
85665
996130
974061
360443
332386
119748
19473
578493
600840
835499
199698
417081
999151
45278
618389
309023
358109
339880
686117
404441
178570
40474
382354
606550
879539
195612
189593
192378
339488
485830
817868
238728
941657
456955
189853
643652
66730
813535
912947
604619
821398
66251
280986
772712
215719
110869
711727
528623
631832
495717
246909
407308
205144
911498
467657
27194
923670
991966
425307
133542
162319
381496
956810
282008
99283
985305
917567
377313
238067
158622
515341
932164
268309
517477
4872
158797
90420
634383
131703
488959
569022
558758
395705
610041
708403
283389
633442
895557
143426
130770
248006
314803
329809
920189
321257
947433
105771
852578
305594
15684
826141
376602
701715
499427
649488
377816
494590
540995
256757
67360
872903
188420
829592
397621
810370
666750
774134
184823
4643
992670
296473
429329
608593
604256
954679
547184
471759
936983
378404
129952
91640
156081
112692
730269
142937
824419
244213
423402
677617
406122
147485
565253
434205
911140
38311
452666
899580
895710
65693
411584
223548
651220
697249
690270
594159
24684
956261
754745
760440
372403
790993
265557
663343
912353
329561
357997
298924
161774
42276
79968
241200
247418
566187
934128
845336
544012
126254
566150
347827
588371
397929
647343
505127
868221
473648
242249
825257
254808
567759
795297
245144
925660
217837
825298
168075
420471
274258
246042
280956
240055
477188
891642
735995
127650
869128
53807
141250
252877
568769
820486
463988
99101
252323
109197
848676
949269
60913
35604
368615
35410
437684
42849
341704
207196
291395
297264
517031
615339
835943
31456
167044
836894
769404
237137
885123
467580
527504
112728
138545
205780
796262
178419
4317
750112
645725
621904
195766
919496
323142
297995
343751
607235
119398
417000
600315
921029
264092
656478
688081
992170
134401
931972
558730
775786
657621
204043
999851
55284
749347
391292
499047
982498
453244
103331
270751
92972
668264
948521
570346
175235
712467
802508
807871
253628
53644
457438
419769
682377
125853
768488
137545
415431
33879
582625
196081
387689
461495
395836
395067
509908
937134
17853
652137
33415
876297
495249
379111
148446
241537
3924
997594
681746
701846
977138
682675
126998
218998
300940
853221
791772
888546
104655
247760
420406
642450
198457
471869
209048
198910
992102
207968
488901
286452
318891
515854
87419
125753
788662
212483
733557
232326
488508
719185
337557
459383
357454
741897
859660
914098
758693
372316
60233
839012
14021
708062
442427
274489
377665
876662
361576
304002
425869
834666
727920
757006
936583
436706
226104
529591
968946
725350
448733
75312
612417
702004
853527
774253
782118
934805
108406
358816
255315
991398
698658
499371
959300
584810
81084
743007
853580
106439
415165
229208
12503
821828
541907
796661
85687
159953
927680
381290
311552
234936
935993
2371
472334
853114
168342
9142
707156
41010
701424
655356
496171
538942
33632
364192
789162
51562
767146
926801
660219
25956
747034
254215
918062
601213
692783
597154
978036
176629
946778
532660
892398
739184
767838
827625
564571
799578
829974
271468
658828
361597
327598
762776
212009
709748
536837
946246
492039
878862
510313
38128
865504
406915
160142
110250
319789
655832
849276
12685
530376
384574
824587
746196
72911
380814
52422
193775
602491
215024
500407
307190
6661
972080
908664
775251
182676
735748
748263
154755
32151
978664
117224
639086
366748
92968
215930
96039
801505
231343
931496
411777
820409
170561
847748
403444
751562
502059
813728
134600
950280
755075
53220
100732
746603
696070
280604
306999
128471
682942
161016
452675
831491
837409
428577
67280
639767
66612
411404
110917
325445
905342
910731
186786
425089
542415
938387
112065
859013
78082
447275
211344
702439
31309
564185
618367
84390
120625
266315
245387
187895
835399
595032
216979
799426
151668
18533
177742
446429
349758
798326
935960
99243
514839
214230
311302
545142
402531
392870
501457
67079
984952
423704
696236
587489
857695
125934
151729
744300
290255
544196
187251
307676
666762
276094
699354
843248
746424
674258
926495
630111
556382
447734
78298
299119
60644
353370
297928
145835
690596
473503
472269
549177
252475
797176
582836
743752
120294
863343
119603
166405
888490
475423
215084
575247
811489
358845
389211
900720
367847
527108
99460
706858
16054
326541
427650
716700
409544
909731
526268
808127
294117
435936
429586
84109
50581
639142
863734
498812
818192
160273
713396
935089
415094
606476
78954
376143
950613
939775
882810
645605
829379
243675
229581
401794
871657
862922
833702
838832
861139
559675
281883
100557
752771
298015
691506
678269
640625
201052
397548
672279
796957
220172
113194
725114
15801
56280
215873
306112
96438
133045
353845
640664
719230
227719
97185
70731
406240
569266
117799
57394
772159
252087
92235
53929
84364
989003
259375
991786
217111
63966
534269
56248
562702
143244
736597
358746
678111
675641
992376
12566
685652
864535
478969
260160
727725
320132
54494
161299
795629
223158
306054
841646
621722
950733
833994
962596
864427
897547
349082
853798
492884
587116
348764
795932
724074
386268
210361
136951
236571
990304
924363
282822
189011
245867
369561
800503
356738
87388
870315
929626
676000
92593
715584
760683
322515
329612
989547
983661
434645
710547
483114
906757
14351
736823
755027
678475
397487
100092
672892
537272
519656
208245
431255
540138
709663
583979
766336
180027
474527
746041
181671
875155
747131
895823
496008
701023
790776
564452
834542
720463
670926
841034
776795
367901
911751
814302
797630
964467
977782
275956
203882
806520
530352
444930
959293
806356
971303
798032
156734
913333
245156
69806
972777
643705
938301
917032
777104
923782
129993
142657
567075
827676
614937
513946
792237
993711
642713
334900
171202
608365
738721
146283
90282
770971
917120
998827
916763
206511
865411
454599
229162
579438
154292
179322
134297
585872
496603
21040
467856
667421
486241
823595
387205
190930
527983
683509
662381
603041
525691
67301
279970
568838
755231
768254
982666
952742
950238
997634
846858
387894
513545
703600
948257
743614
722070
772175
238077
689625
121145
546505
452155
323651
333415
221415
826764
942381
348313
544467
453242
752725
647499
814399
899141
658444
566893
560935
389792
240512
114817
928817
108852
833122
125185
904846
700696
399437
393631
736069
991094
342129
866719
600152
21353
231379
787292
542652
625529
969310
596875
597989
425687
666348
403339
536626
674045
879188
729839
166902
65820
12913
402351
457619
628363
799586
486202
597249
439673
999464
721901
491000
879912
650842
658349
617312
172055
126243
536432
966243
679137
691628
666573
691796
674234
704999
1852
726734
852557
266413
57408
941417
2556
870784
248527
311550
284816
53818
330414
744204
762420
978977
757859
950844
174276
348917
931303
456147
896022
902348
613384
557906
611511
557879
434323
887019
220157
901114
233685
594736
111721
899783
801424
796129
2983
760350
915020
548984
3903
487016
164605
320544
424229
283317
877896
891852
42961
71480
356610
56811
27758
590827
370011
805660
801442
532116
668886
328433
780432
745068
824980
280728
444011
379297
911296
229030
134425
980651
987613
916694
849994
223916
537271
194828
927961
650419
935978
672852
800265
201975
836516
920191
675142
560456
128080
149085
542743
35574
376197
243166
641064
65842
496996
802069
45062
378283
38908
320503
516058
983934
999314
474185
973531
705764
828468
869071
163315
468277
619778
689111
79293
639282
849638
173553
586378
562215
638700
309378
563350
543898
836049
4707
449717
253392
223668
16748
903999
696868
488182
67480
363069
132320
296502
742607
792360
13397
588729
494786
417712
616467
261583
52657
990122
928990
753297
959807
625520
189547
211942
87674
712908
561878
520592
216566
509427
590558
616622
114932
62427
824810
519166
959847
813016
619682
702536
356301
659038
999930
652067
550178
419930
269103
864753
940914
824432
755034
774179
271539
492109
712568
984431
498669
716017
650063
78196
680667
859026
221556
427924
527041
491476
657739
325972
830997
807046
872995
601552
748712
806425
817425
240073
533299
222536
936881
227742
825455
939294
62997
440055
501931
957488
217215
355831
658002
710972
793629
451204
870378
277709
50600
843987
651215
461300
458676
937662
368260
740560
350366
270005
770806
92724
111729
940297
972804
446387
663050
15970
40771
257061
691306
201592
920433
660046
459395
284683
973288
861078
782768
118434
883942
114954
265777
358448
589692
945552
505
894290
17298
53127
547293
886694
79123
531669
763189
134643
213554
780125
818239
764325
453905
600166
860027
969013
240966
899050
625063
586143
837397
484689
798800
927737
822269
130447
922445
316522
370255
362684
798828
854922
691634
450108
633205
959392
672261
851622
116734
884549
213996
462677
929364
736733
939874
606620
926516
168692
401841
319706
596474
348484
661391
768753
64472
240731
48960
788734
979548
954366
914281
370319
341977
403173
604240
218401
290549
40934
861475
997248
808597
166602
144468
978793
599262
704543
521905
923589
722827
977202
889357
418587
166883
345252
139459
475844
75712
231435
32264
899460
315956
46471
622182
650106
199263
301240
167177
438109
341655
526307
8090
533785
546529
779078
492740
723367
188913
685682
200870
531648
126330
987948
494878
55996
234663
938491
601055
510379
329022
610243
630538
359353
167535
345783
986199
971626
67230
502897
790448
412472
391405
639429
705274
458326
898291
140865
255443
13370
628811
257041
401922
523575
548887
243712
8921
841942
815065
563288
37082
449055
42156
637852
754197
416048
754391
460051
928766
236995
202399
753079
587726
754623
224693
515961
181349
770550
828712
288468
257211
740805
993414
13048
658547
316555
525680
380599
801044
775308
159938
768197
249572
7234
847068
93414
237849
395837
204173
64162
740016
981411
22498
172046
207308
963104
111178
952162
870624
691319
386895
195831
360947
334701
922972
391037
2442
913556
422828
576011
18054
9409
326462
130915
29618
754483
508587
355871
929318
564305
391354
494983
463176
36325
315441
90133
13646
508429
591468
547439
485372
660031
278289
735403
579290
638821
58576
853945
310504
72777
736792
826790
989059
327482
673734
128815
120833
850769
681544
373089
676743
662474
397014
282380
467750
466031
96738
473902
869813
184243
417836
759004
362165
775959
541556
182925
693465
255531
768383
334169
157749
647112
470386
624392
338257
397048
786086
125501
496355
205938
592840
551042
297458
748255
810600
266361
996926
754867
96949
696351
617337
545631
288261
909464
850979
507467
308051
361823
747009
539407
915808
217719
765212
612100
300713
222212
717824
13143
196853
623827
13853
972903
829005
528030
9824
836016
453207
168372
564020
179313
794790
151980
377668
701270
903913
610568
582266
296440
22894
927774
402861
393108
157248
132053
962410
696207
128545
504867
476085
34782
795481
10037
91313
13147
227491
312356
924360
810864
601472
76715
142419
153354
606903
680882
863724
895413
637343
430329
442357
80685
564335
14646
375825
395986
229984
131103
9946
411732
387304
41951
978240
117257
480626
79478
246562
943115
766551
454431
815000
537852
685118
61555
516406
491795
97370
434001
531401
257398
330666
978507
889214
188358
535789
307378
131178
109364
55889
911810
990001
396344
111300
193243
744980
155871
343072
715010
183976
929060
454220
802720
589476
790498
788700
430106
537405
276634
276894
857921
945828
744495
578073
993961
27640
203071
640386
266516
683071
441911
196019
112481
776427
47137
598196
520687
213502
748681
179963
644203
122807
206924
14311
164265
876610
958161
281853
997390
375304
574399
483187
888320
171666
528904
962708
309256
29388
162794
685286
484811
704478
936844
428703
202093
394841
885197
833559
171804
815424
845632
33618
514344
562124
225659
559029
999815
883216
400406
759046
193247
827437
780675
480524
796559
369932
464631
935300
644690
280283
125589
618603
669992
71999
263913
856763
866946
462592
147887
348306
925034
721893
92897
422485
463259
587951
253641
714208
81579
471495
855743
35702
435010
163652
449207
792211
911503
191386
706605
555250
584645
80832
426155
465805
853192
23014
213163
947630
514752
310065
235323
582431
862924
526930
597100
729228
705688
208929
466617
244297
196038
340983
635049
667590
841434
156491
885721
462021
453854
140066
777073
200598
710498
221266
363402
644423
775858
187282
861278
949521
37881
573827
699251
690477
572367
58444
651443
320383
986436
861215
237571
25287
248475
372940
327491
398419
903435
653260
550774
214004
782956
143178
624658
907254
10297
446653
214955
852788
166346
337725
93181
64931
265848
280435
536517
173038
247791
493111
223411
941271
278857
297150
656267
361330
532132
555387
284982
768599
760547
320262
220718
534100
553836
688034
979170
181817
421118
982049
666785
753952
276405
471484
176142
569627
31389
347647
485966
237249
517098
821883
323371
661884
485760
570977
372142
318575
916991
490799
362579
944350
623456
119419
446269
349407
124648
772321
190975
963698
133163
603593
718274
159435
191817
223550
260391
891323
159139
6187
220344
730437
753353
68277
959564
503246
667261
392250
445269
215059
666610
388736
502907
825680
183324
42332
735647
382060
516985
356740
903445
179653
79589
981631
162525
549511
431981
978439
428594
482538
182338
360320
318157
589333
543889
793346
73049
323400
427384
852185
720098
597209
795517
251759
1167
180491
301579
424612
106793
800456
545726
399419
6871
801702
276079
195281
612577
392377
2620
451680
754625
379531
162730
591597
731771
429845
474225
884636
384927
131764
18663
898839
112117
951024
247983
938760
594822
151470
134354
15193
106782
196301
383669
554981
143613
920324
13180
443350
951061
427846
443737
469371
410758
257706
841750
516506
190383
169029
287712
667015
563635
94509
428345
447376
60342
838957
341889
19395
612218
373881
132282
878097
988373
233251
828217
92978
393308
792681
714893
290663
661350
905618
564922
979745
353861
865287
840310
45052
717154
949149
425484
346924
730137
444814
51233
887904
129078
991744
231347
955309
135376
49400
278723
693737
505457
71499
212374
656354
35952
920605
891513
822176
821180
916233
282530
180324
417149
935195
375702
866887
952474
546761
768022
567729
184916
165137
787518
986952
3437
31893
690383
431927
853635
197139
579910
451580
623232
990632
235766
814712
596711
709466
464963
165958
66799
70084
683263
976247
466181
21409
861533
242567
778358
495629
941320
354990
900630
183540
906407
735865
968497
881993
140505
474797
622945
78146
758228
865490
915212
626208
612684
795782
589777
333205
95878
154315
119208
452274
229387
151963
275287
7636
868702
305563
73041
61979
374317
760839
873686
114623
628402
955276
112845
858496
284611
887282
967019
173244
874429
838161
735821
427467
777462
869653
816834
308867
369247
738160
815528
899474
93792
252053
257751
545934
42629
726015
996399
978386
127216
701571
460459
149912
722104
213154
220199
176725
708707
977365
692973
667659
772974
342602
586131
358190
171322
127682
307178
172274
166363
942565
808477
588844
29938
527677
514676
448664
196259
119106
753348
72875
425092
930904
534046
975480
328982
651528
789735
352321
211061
806912
547330
716664
162796
624703
965678
974417
839420
155440
56063
239293
858529
119591
623710
491110
789682
847993
143684
428489
115785
912271
460954
575992
582257
389039
866146
115486
418942
113599
979100
718520
926089
511745
662368
367913
335604
11489
817743
748828
639031
964363
467125
104044
39178
820850
349843
890933
289215
683559
6988
3760
130079
956951
503226
412253
158033
926764
808150
371533
219309
417677
815556
321373
804830
610574
933315
968809
977380
853779
990776
761775
405288
950744
178218
224397
346882
30398
942704
429204
48328
54709
945978
41503
94540
188150
908857
522950
713460
662853
612446
278779
962777
809438
317578
546554
605118
970673
559092
800268
86105
205457
141966
315033
505917
269037
702676
400939
676320
266621
387099
378537
122864
652202
348854
644451
277537
42700
895819
266211
870946
581629
765921
516443
862863
982177
809634
725714
641422
371700
206054
471999
866584
835421
749311
7269
466703
739407
931545
514876
359971
760850
826480
708059
105681
671416
315761
442477
49888
949501
724932
990343
430148
530170
707535
132911
786389
812110
910029
955997
706332
485930
954824
491911
149972
445626
485558
564960
778183
708544
437038
361580
960247
552962
192538
622164
717616
955945
262788
645172
35525
462130
766940
727758
108756
918228
468880
546565
223013
751669
69079
748863
394162
