888335
984696
115537
700511
630946
403686
641781
610995
388680
698069
808463
60337
530137
654444
587827
617347
245382
189357
69523
578840
243200
48658
557509
505587
240268
626243
845053
196522
242641
451490
42226
610276
979730
914069
498422
399476
144230
705245
296866
805311
381638
270606
766087
301678
446935
261147
20518
495147
530910
827921
681045
379158
893807
185067
469062
939659
4115
69385
998042
467201
42587
887459
505581
742759
165302
974610
997915
554953
365331
747934
613195
430142
59128
379999
582519
271864
243668
187631
547574
692633
621769
494086
150986
284683
278121
149017
985723
520365
906752
434384
500229
10498
431788
900161
680087
56235
357418
132216
735944
224070
708149
460511
47794
282821
769137
26829
871783
756061
611525
250967
741842
423322
563296
924475
842560
328868
468375
439459
471795
367427
898293
522230
109177
395813
790108
221742
263328
859131
273863
913217
327206
943183
198884
955888
275467
356799
775292
601250
692926
588138
794337
298711
70318
584175
649219
60608
858990
342071
316475
933683
777584
106532
451226
800280
745973
556099
498140
839416
189185
490783
695780
420626
797296
353036
675553
730891
656997
933198
392918
9894
143829
657026
154328
131716
241083
978050
665303
983196
197565
566342
853770
351178
723329
226422
911034
792550
594202
143463
876626
779303
216194
928745
113846
491821
631342
642640
706714
60883
840824
744736
699090
911225
937690
559661
586997
754890
661036
671956
430981
362171
669005
378714
683095
829336
630874
358384
695630
517785
53530
187443
861372
205056
888685
116738
808034
696726
559270
542106
408344
867351
797918
155487
574890
386130
651859
760373
851798
103660
145219
298645
912917
815902
913507
751845
933411
545000
376340
87368
756663
391529
925906
281135
547794
594136
16231
460701
74838
150542
403374
250869
847706
616391
710086
302065
431134
101048
536112
679542
128491
837398
528798
847949
283640
967296
80290
438767
887035
969641
281148
249583
360340
996270
816890
868623
215421
42594
414679
876282
504892
987752
403342
299930
957739
458826
758991
4038
245806
723069
205408
341831
955972
449515
372323
445027
314968
126659
625365
749871
990671
868925
187951
411504
441970
26773
2492
555206
929944
552282
808359
982201
577307
370163
810066
463914
432201
412934
190903
729728
690366
735872
224352
209782
542209
386213
692563
709836
184912
653845
267135
537883
573307
103768
445012
628914
880923
795232
574178
654431
592380
505823
833487
734570
33335
858089
199864
773199
146783
358687
891059
166932
46871
741065
475973
160984
614825
321546
455676
247970
375664
774842
553438
982935
467245
919261
891481
910155
407935
905034
202084
962523
217414
493125
556532
805282
259302
550580
782600
483034
413288
799984
290529
306208
370166
978894
655928
677332
476079
28904
206382
30098
950943
783095
313029
865743
95069
572044
402380
456306
531476
146932
546837
484041
630011
950750
996929
289319
275495
640419
638458
682561
756449
839558
392520
290312
285314
680819
688930
700131
325792
269138
940544
216301
633937
449242
880676
78227
124183
171097
643656
538325
469546
721426
234270
676921
581814
618526
857562
916272
335767
132499
334282
425884
932353
739559
382808
17860
943613
548655
181569
552561
78028
412061
692988
682888
488481
703569
482045
695238
256305
359203
24330
372701
258830
204767
640858
916064
101663
5691
653472
280191
709870
706709
109353
843856
682904
89853
328647
166227
51058
140675
98697
332916
247437
120124
904680
567759
631484
719967
800264
931611
903199
206693
19964
542531
278076
497784
70726
495321
565356
477619
748184
74517
551697
268850
219137
310594
584191
777502
685237
896727
536948
141230
644313
671059
792083
493958
920633
731599
106905
315616
489457
924367
675088
782263
618474
165813
276088
883586
103733
182632
207350
361362
451448
366688
43676
708869
291282
394047
108744
316570
486529
70317
330681
120868
614936
874087
413249
872952
403333
828393
824497
788031
207408
854333
2482
704119
273216
160304
459912
762374
340631
433025
795573
636361
579911
925375
372699
51238
559832
293448
247720
108029
717718
501974
283882
255853
701843
263459
361021
954836
570674
731405
539926
55814
215827
202344
762810
94450
218179
870802
497515
968908
333913
851076
417190
475465
735268
123987
206002
969736
633253
727191
953363
291239
963037
904983
634160
742058
847196
803975
210970
685898
179314
477998
669468
45772
292434
381545
863282
922955
704480
707918
818841
2326
469102
476762
478679
519396
103766
644994
760422
343325
400463
648918
713852
409279
43170
938381
901349
326731
421590
308503
19290
917754
595002
585185
152575
224719
168397
504115
359559
15305
778063
820233
845657
819750
770862
598092
504592
58589
230337
274448
634954
856807
812408
253649
575276
462422
283351
278172
234985
683082
982828
350619
437087
926841
292629
670266
195314
50539
73540
792378
929645
639286
240040
286672
276968
844742
985726
290627
691941
286430
292827
296745
150792
976732
755527
517093
274985
461255
437567
644596
186611
729625
42207
111311
401804
308474
46302
932521
799111
310292
91808
263457
588727
719360
934638
30104
511350
537770
277495
553350
463961
991993
216708
840698
366058
439690
935342
146126
202472
949868
598240
37441
468136
932966
815849
158178
467462
184799
173459
822471
193633
343587
571161
787023
509359
82611
377808
130415
463949
397518
795943
728702
286152
849610
114471
531065
910936
347398
734117
914638
387274
962351
415951
391526
119323
110750
502010
859420
228134
948252
312195
229571
940813
300108
48755
194920
81058
171349
901906
439635
973413
174009
751521
507789
148029
154677
556413
275256
708518
915650
811642
577752
114227
959704
777901
727380
304104
490683
460180
141759
596794
728194
177841
861430
716713
925182
684038
853323
164676
601992
596584
242592
266278
419511
432219
891386
384693
438576
323573
172967
214635
398083
821131
536095
784821
81287
227372
216587
37115
126918
727459
394966
312873
420388
800812
653193
495773
390794
369590
816614
602897
775427
32869
103706
288830
115868
379391
146603
179788
36263
977521
118645
406050
266722
261996
550570
87047
277349
839004
32138
218226
123770
590185
729873
47801
275040
870773
416695
870281
718217
777690
508920
802772
587036
632355
112210
77470
112006
110349
538382
875953
723742
9021
545525
281537
117145
5230
479295
719290
65399
325588
611311
19606
667373
47738
814548
307090
370372
551340
157760
307696
829876
947655
350917
924459
949772
995348
511072
831902
153438
584733
622718
623777
389288
216389
296788
92143
494093
131109
372136
387286
642901
756018
573396
402902
890342
983505
643010
443027
268282
821923
559813
629736
652476
555291
816951
669228
106182
486916
339765
769513
258103
446638
31606
763002
399378
914056
505689
705769
66791
52612
491436
579078
286546
902516
996100
517324
223253
359993
676049
662440
415717
947794
522546
270960
180705
25336
249621
661495
220074
113911
830167
543362
917867
999994
84779
44851
233988
651159
691145
954873
421175
998582
48956
334885
371018
202687
872174
899011
854414
592526
824662
744071
873817
43332
665977
506525
80648
703362
988132
885111
60465
82888
549187
724680
84375
913773
254164
449547
935749
524105
629256
115696
578161
295598
672551
963999
57864
529939
896913
318382
689634
712159
476870
738345
210441
344280
7096
3181
44350
27105
301052
900933
572435
63210
539884
264755
152444
902278
379349
137047
358895
487545
981396
464103
270339
793166
532839
483770
97934
693206
988880
768536
979060
352106
371545
64212
132166
773034
627343
349688
499127
974984
149592
849542
36042
264506
333463
118634
31168
465034
765368
175547
693027
925024
785355
764995
58183
724356
22266
202875
278562
109420
333997
708433
775131
141854
859920
298222
636823
101893
285203
825478
81898
746563
95499
437694
472846
378338
846068
20356
295871
603357
328281
410095
54661
227220
689817
249566
205095
682161
314992
803826
601682
976247
351080
598235
731636
648324
768351
816095
504936
703040
35563
106294
956438
228591
902380
433469
269454
261175
479792
530532
286400
533342
574667
779235
693372
552571
972733
590542
639558
522146
966710
93141
933750
919812
219159
773635
297064
347768
603298
601945
952569
591847
134841
247827
202872
180499
583446
351379
355574
551811
648608
796148
472340
873176
599450
991702
202929
975192
696102
292587
707844
530790
877690
555960
126462
268778
444489
629786
544380
596749
172352
957894
372967
617634
362022
294308
873697
101124
336914
907209
703701
274220
687039
300329
714542
308245
82160
152329
792197
128780
916117
849985
13816
206197
565720
814108
442111
160764
577952
84589
915491
105454
636821
401271
370140
709614
782714
924559
764966
470490
659226
449247
493814
392757
508280
32703
322584
462950
399316
872304
265038
230347
890953
737016
110851
886112
394107
244621
690718
787065
842070
305415
215936
313242
398469
362299
833661
221711
631624
734502
401341
39959
468447
625653
970945
726200
261041
562996
807116
799565
354447
607373
398579
60139
920107
931328
652844
591559
395303
49337
312225
44266
2573
344921
359865
75751
280904
67427
952557
518908
741743
731046
592652
948083
484656
720189
444695
532139
17955
423113
687455
740311
386314
801687
635911
971958
252387
789583
594291
49295
180572
779625
194847
184009
590404
724254
354160
400735
428656
162318
408532
597259
355679
462272
36962
944149
491291
460656
6213
252511
406466
742934
198082
486361
868518
235396
461522
574744
812862
412749
893405
840452
175692
904191
384676
983660
99424
331756
676408
764925
36644
551575
303452
67597
654039
935584
74238
343302
192269
577221
815897
366280
40711
952027
187353
920186
575457
167272
215718
45976
713862
380672
379496
197084
617482
368146
273338
798884
672272
501245
362695
678351
798522
534584
848995
707768
171717
24629
414367
138552
702943
664940
972714
267084
741244
678913
180936
738938
158631
817324
822890
741000
536607
447182
214820
465622
675847
951787
135506
289316
58843
248603
215382
997348
520703
157754
634832
631958
301100
216972
765940
853695
618338
850541
218115
307100
761320
341020
291982
279999
82914
606630
757101
531562
714311
845723
524897
575580
650177
174141
546230
919833
41738
292547
30089
552398
985626
387616
473107
935444
330697
94723
469760
929439
41379
275961
588663
613668
199200
855102
149801
294549
834997
324721
728096
636112
84296
31124
973573
23030
206086
172323
522050
295351
898953
546451
209868
974366
738318
410673
42212
788449
777434
598802
541863
669631
509953
280065
700432
60363
169168
16681
452548
768307
902971
66908
38064
356790
65654
743030
743691
562606
526212
667204
193353
931264
202705
844575
317172
97021
138956
407165
717416
8677
640767
584536
717366
830247
782191
852173
303297
940758
983836
457689
5808
60769
945326
59979
644146
18887
529801
683075
314266
817907
353669
800487
234972
798182
383921
298751
594679
542298
923206
960299
531502
763403
687756
522165
41034
890425
626409
374116
160709
866660
349014
344470
321864
10771
221896
663805
438848
338441
959560
974489
510129
919129
156024
948534
334015
201882
57486
847014
584124
984188
851796
463925
362222
133423
759290
945068
143451
100037
640047
56904
179022
352576
873190
937929
692437
374337
715665
703989
497588
465464
298495
540432
633159
972294
674951
569468
345293
59306
455077
435694
830194
954801
710565
761220
228196
199591
138811
110852
789863
201887
149243
614057
862155
989713
65137
419028
384527
118986
783928
975696
781633
753302
987242
384535
130325
545442
560369
218372
107016
982635
962415
584381
212030
395181
62563
502179
314612
796056
582786
367676
685913
439358
443550
305556
930409
422760
518059
875995
458759
123681
814824
225743
932178
897880
482854
653022
764825
128986
559313
677998
970684
10641
777563
936752
876901
215236
677543
640930
57884
991985
593709
130944
1731
955382
473474
419397
40027
990207
230015
493754
478378
719173
484730
794859
198960
380500
916307
998170
933966
361131
794218
705470
678166
121549
273934
282668
586505
311435
704224
207222
395428
726304
734706
411917
751012
802063
118832
145111
526401
608082
667527
616665
542166
135646
442630
234430
510048
588512
668406
954382
386591
601862
229558
172514
386065
221817
900570
694062
247229
722709
991083
547696
633999
821228
390540
953629
72989
83286
375197
325947
709077
815780
933425
344445
372373
488879
318807
505478
675418
73584
333652
598351
689095
976885
876587
854759
113463
541276
189062
121658
409384
995823
579046
684255
540188
225867
759936
200154
85234
516491
751272
242441
847585
555939
487689
232498
950402
818180
805329
609615
597463
922620
139285
441425
302796
376781
351676
268622
403297
66468
634363
145331
777231
456381
616355
269218
991312
506381
521679
674754
331414
462353
238960
466083
185876
16963
41742
211165
216760
158117
182268
766351
368277
153837
674078
237244
85759
518133
227199
799632
241365
828867
832980
331349
304547
697487
241313
727940
628117
237727
546323
964777
964616
874443
224567
880876
8215
192467
404134
368124
634204
674180
429993
648954
380909
538367
882360
690173
601375
308145
288948
835391
937007
995314
738120
470188
536443
196139
916074
730008
105762
24460
609835
856903
151756
455866
593347
103667
174783
929273
618282
142240
409292
38270
879203
236018
552899
99698
197569
125240
200971
287515
373083
619958
603754
628108
43350
883160
38181
618441
777749
508493
105866
464912
18030
119002
469961
671173
666857
296308
230280
381243
869203
978460
71890
293505
47359
312893
393026
32819
443509
743496
893400
413370
822008
794298
53460
835952
238458
190488
691011
445869
381811
175492
10941
398665
344879
958583
503520
961669
679574
545754
298950
737461
698913
730207
414815
29435
276900
426473
329394
906549
39727
544096
915854
882692
570969
309959
342376
283657
418934
285876
921771
343223
520970
780743
774734
291552
239714
628280
59402
896681
980874
247952
370833
837646
659579
243194
959572
148422
157771
78232
518941
649416
229165
858993
796233
476091
202294
548027
648068
884976
400470
612595
336411
721090
974315
374580
788934
70773
142748
109331
587452
547632
553679
228181
932609
236359
614803
55203
128422
140691
932654
796429
818545
528226
335065
612351
723882
758612
949187
910612
173849
366028
666286
761928
452502
920617
361616
111870
248320
419721
632573
81954
1783
926429
20579
167722
491361
45992
79922
475896
187668
688322
469542
419888
726986
86904
411321
645142
157632
819497
320968
544288
430408
310492
159462
47874
554696
384213
15494
213656
528496
758042
113685
550874
753788
882233
338712
751575
546547
355246
82145
225676
661895
42737
742706
224379
407369
929261
951310
319664
102726
954051
17502
862270
724835
437001
739488
718066
610809
317143
165338
140436
588115
982004
738311
909274
628654
633514
555261
352626
211099
753832
810291
23718
420603
948393
239680
14799
30039
452989
368234
71072
545691
561484
551082
752154
194050
84967
129068
61722
781200
657905
95724
667588
472169
600537
651927
864370
130275
540036
945993
931601
176987
311065
327195
368963
184877
765858
491518
735353
87349
612755
157155
871985
899417
758685
42699
732242
408716
443735
552817
871384
104770
67566
527764
519167
213757
423434
453151
746842
49102
611027
822895
782582
109073
282354
72734
877062
645315
924869
790724
277984
539422
447636
303319
556291
992305
967836
364522
775639
109223
533368
1260
201273
290258
770591
297429
806818
33789
565952
657985
461958
61925
159284
194265
105993
41744
815190
59695
303135
264592
60209
571156
527263
206652
383222
667452
115082
749687
330007
933793
157379
686118
431877
243061
814874
668634
313473
796877
105355
544586
73299
792284
112329
349265
819023
983732
877272
435426
815005
536915
639867
792577
227409
161041
728418
207722
986410
793396
687589
283895
747464
462927
330639
680986
268108
899358
947097
772183
719966
876513
883143
467391
927137
84404
216422
105189
655983
473735
138666
702843
668238
191917
341765
456815
500739
202538
967677
459577
455129
702859
263836
958211
360329
169875
95224
47472
734527
430477
290180
658625
519394
567612
734977
431003
146624
327852
690263
148124
16537
433926
628339
825213
652632
930445
540250
741875
529854
846872
360308
712098
895396
255270
475909
449015
347822
771522
136645
551402
699321
160295
383256
438522
518094
367987
844565
192829
387186
643124
600961
543521
595144
731953
288435
529496
385727
284463
620487
149891
885565
391208
313003
264656
765870
457942
897977
681286
328700
693613
123390
858623
53986
434360
678899
920600
942404
9077
698511
86931
930060
322102
43517
682186
424199
771056
924839
966688
135370
376159
192962
319895
355314
820492
859786
226240
570269
126335
839304
947343
984812
208281
84471
988763
691431
590061
457839
602097
7879
968807
301375
455391
190707
41172
518931
579719
4802
668498
141272
567767
806756
609063
485805
113195
775308
690221
960885
465935
44682
255630
61136
10092
357836
771789
549385
120477
482354
963027
850001
519466
882596
135086
86431
818865
547306
928454
653840
939547
71663
364805
703854
345442
992757
848484
812561
610428
537839
265466
590807
228968
820685
959359
671104
239652
868930
782636
9434
402926
633622
966911
509150
327146
488578
860208
295305
385370
544426
841019
954560
959562
123832
274752
865018
990844
320174
221881
263934
923722
4345
870995
93547
197874
304060
193459
263420
302212
288805
237849
403167
125657
737860
451831
925535
970054
642256
440773
137777
157628
27706
434490
546808
677996
199942
434676
519586
976476
49188
339876
744913
873098
990769
843948
794170
809596
706317
318666
580629
388972
259231
931277
548982
753550
841641
721313
84748
814794
381699
412740
199689
182811
196296
369463
963099
960202
53210
773365
421161
784034
638839
792816
148638
763995
643505
936453
420823
435996
633157
211953
9686
913811
881590
591943
832590
650201
113067
360486
854435
764425
986606
536505
635922
621218
701811
525359
946814
942856
628552
788179
57165
832426
716851
801083
793859
575587
444046
892640
410708
941366
403290
407636
43752
704749
73663
391189
230398
348205
189074
657022
22237
857135
110700
662940
663514
380010
466985
308938
820035
281596
350678
925275
781760
224210
574389
74425
652887
731881
611014
825880
702690
918983
23470
445845
799175
920586
222764
599872
867354
272716
3904
469534
6089
459764
623700
611730
759299
338650
143045
624076
880428
119284
312901
145088
391676
423315
886708
401169
871888
191199
500346
561302
390967
705934
322942
406909
949240
27712
190231
73737
524780
605952
937213
89366
41394
960216
609056
292379
581877
224938
879535
974417
827444
300823
968421
447027
904685
337257
109453
810759
302502
616282
13516
263573
192138
394729
412253
461801
819515
752054
248688
812028
403721
340472
567727
60519
653368
30942
69413
594719
958824
823805
350909
117753
266814
411597
214573
562738
634302
256432
224152
59915
877947
949775
743397
638824
397805
130114
489337
842882
594453
376632
841912
736519
150778
200239
547326
958482
447516
176458
410595
148155
671469
878686
718254
783285
105507
276831
187859
477076
194753
240956
311338
376289
680879
178608
755009
273869
790969
603214
631078
913551
514186
961046
690862
46848
616808
545619
538474
257832
669812
630801
340302
578323
918283
661411
768456
452976
295160
666178
25249
903470
48580
771871
706763
364886
757748
59758
536641
522242
683547
143715
836317
659109
55572
492224
125873
67278
171104
186565
261485
844189
730287
366514
956747
835892
81310
857489
285322
257719
408382
547883
390875
165882
105952
796184
272001
292740
255477
14350
676207
505023
292750
745560
24258
605031
155984
717619
25108
988101
98815
66774
777877
686861
33284
193291
962344
39770
289291
625508
496279
80094
860193
909766
115961
575835
130902
283922
2349
794786
332985
887370
800322
760840
336389
953181
899484
481489
665874
247467
642325
472884
233813
702086
173555
241052
525273
278683
143070
227402
600533
461841
482608
255911
531653
689747
66919
549108
546956
326295
325030
282000
169608
922984
826108
943966
718767
790656
764949
916837
968618
626971
344374
940521
916699
66001
286830
772857
600874
85089
623370
522997
922841
470839
120918
79788
759823
23238
221236
677262
921920
585767
764368
770301
294294
577558
82442
69918
719059
112126
451635
512326
342191
966086
862732
450971
203553
297619
945698
371886
11749
344969
961850
862738
407723
208520
869429
323290
705100
553468
498286
706295
195865
838045
641586
138335
670234
384639
48487
879390
260586
244713
368807
475705
785673
700499
289333
389102
422268
828427
572982
574383
435659
177993
966962
892084
623429
329022
462269
25579
463636
31544
418651
399747
138319
341991
78597
4116
369888
688292
544457
449119
193559
282564
80958
115729
52182
269713
459622
81183
604200
741418
932808
497126
284506
529477
289335
500710
966187
534573
750211
606768
281592
193483
971290
808629
790376
74499
248848
19030
533674
483375
176057
191427
557969
917380
303561
46507
159411
54863
133985
291436
451138
581582
888309
172308
946359
558300
39067
146557
338835
722801
447558
724532
351154
603418
595529
215059
386092
502029
579749
735802
559585
521183
248085
759411
996793
406482
428850
570780
765425
62624
431753
810456
683967
252320
663339
543868
753596
429834
833388
574935
628882
822131
416704
652289
412357
696278
788409
979480
606695
425037
466763
91563
963915
367885
37508
887363
439161
74528
945104
515633
824914
352317
49986
651944
465249
640558
231985
64797
842311
114139
681196
144631
704326
642987
9515
836304
559010
489434
1994
636922
759396
179829
581339
910130
75785
590867
498272
852248
154640
290344
738196
185112
999275
308439
9712
179904
392578
634509
823630
630295
485421
743429
863656
784989
819026
649969
799251
130736
939352
608169
339832
37280
378202
396873
334044
259308
542717
51486
730208
816970
215001
845500
826214
698252
609793
679715
799420
572291
502315
80469
252409
216797
115409
170750
76993
584679
502562
635649
616688
817172
4839
445379
901683
16122
871555
5545
688855
793470
175103
538893
289416
988795
817530
750693
500915
513909
941874
931567
634433
590817
130174
63435
369159
721227
219986
879988
58545
698479
905922
944852
482307
961693
231301
239835
732286
407703
172092
496086
654970
651657
490545
410402
855253
118782
256521
225008
914393
114952
519317
131110
314655
935029
212320
788991
228872
330980
214644
479663
859271
10098
893481
881486
573334
289671
379663
351672
152803
540070
251441
685269
131157
950081
381505
429106
819975
25320
225453
72827
671316
181601
391769
358965
674014
321430
905830
201503
260737
359741
448474
528783
509345
995792
985060
244450
777732
869219
823514
181860
318487
309736
778922
261322
490746
787863
172652
904527
708709
107045
366920
917676
495038
804165
626579
992568
807557
84148
629251
642427
272324
808180
20871
898272
328015
355917
683009
583426
734966
741227
647178
338290
36406
299383
513018
828693
555359
913415
567128
730532
986230
484284
527159
319005
592116
707769
405587
172293
139222
441461
286645
397381
514528
415117
735904
205363
15491
919245
165538
225445
461651
793259
239196
596391
595673
214823
406122
418762
287362
802303
234092
995471
380473
14612
442398
743432
893875
873672
859879
27030
90125
486311
457992
189579
697955
889464
585453
890675
58002
424543
769599
248766
560243
364473
560620
776808
374081
856151
429169
581351
488706
780554
300770
452578
870884
304394
673075
996129
428804
448921
965824
690408
439846
737346
363979
786519
648756
816987
707464
453961
964028
473187
100018
76836
128504
989646
784507
839964
576433
760054
853991
912681
919119
66078
62216
979082
680443
129951
516921
501647
86173
603051
713722
317037
41640
936883
806344
880133
348339
588494
6499
912184
828277
390547
544253
346458
334016
719757
327328
719591
911907
142948
505617
967627
923643
481912
361387
73240
857980
209476
577019
408450
741188
6331
700658
262008
693
328904
537006
258560
669950
12409
743996
647023
530551
590936
136815
909951
65311
13738
697908
882291
487913
341376
413123
706814
954997
9392
46191
114745
906712
637230
261974
831613
237683
722725
101637
283136
403790
574173
234596
520979
927437
804678
975625
515807
975244
264333
76492
823898
759302
369467
184130
658047
173356
852126
998692
253843
599885
242748
586456
371450
784035
104289
376458
305920
867004
70920
998172
490369
452537
498568
933030
532114
195331
197276
153614
675361
160662
60516
307367
327785
300961
239671
677915
233486
63449
802888
215778
974991
671906
147009
165065
707976
512397
255704
815235
80180
449337
518990
63431
826705
257431
857705
357202
259584
177821
661740
446194
426434
912177
932599
142376
176765
26678
105696
546868
122446
914161
374386
788659
453655
485592
975788
43929
725117
607152
713150
474486
382637
996717
675631
730138
917691
364499
401283
864199
512834
328183
165279
991111
945320
823471
723949
57279
37772
577354
363174
592389
551934
236646
905520
938654
720511
438391
921053
956230
138592
311825
149492
234128
472872
313748
274843
666585
117928
815212
629637
412893
161802
963064
746793
868974
565328
138931
913302
280945
993598
785334
920699
119707
526644
930594
561987
516659
874071
714870
640072
596708
230886
247112
425024
471527
72526
118866
379415
95934
688092
79238
186784
699677
331765
978986
510070
33605
604811
415441
4487
684453
914349
188179
90838
306607
474034
604423
253525
247583
683214
958688
700494
394254
530009
42712
104146
510604
433467
178091
552374
504373
785552
361485
974450
17677
311198
555930
503004
579906
487254
634054
195107
896985
976920
728838
852488
693230
173600
153500
44485
773710
172201
764220
131523
891330
365882
10518
80879
933911
404343
807248
532848
346333
12858
771898
283709
592285
595027
837029
698725
113431
478889
194201
856301
998693
87630
787489
189656
447858
834137
862053
389895
749815
224576
794071
80150
356010
654565
630396
329456
212929
262869
763878
526846
585998
127337
348638
870231
836778
202692
370056
291185
477683
529900
88010
211468
527542
401769
929494
433885
255928
36452
418298
897258
106656
113457
580708
664461
186599
999422
806557
372645
668943
434774
342751
97571
821779
916206
303159
267425
161612
479495
674436
884904
764724
469329
931649
196564
849656
802839
339386
912098
204711
489249
294405
379801
869533
141831
220371
593546
703017
693368
973491
359901
229073
392067
131085
498768
885733
568356
379220
66151
338027
121649
894754
566165
963256
397404
707102
102897
583954
273296
581730
277431
865110
701593
706328
148613
614541
56212
423433
224995
551680
52001
678941
292393
25758
113537
361521
408495
283200
111930
162851
788836
747556
589033
336463
113137
752504
162519
124221
578791
921668
218135
740554
203171
506511
351343
463042
200806
383690
40581
529293
429923
629856
244606
426944
966076
138738
259453
785384
109473
838085
835207
981627
179628
979743
411869
153189
741754
963544
39888
398319
218925
749282
700018
207469
339360
71388
369323
215569
908568
640305
587089
624726
950218
37834
342977
353022
854098
777026
179171
705844
875497
469355
849540
980938
988263
796770
671828
728697
584001
501151
243419
143755
426535
151210
570025
521473
745718
337223
222912
672112
138726
818867
984917
898138
570434
811635
985701
566763
561179
347753
874867
911039
477924
450981
337888
204943
256498
147903
249315
560412
885163
918014
813020
790138
449498
708362
463593
197288
102873
447740
715865
450390
670023
202128
581568
910515
264047
311009
161837
301480
822495
661373
999177
438527
64565
473077
975431
304397
449069
840774
175410
672150
663758
800479
373702
87807
837565
730275
336377
164979
449032
18507
807844
378443
702334
625697
510356
152729
896548
447489
254396
414227
88426
42735
998809
525745
180803
761410
271838
499876
784948
438117
797530
861275
260958
425227
771676
631999
648703
563530
162103
600253
248508
755047
515910
740157
485606
292732
882420
74632
836211
848720
251292
216070
243131
510712
781514
763141
632422
732853
805606
141944
73704
914057
449449
931369
345719
874115
470243
586602
56853
727962
112899
87607
430626
173093
647498
565202
207646
823164
503656
442320
274571
818264
91124
95781
380570
500169
511301
538967
570689
51875
650224
12865
283255
105083
19109
364990
805598
204986
124533
251089
552924
282978
557564
283665
647021
705276
686697
860549
977223
481025
328468
202268
189477
937127
611066
575504
515583
554428
858971
463617
516544
556977
716328
203907
242383
221892
758015
628350
684437
714050
989548
601547
122065
911508
798581
117281
29915
60085
493744
489667
680116
897687
815975
621207
296742
41214
728040
648177
903947
87897
665391
880441
86955
295688
275412
880158
149785
636495
336953
262903
489061
92491
551124
905098
697365
738641
384156
23945
837506
78297
20336
958533
116545
565586
565315
444887
533128
767223
618308
540304
110127
286875
492545
645192
567751
131649
168798
968254
912445
38858
841932
688825
912601
122708
641957
660321
217447
763623
523207
748900
295251
494691
543960
698546
823510
965899
837241
863922
667007
840144
350333
751544
485801
272075
441278
92774
967605
418239
37108
582778
475567
35492
223350
178129
882680
129267
547463
478020
665559
843759
20296
827730
472060
229634
68826
322619
517508
353967
630462
442142
219507
770112
166885
430837
788083
445363
798098
600873
259483
385760
892946
869742
242010
586570
890782
52987
855060
706233
155894
536693
819233
988480
271545
489421
182205
80595
656503
520810
849071
274219
423412
306740
174174
869106
370180
292652
375426
571523
709286
105800
990356
626893
249194
516936
595189
355692
149917
402364
745111
242909
802819
153440
754036
89381
228627
932677
909649
505215
88082
762571
622117
831429
139646
81481
838603
493419
535303
353909
847025
947845
616980
781615
69070
916563
537043
631800
891216
333906
897316
591594
967511
768545
415513
997566
950649
466597
649624
900550
34853
626013
64363
368803
596037
920017
981453
173444
346728
466916
63667
596131
170566
714958
389838
604875
978144
782384
54379
786097
520669
493065
182436
212424
846669
163389
802202
551736
7908
397750
535439
461420
802003
339775
74474
733268
946313
527686
837078
922271
181619
576931
240703
806844
234506
346490
666495
209280
122962
98180
503202
881631
643834
62435
891232
915847
98427
905474
543317
661294
890444
20880
615150
855872
871824
926344
890086
36464
720211
834620
794797
668879
389346
556902
247007
549546
847837
20805
620254
661697
913227
589343
28101
570739
640510
626642
452782
577461
138064
698615
127275
926260
359409
283323
542198
870736
224395
695190
217182
413838
30339
713966
587606
170218
835801
878583
434869
240767
57311
668054
781359
905494
10239
587967
844281
883460
540237
422016
721158
299975
558927
788021
79577
34307
800802
660397
306180
154423
476933
604572
475400
995653
112598
922202
521153
234734
893741
589715
626132
705927
419512
637237
586814
103114
518202
3062
560355
540571
828756
592096
502713
61991
929604
591972
799678
166394
97004
259533
321540
1040
413024
445780
485558
977165
779458
791744
387737
38626
110087
914341
661900
791401
948386
450044
686317
386855
98564
675522
632393
440188
895796
518518
505703
752777
872995
209510
32136
714068
945713
464967
480412
404292
447203
722646
271487
742232
715370
233837
752461
962700
682715
350776
736162
286574
978154
832604
418154
615388
563274
789993
788545
560470
286994
976332
718757
949386
346064
631144
870283
673212
815258
108923
610080
414279
653716
432842
658939
881351
510933
255908
607137
729564
811298
474164
142995
557215
415219
788611
777156
601372
543463
47244
627664
502297
859403
476301
380791
990563
620220
38011
152440
153126
82362
255622
684926
806018
174005
630158
890403
60355
345582
531634
904528
869723
230536
801503
247916
522416
802846
759659
881976
744217
140729
857595
169227
664860
643166
955334
247809
696863
964003
940792
908737
83579
964226
624044
853240
121192
186580
360986
904194
80280
116956
961868
50991
908282
970315
850674
836785
536661
251642
294417
546286
648582
735438
64209
732435
899253
794247
564074
197
509322
559683
567455
162897
672856
232033
331843
983697
726648
466477
519496
643710
434278
188425
665588
280666
852698
750971
101292
494121
62805
372183
405306
391686
903633
29166
455902
793269
691635
373875
811277
362606
259278
416508
297577
152654
759437
515791
831036
101458
300534
516494
945038
875461
487911
903952
10338
438699
884378
329240
64441
949219
448629
299801
797673
812623
6169
370644
416009
379459
362496
536436
762310
511905
18343
344718
783576
648091
918579
237276
296448
335852
680930
307407
171247
562788
297662
791407
615346
375342
369220
110809
697291
647405
315916
706506
6663
762352
451594
524499
983502
925641
283375
877325
659525
139472
327140
80579
908928
540328
499256
139149
892736
584692
730114
644017
1334
391186
122353
94417
446849
97643
215013
204457
695725
366022
965105
213774
836761
280416
730144
573487
19384
963436
461726
639822
982510
314135
640580
169705
335851
33509
305192
598591
298370
653725
705583
58788
458046
611946
238315
221477
589624
461684
5274
87299
378080
14387
808879
995271
448723
550728
618467
974851
406515
597098
397666
480471
11274
277967
508486
668069
241234
847796
726844
444575
103328
66052
138049
893081
469433
659515
202970
214
863935
42037
583302
661000
56394
981836
690536
429337
84796
596566
312998
72086
951232
122767
392673
224703
418213
303914
127744
120943
296253
496806
751510
113662
221318
29508
285032
288843
849347
716705
260945
693933
425705
472310
235516
811597
781844
629358
868435
809239
869277
770399
376787
422457
71314
855207
985743
320336
594469
523693
855395
684662
855738
67784
793916
266385
377203
192791
4464
901036
722137
222148
720737
946909
678855
83824
805731
417268
378754
893565
655185
584717
196842
926439
494019
733111
561624
522746
747396
49733
440731
875949
286593
568263
232018
298477
939405
526976
447331
912811
868486
23318
722170
602669
410104
554160
67444
584155
474530
532099
723991
88921
352605
956729
430992
927390
839806
600475
55697
545501
460251
147494
662581
93716
760485
949551
483419
572604
936041
44952
161570
907796
888183
84260
594535
321603
945649
681459
450984
802861
340224
178326
817981
940009
773535
799880
131767
24718
814927
249164
870130
90003
490424
678668
14463
730564
398725
124415
772146
271851
375990
504483
556422
196732
69075
479470
343527
698536
664148
721016
452646
288870
962679
722079
810647
153155
979260
448061
90826
584411
179842
950916
615685
18346
520624
231363
409697
364852
555107
287501
152667
139818
235131
82807
370094
40784
710528
60196
261392
591418
162342
671446
68461
176358
495704
916741
422899
202266
3837
996577
249870
334620
37770
894573
502418
815614
326952
296189
741437
521425
502082
761252
887367
19799
466190
136781
760240
321138
67206
104626
512150
439538
13293
118716
695718
23304
970266
110598
388332
723924
230901
705929
625068
370063
633621
426975
739270
513843
606583
439877
626633
43518
920322
377342
760957
346503
380675
26007
382476
933412
531557
794950
840424
706535
554706
227154
269577
96414
966427
675960
262840
307642
561781
163900
77632
199763
56895
12286
350106
336553
103320
337759
764165
616613
263788
947494
986080
423568
316656
239320
333755
664384
906219
694223
129641
626278
174832
882348
37006
144291
846381
401706
620387
997572
686614
159489
648383
701927
493589
723968
720622
27114
450997
639005
409395
890395
596629
885449
5597
762844
956897
241785
171290
429773
305374
768770
741202
994412
894605
113338
702442
912335
832900
723736
398184
536132
813748
789026
203490
191002
126621
878405
931280
904532
533564
782973
856284
896420
829425
18479
4408
852210
764231
157153
819507
364701
935321
881761
376513
527708
569712
107250
418893
937766
601462
667497
540991
556318
137786
497890
609584
628064
498442
413514
410364
64892
327997
685871
592236
941297
664691
866682
11522
352662
579225
301680
646360
751357
516369
903424
103061
754016
703022
884558
620559
235233
579646
25015
798276
683716
945243
375521
577572
685756
916384
199367
540054
334469
666059
890468
426034
362633
746275
629022
763157
508581
392510
426796
311252
639275
722209
639221
701291
680863
280527
497764
656208
197188
621805
511335
617384
645484
976161
204334
184543
221509
310102
313084
147914
900175
1269
574067
650087
580713
420958
825857
174333
164125
285170
552013
98543
61530
54969
230929
410489
958130
458740
172634
449227
190537
91935
236088
210236
305033
785292
472881
771031
75027
973223
103292
65171
142211
835902
139331
918580
807496
975305
429780
290153
749882
726788
708319
352257
585527
437479
535597
538433
800685
495370
16189
544590
844050
234035
334486
102566
501391
454844
535833
362796
793068
445293
996655
172070
254125
882009
175575
672717
95117
399541
583159
628414
471271
987012
770888
188738
157020
465590
898935
98652
739614
206849
221091
909172
149569
190761
158728
325227
84793
355036
878731
735440
805768
707893
621968
689658
289798
681924
529469
437253
253465
748817
390362
78492
836748
511501
469051
783028
26520
65139
402379
449846
912939
417278
425491
332986
290475
406593
133360
853206
849666
231045
966818
841783
634872
938828
757818
443547
609160
36607
577024
164795
261901
327471
755992
905152
658304
630466
221414
875828
993303
372006
510168
33334
216634
461135
654961
531921
501240
397802
417560
182945
353971
15525
290643
735867
823338
458122
917481
221938
302858
467109
967052
401638
118824
508805
241363
226609
931283
745205
340074
721275
665452
781300
552366
640647
797502
883782
28222
513812
38476
675934
125532
317153
301057
748619
555613
18591
25742
331119
636256
801164
295722
881847
632652
176411
971441
905787
975831
726386
905310
723721
171266
271048
536170
270801
755741
6249
914091
85020
21254
63583
731275
262310
91682
611318
952483
979343
45714
207907
924427
323278
514346
268708
964954
900609
622997
551568
894427
153198
987291
433869
702069
508749
756897
942929
182639
812648
272588
446940
451673
913913
571477
61958
797817
713723
679893
308524
939889
866902
496033
435801
695012
89545
478790
262392
811494
10534
453917
57267
562711
194683
296557
302849
256636
145287
998835
151850
713021
803343
466748
290435
487904
590300
542218
621202
213181
296995
494239
951269
760267
206760
908681
560198
962875
620035
546878
523725
257958
525463
261514
276505
493759
994625
620611
358187
293702
907140
873621
916949
107521
221424
937265
355551
845154
275710
119716
909660
530484
775307
761731
52603
888594
54564
718290
523715
876436
394657
266831
207569
656529
566055
904026
802095
511090
291494
498106
898211
32036
762966
216388
982211
8144
23595
974568
2984
811101
602027
321410
944660
820032
458999
184310
908217
829409
201184
828308
954022
179201
612097
161577
309928
103195
428084
83271
444017
950064
464634
373686
794861
135209
144333
110117
978895
479928
789564
353332
617618
619122
680968
311619
203589
334542
232426
789468
426799
158037
130807
350374
385609
853050
170809
262320
62253
693316
522993
706695
855893
202040
624495
266037
863279
875638
115846
916730
719147
853820
568241
920296
200878
399037
496546
465080
932150
757663
288252
917405
33103
952899
326729
960279
53134
781470
317371
816600
8450
965340
489394
150692
995284
448779
759223
243487
952275
411728
994039
104371
279956
526472
16745
223387
980482
36875
258971
70525
942144
741089
570298
333186
374210
756884
700015
377018
628200
341632
223947
572056
684013
484235
808994
979858
282503
279058
367852
542856
891286
259902
750591
974139
293158
10353
281862
296088
197192
972360
468928
689771
116271
638977
962811
807163
306294
240339
517828
542510
717777
876911
278499
482599
284734
949914
859334
642671
881000
713304
525676
880040
247681
33802
814127
557573
909567
321593
295824
680449
415750
132167
929009
802876
335754
365673
442582
538419
900699
287589
907828
4062
731695
969755
269047
77400
761941
437016
134884
528878
546032
999951
436982
594389
598018
875174
924843
360564
411455
255535
125179
860572
970269
742154
730044
749901
858062
403055
395152
486376
702189
379623
345610
502897
643606
545231
389900
48217
32420
593215
654361
378834
688801
205812
974137
134216
264797
655455
537489
501020
74046
936292
756397
623127
200297
354957
109319
231872
423288
786778
497214
430312
924508
977344
524380
753320
730396
518608
365099
86170
954066
583793
592219
729998
844708
972132
349917
662196
442125
969851
544575
277288
257025
65601
435746
774823
968881
801220
54905
477961
950767
524425
743385
661925
453420
990984
623946
852613
403269
415329
712496
731464
631857
542223
716260
565692
823982
802134
368029
333105
358016
736957
403092
613847
67902
266636
970955
627191
4718
33192
219005
131340
281210
521331
75201
818148
869330
170705
323656
421350
268101
144232
158722
872710
13078
900620
661381
444852
603593
749298
839428
149406
615985
298082
496087
150737
459914
901296
72923
822422
798013
16289
13637
67532
507262
794266
141014
870490
113337
699672
585430
332509
593203
685146
55094
365696
440009
980105
570770
604539
55596
89634
492686
127401
294941
340710
471356
942707
229908
435295
877033
745309
475045
322426
259429
125767
966734
329049
463013
457736
687613
526989
651022
426703
31377
696864
508650
65376
772891
189230
371570
668616
2897
204955
282140
622082
764565
99985
277014
945554
648650
548997
942013
352885
839488
546491
320572
265230
224156
707180
293351
445946
645724
164482
204555
5376
843069
987088
861438
429787
129212
928627
141543
647482
222039
617519
558216
756580
361250
908274
42046
144270
964260
967557
205058
478066
73618
220850
959174
351204
161189
964342
744514
531958
884052
972208
762112
772614
563091
837454
955895
79740
710386
729617
428057
570300
922316
762899
579721
455358
323564
693123
86060
717925
851370
357467
301078
999198
812537
946538
450243
194916
341693
694712
405450
646266
825215
94669
33804
64549
211698
45163
520535
205134
367404
350041
534561
434461
786926
840265
981421
375643
393631
472506
656322
308728
208395
366027
25245
548705
955005
959983
691581
925157
268618
89248
82702
305421
648259
744010
460393
15240
455159
768156
367349
414107
391868
663393
418363
476235
494095
436535
91584
225449
967432
191355
115682
511855
379131
912715
556293
436208
480749
962124
946794
150892
982482
802338
709533
595345
590773
147445
982078
62774
638112
650007
34562
875311
689136
402346
652669
477333
138091
600438
41121
876572
107572
805893
652413
42284
505614
23340
243192
814559
771685
297359
421828
482336
553807
203292
213056
262193
346959
735369
529071
347377
133804
238631
280601
78384
999276
759045
433452
410558
850369
766816
313760
786204
219901
246915
944284
646922
597988
216964
863006
577970
9173
687913
454763
383029
866852
773890
300262
645387
884577
735485
411904
535475
743508
172982
553017
586512
643630
455920
257064
246533
156081
355075
843724
174955
45903
472917
373153
795646
75643
190516
163261
616495
595066
708678
633771
417415
392321
752288
351829
135913
673077
109354
9593
43609
448062
430829
475162
114241
593726
637490
352770
633118
701674
829326
863130
205740
489994
118903
726805
571992
803617
29489
329599
552043
451986
118803
402472
291177
696553
713199
899353
529552
112669
521866
649608
44541
598329
571531
866323
354406
20258
280070
200659
220405
801728
411763
862473
126213
221613
216313
974239
175879
444817
460408
102996
417862
549997
213896
333522
338234
89296
385126
943251
506240
618783
641373
994172
93793
648610
325768
806157
553775
798008
348428
304426
643388
783283
354383
297274
732935
915722
489073
493756
276843
312928
735797
428043
76424
537575
6660
502232
313652
947370
260291
68559
273541
167848
274560
309500
680932
935311
957023
214699
370194
681916
917995
518033
561758
976058
472612
5776
966097
629270
44889
744493
424783
409224
345353
604035
585575
982166
502635
808171
566436
450596
768627
778156
687616
969473
629717
170450
411494
394800
522831
91872
227822
492511
937697
417757
913754
4535
430569
901968
629494
501626
389677
178167
36995
897385
575105
631167
887047
870469
811780
599844
911594
51389
940750
658648
441628
383401
605025
275887
270116
707752
387626
61881
623565
552452
899184
287003
61052
532904
573367
195237
195932
229631
22831
399793
429352
580524
620741
227044
201838
627975
905286
628847
191419
744992
551689
986962
231106
114807
152157
790338
848690
778721
148713
730457
658973
61004
936213
870136
951411
553374
673681
93999
658744
207731
113322
463426
12924
809820
182726
256400
753199
265157
436404
845982
860093
842691
636610
465882
188229
591948
985204
403487
481787
946972
864582
256470
283448
683845
533113
196348
884785
877861
267773
103762
327423
501715
430924
782431
829987
722056
805395
249011
541148
532135
342681
282667
148473
831193
689783
977194
140932
358737
328354
526159
105934
57735
914966
858173
197541
77387
899647
467017
173282
823128
392219
965229
220802
839513
300758
972186
689260
506680
409581
348315
221216
230420
918967
459586
805713
305675
773256
377569
166309
99249
372547
372959
508682
676405
359684
427994
661077
31971
65682
633148
23109
523283
197540
606512
177736
210241
943665
350686
417552
115982
16088
224319
973725
496328
703963
97648
870895
955665
746610
152698
889002
845225
207952
527906
787079
282783
154346
965862
462819
742635
935409
748724
642940
155998
839143
422948
355580
709423
281925
362128
166453
215527
839365
462061
199724
980290
146585
534916
309229
948786
496783
821498
968989
983982
988167
104525
178874
719524
409374
181302
111977
698220
131761
522784
15294
992361
702571
268776
148173
995628
501588
65525
397131
321523
259822
388187
858563
933387
146191
209049
816678
389041
55543
337881
281972
264778
624042
348235
36443
704830
90765
467867
629944
252908
130939
463496
769087
317064
933172
374481
260806
187049
652311
223238
920822
221918
523174
455457
641970
541168
426243
245207
530712
915823
741848
946614
913810
115350
511146
696016
143059
313031
534085
11280
464890
803657
511576
138528
125002
565383
68643
555428
466385
815214
235629
171363
622725
918577
240744
822809
995132
630001
918666
646866
406228
104376
254278
292386
169947
609953
936636
467439
263397
464453
887401
723889
196580
300716
340141
906161
262496
382800
367091
726280
211383
743110
655705
776036
481208
336780
759135
458056
950036
452515
311461
337208
662656
886214
352045
31803
604532
225090
551501
148648
202104
174203
210433
248541
554824
20954
814994
63973
294599
261679
251612
336923
200726
589281
231543
713111
490714
685886
172347
922132
326622
809105
521825
566152
561131
64904
542907
988666
756559
488257
912546
324631
731196
631070
77752
279751
933311
596179
654176
813097
532552
406558
545869
702185
397258
72509
67858
199441
419561
910066
710276
166284
326036
542089
242953
866302
173835
388817
452615
150389
647431
300900
122728
715346
349315
99450
313158
993018
418544
39031
777075
810282
413554
530092
129986
309159
141915
579434
371966
233790
531143
574996
269232
811896
493397
545587
803109
990527
366765
991092
774940
777045
632646
972673
443587
425943
692112
143006
478430
160550
673509
887819
791207
875720
953741
202611
812337
4830
983702
453219
219069
318797
812642
143818
481669
756641
571616
154268
742061
738354
95699
758977
920353
914017
32587
480553
669714
695123
840941
358374
325285
643451
340632
86648
295515
469286
72182
913653
848753
281738
367093
483511
522942
747579
243829
764922
111418
644877
184035
604101
14758
996211
825210
867594
128848
868161
978634
929372
710895
722568
660467
763924
677099
464572
383930
420424
553889
826354
472300
695459
711523
966620
412800
435730
65989
131667
462810
99355
613008
679772
411937
460846
935412
853980
419081
930297
417236
299554
552253
86465
56971
965266
72404
735014
513349
281368
528772
322295
567845
554038
687587
584267
377860
698130
30623
928906
262968
388583
545563
576233
621747
892965
819498
551
705062
196613
260432
562716
257787
424186
301180
944148
848017
79636
761290
362908
756173
144160
596787
406632
516630
650667
155452
200343
30100
544808
293969
455476
434140
947230
688672
153275
743039
102771
415089
415675
616086
65300
847269
977218
138137
959331
582370
173530
779107
879255
280123
474408
858426
54639
471752
851571
902614
874881
75351
948475
251536
585347
48631
418222
447508
220702
489548
849408
661493
278110
907033
110179
900441
950820
88897
34735
427856
445024
380760
292722
608064
201174
442220
204886
701383
214637
975112
84069
17802
632864
264291
743852
863579
264575
919362
612770
971103
959309
408061
121100
168880
231234
811498
190263
707213
427525
364426
40341
213062
765341
381973
729881
195182
935651
539828
414163
586933
888350
139126
476406
39017
672820
333452
575540
46446
323784
371656
804050
295547
522992
439883
447094
72057
928861
16523
129532
270062
821390
86301
625488
685512
521846
529308
97906
716682
789286
199959
355338
106283
665211
699131
570633
841807
279201
589470
274957
780878
988813
904852
568135
416544
702200
563347
569993
698938
922938
338389
369569
586054
74726
280909
313821
922512
315868
102421
313372
463956
401963
958625
492300
531013
981791
127971
349375
830643
16290
157457
393794
862442
637700
174726
925751
462725
480044
357301
723280
803707
988084
714584
66539
711578
181715
469506
771808
738924
283707
720974
421401
157136
691434
134441
117040
549426
22148
938317
531449
631305
532962
169377
192573
199463
558906
710674
775987
759710
849981
76051
216976
55058
19687
353339
345780
500956
67688
488089
567163
575566
797837
533859
400553
798251
105165
650790
486318
835473
917567
452659
89873
917495
317485
451469
192457
68150
363325
302291
749372
50818
381304
931707
968579
118248
832977
756771
750427
459855
1797
904903
208619
384103
183793
829787
48415
422539
55419
729801
117375
810457
948287
701051
6634
853574
698330
52542
724381
780061
328291
424939
750147
657631
756319
132859
83491
974388
819620
3032
926616
768054
854573
361036
945998
872114
254978
585515
76998
148227
671090
13689
730901
5817
615241
257893
920342
426776
127206
340113
809369
431485
366776
231609
215380
230593
932664
728937
739733
487523
308664
234408
957851
26369
344948
605056
579960
980229
198183
8372
506718
214007
156634
536959
725178
331385
285798
800147
356122
815756
664756
782781
669993
266824
784815
432342
754700
991401
811793
684325
785
870870
960082
338303
601876
492639
603623
922691
883983
344096
276039
802050
648096
958386
679100
314268
162524
673259
723959
181724
637223
724676
904498
58140
477115
68490
634566
209758
654853
809379
159442
921101
579938
394282
610044
496799
516496
521390
557876
495476
470501
532380
202724
278572
149819
610119
182422
741684
194268
976078
331187
376328
812479
447988
326574
108011
812515
425813
827654
731329
588101
94868
547119
799488
730395
613389
68893
612712
361702
684193
412309
780981
302281
25892
208955
641112
229966
538553
940973
678554
971540
376025
786559
539750
586567
186584
692764
614873
346737
698530
503486
752947
348864
727759
696853
1912
778778
262252
361805
949604
684831
110007
183308
689002
534075
811489
655260
703834
888961
544050
388029
127586
989149
864760
792869
199680
738022
556850
39572
361008
160853
223252
231402
735217
971967
719436
47859
325669
842855
55958
758417
630834
529104
641601
232602
40754
744034
43063
847803
261001
26842
985839
769693
858282
756883
960829
885162
522723
518337
915188
354727
516581
912056
509766
224089
436580
962466
162232
332850
61244
785658
365585
989627
75008
433023
809335
189328
848242
851463
240084
705000
662217
110604
121794
850062
237788
254977
252933
785383
381891
302602
851471
815834
878693
462844
36577
292142
280092
189798
25709
659688
724877
640765
649462
945741
656453
758292
733037
652329
486713
395184
12608
420166
52501
193568
879786
34704
676562
910193
814365
956371
591912
766091
308403
251365
841285
145541
77056
371298
513641
751952
511474
97680
116302
13690
475233
469165
666606
808019
921797
904419
483394
273165
450367
534880
938117
65276
753075
264342
105204
507393
484659
656742
695391
50511
813306
126957
215387
843125
462672
984569
611408
759254
100101
924360
629533
516255
590705
134669
38218
344114
939592
123304
32460
439179
226154
578368
559907
653085
293324
918373
579876
499358
901452
105116
781515
255689
622955
374576
868042
250769
566482
183434
849975
699388
53325
190920
15485
355481
775694
497543
732358
55160
682879
299053
926926
124316
34661
880029
214094
22868
390232
663954
624205
463322
799526
175985
737188
347308
586415
430591
782201
481372
66346
895301
187008
541650
759964
223513
725712
70551
190988
668559
259917
344934
496975
67919
806932
337776
665550
729496
292605
389949
309271
408576
217622
106060
693863
4434
711449
694752
43647
208409
753680
534338
610038
639950
48196
645348
478435
536447
369346
581805
162824
79725
911579
625461
137536
430937
156264
956858
558894
353014
909124
935634
132642
701142
507455
575165
90293
428544
206578
680791
891972
204505
818793
140750
194097
120957
713541
299370
686737
595526
713956
383774
608959
309460
642497
856907
371041
107626
468297
290942
190503
301717
232945
92403
826853
254349
863568
132835
584427
699459
73097
202650
22835
219403
209704
611950
126035
287170
938403
810003
552936
595574
231486
719911
122883
82855
853728
531573
905910
22176
625778
280277
994891
841194
209410
702008
233114
616706
878681
52029
941448
560731
476093
348282
875459
843004
342577
731412
744945
943469
368294
229410
749861
922724
834770
508944
162896
417893
66858
287051
372477
58001
49579
358431
304554
165984
485452
314912
317745
707666
781683
721450
562104
975662
95438
224357
477369
399934
805762
991671
708599
394948
561140
437584
835652
865215
3231
978207
886976
23784
722267
216485
305557
422075
159282
279305
366335
706884
717352
661862
526729
230114
130548
110925
205586
952741
917216
59030
155451
490094
204698
18050
125582
652234
256966
79950
667751
673522
145981
982161
472725
601251
276692
416698
997705
154765
202400
186350
283134
974629
411145
249986
998479
281912
954250
772442
422826
280807
108166
673582
5914
730216
664554
47277
526701
679102
629314
438164
570710
587550
499556
252796
32483
110553
164415
382092
850468
484870
951270
929541
968624
542641
171202
880726
284328
891173
286999
310308
496690
888209
368282
609489
130089
17457
508081
952441
986732
158605
517394
497525
158913
742244
966165
56964
483609
626344
119211
692811
241966
290348
622030
655811
586600
950656
868772
873474
350786
183271
607568
461352
826789
849871
481446
595227
197413
302581
313896
153342
823801
883487
504324
575186
213593
894097
962165
959733
588248
636025
660766
318222
459623
332113
412251
642526
126478
637472
428471
712230
940636
637708
370535
873056
316057
919631
133306
613349
525041
500646
742584
95282
316760
856375
89183
201636
113884
90700
769896
850905
309441
797089
271339
220685
132096
379870
683070
38155
335105
802498
607072
669366
890549
511811
840921
609753
581681
185869
403013
60527
989341
809720
43246
11437
522586
623801
455376
996337
830216
519499
348491
230934
320783
84880
72181
937533
630322
827528
351933
96195
191674
543344
192601
39740
754513
403327
366865
388443
255804
126762
646290
409301
582074
246962
771389
629250
159965
661756
277238
743319
834583
608785
707299
766821
844887
971867
495039
757676
611700
758315
43126
331259
564002
263295
426841
384503
78254
194848
306848
816120
379956
614428
904813
3215
578733
393023
457773
49290
285860
461335
196784
400405
704466
342291
368576
8441
455347
273035
78983
851114
699288
541292
388004
560578
464685
23888
936594
584821
492722
755088
816499
453930
961546
397217
480221
354415
572932
344208
214428
183321
518285
102329
826807
880264
156263
188421
596486
183905
666596
146540
241341
756849
112483
339789
488993
343130
73641
709111
966005
519361
362819
89612
422022
794980
470239
187681
843221
519451
415203
933139
623992
595334
972512
209781
911612
19980
831744
92584
491007
442854
610269
600964
931027
780553
3543
783604
515513
656512
271897
756677
824403
519289
641429
547617
299547
20783
829149
542667
280906
165147
427754
958695
92253
683084
321602
94393
71328
714188
489135
640321
227681
241458
528319
319643
427438
362256
977896
76729
848090
70161
668687
259915
164151
276807
454657
3921
746865
34067
544577
146705
530544
87510
246229
470689
271254
549316
37392
372925
920527
546113
507634
76182
758557
471566
122769
656477
644262
655082
20674
688663
724072
699920
976600
560431
814899
952442
711040
216368
948376
788763
979776
876372
735847
104713
659118
520762
744091
925382
580415
310937
587691
787379
796671
102847
242984
833756
961277
293565
889215
998421
348915
273147
951004
908970
264067
391816
382190
110143
658175
798315
792830
983155
646273
314746
346138
374838
643297
769981
485374
623845
410297
418384
180183
998144
288917
190873
624119
27222
345870
860780
613379
886897
562555
899912
285066
179642
104396
917477
493761
276869
617140
537452
344041
892359
343306
385099
794693
926540
884738
30384
816801
487546
856858
316074
357514
485422
797477
35073
17820
419412
518065
633146
244436
598818
95198
225474
746300
510630
66182
805547
779538
31415
649404
568752
69275
126925
866505
170321
623108
579597
182443
768540
473550
641729
36064
745279
482476
944934
495377
337027
132564
835162
364656
578505
833296
105492
319570
700450
677825
643258
422694
226756
206226
63881
457932
178408
627659
861178
583609
759064
433077
38430
448644
632706
817840
699566
184163
566476
293941
60967
774344
110663
311660
460884
574846
53352
380706
208506
147748
445166
951282
563536
639933
476287
970417
801281
976867
293297
88228
14717
699208
693818
948842
994779
742215
715276
899451
830014
192080
171577
715849
896337
8528
503408
28163
580045
693938
94609
818925
192512
583535
259682
415713
602427
92375
103651
227859
919097
253113
945801
455240
429118
397033
503221
893408
375510
492215
999488
75670
592685
472036
341610
272722
667033
252432
13885
27433
100533
650335
709060
598966
888313
928790
432507
387582
404381
251967
999213
467126
441694
665190
280401
537897
58724
314456
243118
900418
268220
440650
352980
970739
800455
156700
612362
933458
338517
103266
171231
109107
305909
906703
776203
404472
354860
858079
905985
661846
757132
468364
729775
544305
69570
328099
937779
13046
240845
781309
753316
465569
993322
580279
143320
322742
178396
938267
787906
136810
439826
144712
114003
681881
9771
549162
49156
459537
837119
870093
834907
570732
603351
842529
907396
373125
176873
426369
937872
698345
987223
261225
598419
726475
124201
44256
729486
868607
439382
215690
332934
694170
609250
566557
170808
736131
256532
837246
279194
285132
733535
283935
312386
494263
139360
714800
493908
967199
584507
21024
643574
302406
639133
329358
409107
837898
568108
112003
187818
347836
50069
478936
750016
111597
409513
850565
480513
257740
260118
893765
369411
24790
743133
626700
420114
113560
10470
683957
325142
648301
640303
241331
689996
614179
196086
414760
270558
42168
682635
23629
949575
761728
482397
60246
841097
708266
214709
701553
982890
203495
802419
283991
469443
810397
209834
275899
81089
475537
477563
958602
902325
203736
836242
470109
895174
997559
477577
131300
465796
720315
183069
266841
705488
259189
894882
35394
865094
389228
687190
652477
272981
112209
66451
490536
968950
216171
447519
499706
78666
174637
854657
530234
786748
444286
748556
146890
237939
961694
78918
74164
384524
505031
551160
999958
844384
940625
292977
953199
13767
500149
867819
556767
563544
511775
543342
699833
556260
405653
210484
568781
807125
577285
65491
672461
553663
365812
52491
513193
603503
664539
589093
751294
708158
590659
60727
171325
16576
425561
79911
288778
324727
433520
248702
403514
763954
686485
285909
505712
59999
808695
4355
825889
436936
317415
810499
584117
521395
303061
611160
304510
425078
892464
481524
786673
577156
849461
301567
269929
518911
849184
456155
378638
926383
779969
528980
19012
1255
536117
506564
40376
285477
5578
304077
159882
863548
169524
200727
553890
896945
771639
399218
512615
692528
919364
680521
172433
560442
365391
418051
592555
75324
146278
368015
648353
593863
632382
21682
592218
802893
800161
842901
516758
576432
986755
522907
440096
355689
124395
817129
142427
858404
336946
734929
187100
900219
984465
948941
744171
270262
409213
863743
442089
80411
440039
609951
169949
936774
209002
697921
445305
487476
3165
145827
601016
969040
901375
506601
30731
114154
996670
270358
382970
256706
948402
909388
168361
952465
472457
708383
110751
41565
451292
678131
326451
239746
151844
25572
980835
621488
741118
9758
85170
883004
150788
142831
412577
142541
648960
267115
268069
691350
581038
73499
806047
232549
269037
659615
603090
491864
81439
35025
122505
378724
264780
380326
395482
284935
775549
644589
179173
811056
247919
635999
849838
394750
946267
634008
564849
78823
271914
311220
419149
423558
868063
695225
616526
214829
296396
111629
378129
486600
369935
251789
3373
550501
796094
360358
793507
639020
252012
828004
672896
949524
513379
370226
329386
115344
580234
569376
268016
849856
64692
614794
214210
275508
937099
160522
550334
926150
297650
797574
512458
67504
623089
297203
886888
4553
983889
376424
576159
621031
401772
640036
701275
771094
978092
108904
580647
992815
948202
397016
172600
139791
774263
379439
169288
547877
620106
88097
577659
215547
863474
636703
349821
347403
794329
807846
650773
382348
559768
511950
426448
831167
609851
880170
861639
678783
860361
452928
400809
941975
250491
135385
302930
203689
986944
540248
688290
499517
826280
421813
61036
979224
709599
888304
295343
820898
413148
366800
488093
530481
384598
551324
550685
5697
775843
976282
312337
711801
293967
369479
858796
552971
172349
180636
593008
36991
588861
616452
728127
658514
614453
884549
714525
695660
427124
287064
366749
878052
316841
24327
624980
541795
603316
142685
76598
380335
55685
564026
102998
989690
622721
450510
663192
774360
827329
8620
681737
800248
713764
156701
954675
935400
862226
141620
199269
661643
309749
30846
269010
943317
408911
220195
392448
30904
852463
823066
939070
682728
516838
517415
754667
648887
502366
59218
641573
805633
172295
577507
743275
646592
86738
707230
504014
740920
998982
396144
657943
768438
364753
830562
425658
157774
469892
632304
473113
575844
664036
837383
901502
641426
64126
813706
309311
977061
968054
627970
634912
923814
830380
639053
130093
215584
576712
465584
461430
324925
682083
306779
546775
126364
925211
18195
738591
824420
516228
423868
896182
907313
331236
395052
46640
324917
624060
841109
234044
617710
422135
439245
746100
760094
455576
947939
50466
574207
948315
360100
608063
14321
247526
875334
121814
6268
576969
734987
818326
519495
448810
686282
367925
463333
916242
981902
700449
305820
740333
152513
417938
277033
208956
307490
502343
590204
790128
709871
868143
700518
912903
339296
257706
576795
563160
202
129350
363911
657323
194433
75102
496478
255493
969969
59649
994313
645399
876818
463929
168121
522122
52562
274339
70557
418678
254266
45110
723097
284038
335897
231819
594112
442393
941090
463257
769910
274533
996878
729263
849167
675887
471833
664226
771747
973132
728703
322217
672682
195987
785484
266304
380284
2447
164111
953743
850756
308696
394285
927249
734053
323720
544594
986951
698706
896025
495966
475432
886305
849454
421820
589541
420196
346613
4399
202745
214738
649633
614623
886612
858852
992821
940078
623142
775553
197312
788845
638943
100984
115786
470533
984678
767684
646385
185858
304476
507396
221471
744313
134610
769327
424634
373095
566339
902344
760062
605366
290140
470203
36376
153532
455788
890688
317187
704204
487801
398911
941678
871294
771546
848289
874788
248911
834187
874982
318379
431421
50632
214577
322004
767473
769721
478596
516815
834139
899016
661475
722653
842607
742280
585578
485887
119970
469076
806264
875073
903900
440064
722075
873968
531463
846315
488194
481470
115516
307331
952900
568405
912731
674351
926958
25492
865830
436215
600879
105744
913761
894677
706919
425957
139762
194099
993502
521150
326446
923117
625320
60896
107590
420197
179533
341046
376810
575533
357006
704433
606640
564389
993134
202523
258163
685804
769266
716181
676739
765071
735835
259993
595583
674418
419361
757130
874711
736887
205488
521324
25924
876948
521659
621999
901192
376933
355008
720368
839717
831959
192005
830311
813759
251496
219106
624399
640894
347668
18581
542718
465311
825311
847548
492829
791840
938258
636274
931451
870584
5977
830476
351354
68456
968703
171039
396392
96954
325304
871553
449457
15765
536995
15889
114180
753410
385612
797422
741880
672863
752943
58534
891162
60045
993793
633897
743386
578195
968780
738973
424860
246009
164248
325438
601287
921215
710133
626663
792502
148290
931188
961875
878964
385836
693140
435099
471290
361737
71079
578669
541459
473151
837944
541223
60480
89869
255464
885216
768076
392306
73442
721893
388059
951041
417482
480292
693278
39678
711134
165450
623930
477504
829803
437078
427940
375144
40465
188650
813851
512436
481877
553645
865889
435487
993262
747650
644241
798615
243271
257440
839846
89809
214503
287405
916460
308317
357331
240607
532919
893553
482711
204552
599802
708857
867395
662408
738564
215425
453394
692096
605910
430618
430984
257030
384339
80934
504825
468096
353265
771159
816703
581047
635978
958162
376154
4069
353347
680778
837160
925832
450912
29066
996837
367432
490558
514412
837872
573633
145920
432210
475615
994586
497928
133223
242861
434651
571694
439381
385822
263285
999694
209437
213680
205540
89404
52496
191645
386190
240940
47141
69325
884989
354162
263040
866703
491999
551584
795219
888838
555166
658001
380282
949200
445626
638750
156484
730688
442042
458005
507688
218039
709045
904678
492824
386367
809038
76788
464795
62003
992490
753441
531820
894729
201937
713165
900359
65764
54347
339778
48936
866237
69561
385447
883429
939569
300376
94739
399043
518526
626170
206756
308604
969257
504602
375976
279121
298398
643376
712309
351607
112366
682006
412652
352649
335923
585463
16551
229651
643170
22588
547627
872027
846575
820724
117869
448455
63453
332786
789979
24880
269747
715204
245115
643147
884317
686867
620393
810063
593166
155193
843363
800438
499926
780425
598644
251995
284761
565882
601696
653372
895036
809058
985319
178540
867899
417517
944504
694603
760214
686616
681300
807216
102114
330867
292975
335308
840531
814228
173518
144135
533653
1074
56918
565326
761625
919605
890744
117596
654411
837685
701963
563085
592074
769930
267505
80963
871603
477490
579215
453628
393021
196267
5421
234665
205836
326695
189804
181233
67172
94071
832206
312463
747843
492638
135154
586275
390410
640187
755210
266276
391599
689844
429922
979801
119619
227156
546792
712301
47985
379922
881996
356573
939322
226557
684271
26449
876893
689999
817979
328985
703197
93427
272121
436868
2679
69639
413563
120825
615313
966170
290635
874200
889029
833013
647274
731104
638022
396616
861857
592453
951054
724095
927058
347971
712196
953048
819623
917782
543243
388920
699308
68126
818351
247520
897610
125566
304947
327222
51445
703828
826370
44404
987521
200773
219180
869546
161355
787898
898366
395356
882035
883911
802818
675729
256823
302130
494185
430092
684084
122747
378727
43825
39627
967635
474465
527939
142854
945917
668124
488451
697307
492061
745493
298610
458519
73967
610570
168985
101578
262716
290518
97563
771929
817148
425100
615319
946761
98813
828352
37604
98001
437593
594950
615655
677246
77885
2943
255163
320528
777074
933383
224542
16821
891120
961945
428639
967692
443549
523318
368465
429708
304386
556476
545707
18229
953268
779359
430533
150399
384254
125577
741458
235289
87980
935458
288395
453432
415757
86276
335592
269334
634709
740160
47984
28480
808478
925227
25527
471769
240930
548459
976441
367454
656065
501439
273202
73650
37865
29046
620658
405648
201930
539741
821749
70575
225538
652441
118274
577047
68094
84172
621021
209652
57422
964748
485831
57794
228747
981064
313185
602211
40091
615357
311475
389104
223756
256600
742082
951581
485076
570419
632909
722511
175871
601949
673457
137766
103098
306048
151137
19728
803850
287570
312209
305175
154971
64051
854546
404701
461388
248168
79260
279745
740579
903666
137514
363146
137371
288126
848391
281197
964789
310336
886649
464717
392437
56304
108763
993481
871105
412600
134662
24890
149844
432405
110944
163678
280242
400935
192533
876613
960281
781991
653190
845959
187738
32618
314022
766105
415643
914008
844532
983006
315860
645899
337893
28235
901189
928010
148379
34981
707436
436837
590799
405374
545927
983450
139647
933859
581173
368747
720228
865580
409547
835066
410074
626201
344061
21594
203389
665497
612986
740216
241053
940935
283373
795375
743022
487850
62229
766161
47755
989266
30978
349174
855902
124649
713686
144748
279754
894018
534568
640001
807963
165414
605656
57258
412027
832995
6362
539060
90556
111896
811421
996840
337420
593559
898001
241998
489451
307240
619442
318143
357534
180316
264907
445762
259263
144531
415451
885949
175708
337344
453102
960338
209287
320402
647553
884643
619081
743765
46905
134485
177401
346001
402320
65227
156865
565345
554845
718240
602629
31753
55655
477198
247110
525145
611229
216049
193065
571230
65755
563520
523449
876080
942191
311255
426413
702007
116912
118974
520936
714515
192780
742424
555681
69701
396607
648365
843811
520901
958328
805663
782700
810657
24618
335932
66563
982656
649991
45735
745302
255564
416252
723013
947315
354273
531795
926822
899766
28342
687619
6533
565241
168248
74881
861751
963647
609412
678565
840643
877165
565548
744
683180
211064
804182
520084
469006
699013
564079
47084
812245
233049
543454
856702
285505
899589
510102
934770
449985
418266
174081
71936
114297
545839
292533
124720
269532
837969
935281
888595
543376
46029
381064
653179
237170
434167
209979
641946
157015
916184
609293
16349
626854
430974
101234
180480
34599
989244
361813
286465
373400
204626
621504
369089
854735
168290
53702
9702
657930
542295
787734
472875
118177
422626
400995
986785
140216
402988
494937
483980
652252
947149
274759
431367
167348
85982
308429
510336
136307
847290
57966
