259029
33505
463500
494258
208597
980956
531914
279163
180484
180675
2441
416051
401926
571303
316073
274905
285006
198854
513966
162997
198124
85382
6326
958766
924780
49190
727254
790490
767631
608982
692747
827433
663031
54269
885400
122844
708541
102372
115552
390352
534166
584796
875491
781634
166913
591241
951395
793581
158557
810026
511860
157445
341730
228956
533683
802089
344648
122435
978631
689232
475536
810868
653032
416058
137723
638184
909764
489124
290166
957781
755991
132698
543493
291379
951077
247776
759229
772257
161153
808967
71275
90640
37031
528748
530044
545837
707232
243921
517568
777716
1630
189666
118551
185777
320694
43400
767694
754882
583174
243405
562163
817786
954048
80910
769462
790182
68278
741027
940461
234360
783869
2168
686455
162073
51198
597847
887147
324434
28118
377563
855684
823357
972871
125836
227872
673674
698954
32055
787203
952248
16041
446415
252020
221218
597496
530137
974490
785309
176556
199590
914575
184930
875829
503329
619446
925428
633993
59497
305479
885292
313352
711861
473996
248371
824446
536331
711251
277131
952838
995344
999992
569449
116194
44694
746566
644678
947170
94445
447161
734259
836152
424640
293960
393280
151048
540585
427747
438124
717016
634778
363051
996536
785652
7999
91053
981175
956145
148170
930243
300912
212394
457888
951420
531258
805444
129820
234799
271362
250820
126738
516539
471091
500517
513270
959608
85558
902797
578109
105617
296918
508725
201
586195
322001
707367
332457
56447
805904
243875
427142
513681
458531
581676
168496
824614
458445
310402
440937
776195
477102
828403
259082
135673
288692
314239
219960
365980
919752
468953
835952
584607
810936
223984
392772
568057
337647
764773
28993
27452
104966
768834
814367
785235
498846
370615
805603
512459
268651
287324
610638
131202
84077
676027
297842
294756
618828
324030
966148
929772
493145
536771
473511
249861
68714
327349
310149
638143
534143
675741
971873
750735
337396
553875
177491
355941
558202
634800
603604
994582
363386
32800
402635
812941
181193
450763
136048
674618
605067
855228
776879
130172
183342
232707
904615
438906
771616
858248
612736
823334
911620
487824
933842
896086
552961
595392
682009
338276
16717
820021
878354
322215
621862
634264
391120
737333
132319
898049
383409
574754
998113
397007
657804
799487
878030
547199
253341
123503
56068
962529
796751
645917
253338
422684
842882
776067
465890
426605
636872
798797
102001
293859
351979
673230
162967
704410
887269
554136
765180
425890
996418
843616
832219
617718
514285
739593
786859
357573
400960
107332
167046
513213
124811
221290
802977
983665
5207
756302
845731
798771
427600
346684
928992
808370
937666
938921
756677
787323
528143
422764
469346
464274
798034
151089
707917
160054
539314
456304
487349
736585
124623
961817
849780
775183
906774
85624
28084
744303
834600
831410
870471
828768
357697
4045
43466
579849
669061
654570
306829
116974
626602
604444
80251
76638
608617
345024
121794
670662
223902
978497
517666
864552
51407
347008
965019
696632
86266
851749
942563
704121
575256
547758
149357
750210
545480
601713
34546
976430
58774
538439
244628
411289
309255
60075
688018
365711
791472
245012
317085
914240
654737
365555
758531
106454
877253
334047
536567
156352
218824
699029
77509
235247
33268
132031
371792
58115
767259
829007
746104
129931
561675
57361
950785
937312
141761
484001
445065
660356
982663
44262
209392
142490
664794
923899
814017
220070
799076
888975
192660
669507
724491
270564
76588
32615
582377
386181
792187
87072
961975
193420
891201
583308
418486
657529
785292
532189
618264
528693
739293
878136
570122
327360
700563
865087
291655
89865
634317
417674
469134
457686
58641
232247
266078
473361
89575
421767
503239
154436
149782
496864
185969
379020
116322
720771
428069
456687
384141
795005
918562
131598
724670
219184
467244
996548
809051
771618
613817
604566
623843
749273
679599
168338
738754
582796
874745
595816
715958
991465
202068
493771
805344
655213
985434
831045
698943
714716
843598
921170
582346
798770
75835
540617
392447
979422
966034
583026
494300
827561
416736
600920
657049
829154
280048
708007
429632
962826
862347
92883
528425
698468
443574
887661
577927
123329
605896
710247
886539
979311
633784
798543
692544
682508
752953
63520
641048
997892
744360
211970
709009
794396
614200
819383
337331
402773
631672
554271
516032
631615
502897
429392
667210
584263
276611
415753
142853
54126
949298
465956
401690
824237
6013
675706
808595
257685
590724
313642
151804
54745
996404
927122
599602
295516
831059
56764
92690
954
344891
838699
900046
525525
859536
381550
103748
546381
439361
662071
568994
199146
164770
542730
619124
516464
571870
277329
469032
932265
467686
410844
362700
174241
665341
994891
323350
786489
259437
913455
861651
584135
751887
819125
847095
30980
20917
338729
919266
30961
807993
873517
113179
162168
887914
518273
569548
481347
35410
599874
371545
82988
986402
355128
433174
691018
636616
905955
140993
118586
393288
320088
27618
162716
208915
546129
826412
448752
608410
844272
625427
545711
559972
796258
136631
241310
897694
221468
129419
482867
320173
233401
540723
184588
279073
41435
630960
294288
356543
856854
594987
3840
850300
107313
372225
141885
48385
251007
408909
171792
456859
740518
267896
584405
718976
913285
901982
116044
465824
416704
939407
188824
682058
649546
175404
895205
924101
804900
773963
30336
657009
1283
956007
600706
904825
194103
635100
202040
514991
728483
653228
116507
840218
788498
17659
430460
514627
527899
961489
395928
872216
608383
382552
23612
675378
937386
412261
107032
665914
356199
760526
371811
294252
959756
924928
395157
241436
153424
733983
870656
697030
801972
719387
612243
783759
723851
253874
539213
322129
130368
471546
363800
38812
491034
974932
45370
223021
946274
94868
575345
845665
316293
520868
236203
976949
861807
871200
731666
856163
780151
858096
962696
866944
335068
561263
121990
38725
837523
60528
663540
16896
637489
974543
110864
785437
785485
809416
800449
171924
590562
613318
406374
490935
384260
392926
989647
871924
93877
557252
158233
476351
716893
444495
876915
549307
628159
268995
615861
565722
350431
224510
866467
261584
601237
372419
568452
326402
125010
880913
217895
783646
842032
668639
226313
656730
758446
705765
757702
491434
821127
441891
439895
457332
6468
787977
675215
582052
77568
981736
825116
799544
257692
777815
652661
43390
132508
19726
957523
608959
583422
17200
455000
951689
873743
612095
337589
155219
491862
231793
917235
535796
447888
423814
990397
467673
951053
655214
433898
71701
537768
83509
189997
759058
530588
629022
588908
831366
622569
254250
552905
197953
251893
616306
754745
511082
4843
617719
733218
406187
742807
263601
634525
556276
12231
268816
766697
70184
749793
462708
666565
535356
719776
880375
655037
403444
4013
226949
271370
167552
924941
171568
202906
121897
911983
709155
564963
61644
915897
648896
816399
314797
110156
696889
460283
197296
852251
891093
472746
809302
579370
611621
652367
633172
540039
145839
295711
50034
56329
976975
500880
74365
268289
963517
717590
956974
438950
617825
788682
563897
111949
310199
287907
334837
647273
542375
18064
12344
6332
681019
128085
812304
206063
196280
855465
724051
70574
766395
50948
755548
895126
318178
213653
115183
520778
117287
197063
545198
319184
690968
496449
189793
652514
808778
79809
731798
684661
622381
569846
792864
159921
261626
914374
742387
382892
783194
575015
961953
619777
228833
365027
499238
276612
336313
747130
219810
713069
869131
181460
523145
203225
721207
955567
572268
123439
945366
557327
571883
580426
59260
213442
233413
798178
617634
177058
33313
207516
71097
410802
632709
673708
710572
663466
919353
947228
122204
140504
83739
716380
231423
462958
194091
597873
638089
845656
942977
939198
202252
139965
873923
888926
67719
756984
880346
84540
579819
889102
474649
799735
275726
861836
964220
291140
271736
445402
456074
13360
576007
794241
138135
849704
211271
580406
519063
440004
828329
289962
792821
76656
583476
982275
543349
518370
754772
186834
709825
678215
435099
679403
684202
354574
42265
271881
267484
506285
537287
88769
635640
863461
16169
615520
684104
354626
57181
639469
95694
453526
866549
282809
603844
156385
658363
933033
812936
618006
871215
451433
798339
742867
290640
770201
567189
358583
50658
893356
328180
726133
677159
868225
589163
894753
972153
727013
697045
141944
677198
335176
301896
390864
636086
883172
406117
95785
205164
680421
857115
892178
599725
479514
793312
755655
19947
731795
215739
935139
714188
693684
937398
33481
123730
519250
798768
582361
371865
689200
791858
158819
812069
698928
674991
752255
235835
444567
844313
168142
229019
152982
543131
129472
387525
999258
672246
109770
842926
949343
355305
833683
492897
673607
273355
120312
218323
352808
884001
536189
153461
963026
85218
501887
59317
217641
194078
768738
631363
527984
679375
514512
344757
486165
388751
484079
591050
549955
666720
703884
455003
498307
176888
272188
876270
809307
44312
622587
742869
604977
382388
144359
340510
555722
762547
385966
703143
270877
776515
250052
327522
235736
347891
972593
492035
239506
111613
40567
220728
801987
212057
127811
780358
375161
72886
176964
579617
952923
365612
452404
889284
555446
207986
774780
752506
984556
322021
664047
324900
623206
932065
477478
533710
573457
46140
290629
25894
597152
903814
44869
187628
373738
707156
544174
788961
601118
55079
744281
911272
588886
725384
824591
368563
735475
169649
667734
426389
473757
379398
337122
800645
522449
111871
97832
937305
633415
898704
860997
164375
242147
823536
655008
446476
740384
609263
775781
946422
338203
938818
310557
558702
6241
549350
825268
915179
839047
5968
789539
230820
185948
504368
308947
589648
735951
339019
831520
204403
296620
476639
349249
129644
646277
621591
591593
387298
173348
508594
270218
455881
35254
925299
583428
563098
317552
239047
669287
324479
386271
458210
543203
703668
455192
685400
335321
654805
7886
299538
530623
551330
533261
23907
67472
49066
666500
445213
208537
261764
798561
601753
826855
705978
50666
165920
212150
267782
505433
44478
954551
966708
335160
808184
567279
363974
335534
542864
190687
609864
481551
22778
696003
160599
545455
855294
873786
877439
550971
670617
175033
986923
246468
208550
678658
988021
406845
280282
961624
643444
711350
652965
848614
416344
206770
309641
37528
181849
165399
198647
850988
922825
983576
198832
892667
215331
570297
789628
701796
30522
349858
847456
584478
220929
42331
216185
195994
548657
500211
526242
385298
849456
897379
674386
993225
514121
160257
119628
196625
383952
19028
245484
965322
220848
625052
758344
934075
55249
412515
769294
941972
841173
183352
320905
591193
297098
712330
288153
800665
564851
409896
797627
803180
656176
525401
865623
435933
647519
441641
465801
668736
566677
248444
424807
652116
555415
152286
923282
176920
744871
879290
436782
887747
934836
755757
324307
434651
575153
205617
763373
253317
850688
611169
295394
977933
576101
80887
890381
364212
853949
571972
850016
339783
658121
394453
364559
684370
213893
571
916378
758550
162633
625423
343119
835410
614422
575378
985741
161374
363457
224143
399939
606745
166527
663133
322042
36980
113440
763330
306793
52475
580747
522086
843422
970316
928468
995073
247947
999907
867932
190654
483211
558722
936879
676980
94944
945804
150844
918308
66008
905670
819926
857294
238443
923230
372574
607139
183935
148226
521415
942435
241917
794700
260043
657489
21327
320043
913527
91748
94903
269252
949912
91627
316679
81158
579473
705698
53705
847998
558827
926568
390867
631998
893971
951300
541082
568363
340000
969259
407911
931963
356611
687363
493580
255659
345706
230288
856065
933752
835244
411636
213937
663981
367905
263774
900714
49786
864318
784571
550831
947812
820849
768187
725277
101870
196730
824967
919390
15726
743595
7910
231779
751938
907793
945302
492533
185650
166374
858018
908919
965232
147786
924335
230613
817668
700277
175727
694025
230428
444889
737689
55743
645626
429182
316200
25263
758836
869748
779277
950750
534140
812322
502512
567751
221687
848272
326873
968398
817751
845254
919180
573839
780739
880471
897187
649227
910804
304305
678136
214889
529312
567786
617145
261886
93838
939398
696526
886958
178159
576140
140885
16595
214853
241726
462002
655130
678737
135959
525968
886386
602217
898475
403674
652636
897672
578291
831385
143877
733691
318102
164127
103950
581719
615658
226659
742043
77055
516938
913895
130002
333299
778240
721854
134455
865827
415443
20848
112879
90102
314063
355379
997631
528424
143291
26576
653270
480510
241166
352245
523375
563322
21096
107673
828743
333271
838547
647155
21866
489786
381096
804560
83929
92850
631230
10785
610480
170031
910797
57805
779470
201545
352585
283455
84264
506184
340332
27786
482179
669718
607830
595683
203208
876247
613965
200697
542478
909857
658491
459891
18415
53699
596618
627405
690854
582704
934967
215251
499719
269168
877151
551402
771722
973841
352083
869550
774979
529635
330516
662201
855273
369952
343233
901741
83049
90876
277545
40895
46436
36759
732857
87201
802886
601378
53187
20530
760425
271916
150800
667428
468493
612487
10506
977829
342168
668541
21826
721789
46734
396283
137014
64800
540102
556878
471005
543554
494368
494877
106188
390934
342671
794987
635022
443175
835973
528552
378287
954655
599327
623216
379035
228749
923127
588238
105560
299329
609132
603367
224368
658124
511822
449662
74216
313346
488537
188970
608892
799641
208338
648862
969565
801715
911782
699917
835435
469645
522176
712759
218803
890657
250064
178845
624001
142560
866946
713755
710435
577234
555753
39209
880496
368815
511754
306126
73793
235896
407235
23638
291789
17528
553193
573047
767726
871785
350624
291470
880759
233558
445425
23129
612691
361870
641059
979661
757502
495950
449615
676025
805456
511476
88639
562353
372858
483792
877221
491815
988428
580589
818896
209841
941463
713591
767996
946272
830572
354828
412471
205991
171371
470616
560813
136916
155753
874117
676852
757139
31848
125475
980700
136506
280520
390287
759457
164196
87941
395255
380987
563550
810429
508971
963127
714211
906531
45894
742613
936673
308554
214600
968977
938139
909810
336614
729800
160575
899947
345328
72775
882940
877037
915027
272353
410211
587007
396032
313808
100145
501973
884480
816475
66745
340563
534677
877446
333794
659608
41649
299264
688121
157359
883583
323582
653856
698629
423891
509614
40979
695864
475628
430134
904831
871283
884711
950639
37357
220770
215284
413662
957657
145303
349183
322620
696191
23848
956197
855736
667395
26919
948986
912015
284852
819597
142110
958796
230796
114134
378398
898568
555744
708340
263014
168812
398656
380178
337698
803122
651329
34326
808154
727207
191945
699312
394575
200323
65432
391563
952762
813233
634304
863134
14461
266015
978423
701644
442899
585630
160905
274388
240354
701943
766488
781972
55110
171828
543397
915569
927080
79412
790372
314835
309769
468207
785718
203357
552657
565898
35642
991653
639291
128467
377422
59910
640681
177924
995574
398197
829513
276502
335131
904702
272846
711820
853076
38585
311742
753002
653322
321663
977605
821097
249072
525894
90132
817742
358893
81236
845084
47010
875490
186469
524541
323119
283349
910297
279067
83100
805784
866469
42461
722188
322486
501205
640534
683422
989008
561543
995118
992073
706332
625060
636423
74621
877227
668951
400903
378662
648333
283756
351686
646588
449416
202644
485383
705810
106355
312418
62588
944709
809055
557802
956428
24583
319389
706641
790023
107812
904835
942391
705217
972368
88677
217738
241784
480045
198267
798775
289686
241213
524992
482872
436534
971530
388300
230532
476071
769491
646955
634381
296321
257408
769257
835535
445752
446669
573259
132573
735463
964204
895082
140211
110302
434587
143331
560842
100619
196209
141705
265807
509612
460855
701349
103408
887586
45079
148488
134276
989522
375032
810683
689906
460094
848196
502662
255993
929107
764538
711514
445564
51570
961736
319497
367600
462980
944418
496218
898428
516193
862206
320920
718168
395468
137479
331512
769019
220553
619103
104131
28980
527031
223990
935535
160681
823490
841077
695124
654173
420743
942664
260320
670259
95131
606219
598828
108291
415190
253155
625717
610500
214105
607318
994968
855317
472634
401587
785488
236136
819683
797485
445014
113732
355292
648336
877386
940725
762242
551706
13334
393709
936645
692199
213826
523237
747342
792439
905285
928071
448733
57928
108337
433645
357242
451586
774050
436449
422474
765797
705434
947761
513764
342332
968602
298572
805742
713299
94172
145349
951153
437315
514953
936505
403217
881692
904138
626480
788051
848851
256785
255414
912927
141381
918435
261328
720619
688050
254943
438749
440803
194218
974237
362887
406072
778599
204709
54741
489878
394658
155146
730130
783739
650002
863641
238259
264351
400553
259250
275962
564503
631631
614386
212531
298485
342571
929413
363398
650198
693317
194418
571891
283885
619447
673763
328819
629396
68912
155476
677487
906401
645246
453237
833265
228912
502219
865721
283502
779472
398990
970568
57444
220515
700072
483960
515671
729187
790791
249278
226725
953841
906057
121886
258667
409537
993263
966272
185858
655331
181624
365932
843721
255553
480693
333168
596374
151896
472220
720719
274632
762829
824929
212671
62585
688895
242154
829242
420282
344795
72945
47453
466996
266308
106356
142700
660278
630635
820774
167715
172288
66713
630323
254838
192534
57015
295994
436192
814046
200629
38616
137495
393395
533948
861178
855263
608700
705111
675397
542608
169900
226857
789473
268736
413817
219233
171366
910298
595851
233369
346282
968894
572677
122131
944616
334917
229831
519953
30690
963873
32369
260303
78102
515963
407266
518939
275298
320477
271032
15514
799809
15118
812215
74057
77979
920668
961537
757133
498752
464443
925421
465751
220180
851988
390337
490778
753181
369604
689612
629146
87188
792198
99839
726045
543010
485125
260038
174469
288089
864345
561196
694925
929937
652986
923671
454364
544673
563731
74772
456892
12608
637689
111978
454575
454039
8008
10731
302641
287329
87711
451305
624989
965737
426367
431852
533617
616515
15068
673852
181448
975030
986253
638372
500873
143768
308308
954812
479228
363670
118848
291263
442355
320788
37932
585913
269698
852294
518465
576686
738184
55196
155119
310130
78012
844363
921542
520620
637782
726065
385160
243178
935924
78255
810927
170663
473292
533527
47921
760299
922910
554811
211717
439455
483006
962956
861662
591260
409188
67523
67194
769827
56333
893773
975008
26713
55732
961118
73439
432327
782603
746239
728444
249410
139231
983739
490820
595570
89624
864901
458496
61116
321980
731923
756695
133217
25500
995937
198291
626732
849778
258429
252430
986483
922320
445496
282611
978250
614441
21457
784318
602499
599849
672077
29497
705267
210449
400790
950703
717387
799150
24409
75935
193280
283545
254657
47128
70391
765017
493339
451099
767525
112764
606044
416967
548514
244835
245552
570927
491726
723477
608214
998073
810113
733933
322168
615173
979554
982346
653521
936672
703631
772361
320283
339656
68543
786861
938260
504358
562483
452327
439574
59109
653433
752080
465590
512149
681956
675447
395161
136093
169076
880995
59685
971065
18491
136960
371879
972354
780370
258744
690453
270133
287166
825901
49526
947483
928121
138016
412295
437128
369433
888386
30109
72477
920515
651822
705186
124226
602561
275795
146412
358514
4265
265546
278212
104621
616385
81100
379423
263834
267733
270812
718073
715991
162979
724343
80588
766136
500345
127826
929397
663531
767045
696852
769016
834968
934786
167826
553848
367189
336664
558247
161563
559593
618470
884004
42575
24635
829515
777873
915043
657762
203099
171495
897386
420341
822125
55645
890839
993891
759146
726747
852079
337812
494210
993275
57202
998548
267821
699334
317494
781151
873030
218008
913366
532999
981105
792760
437368
590133
451036
324208
462543
456315
488105
921761
952118
970418
657447
719505
732324
848064
417250
54299
810547
73352
152342
762987
894389
774488
282520
53247
454429
262573
622318
798212
93907
964139
532907
380780
511627
949087
340116
929485
627863
822124
529993
336968
187437
259780
153006
695232
89302
545893
612772
34361
762121
43329
395277
920556
779741
668393
519856
320077
395251
653852
516546
539686
770787
466957
418069
475491
479079
659976
558035
184106
563669
504677
745178
823947
866851
348742
631674
567280
164451
27980
793989
916545
374230
652175
834963
864193
730902
68738
437087
376155
805455
695909
310845
359380
492308
233286
222629
110707
187677
481643
514994
489258
434511
729048
496909
549519
705131
699072
904147
707461
315755
358399
966060
240971
960073
267902
366030
147070
44617
238279
874330
317122
423759
523013
80628
173182
731195
312637
929560
961281
312497
98567
215207
730886
867957
329972
321669
538740
51066
758164
160906
804878
135218
225370
745979
953306
259591
81028
812425
61487
612145
194808
610863
696180
877741
492249
89068
214944
5257
463088
895704
522093
40658
880952
841003
127167
972920
238183
684446
591457
471300
289028
120052
802329
971901
585332
63474
239550
117351
549584
465675
894511
869194
156713
237758
802436
826572
313155
949721
343816
139666
364580
598960
13545
157798
735631
800694
500173
522874
654978
662184
36411
656156
621440
834852
563658
368801
863984
639835
130827
148697
433159
597945
704013
337210
683536
565449
327497
730074
741613
930896
563981
395981
669555
788033
473701
929430
258373
757419
939969
965520
807002
2198
423715
471382
447866
500596
8951
416080
90342
482937
140203
628292
723191
571732
526983
69109
237417
13176
111486
526010
91655
765523
659104
531895
523191
246455
357372
314695
201569
73707
793936
304867
302379
65698
418154
596273
257438
131897
153844
564114
521511
156872
796389
662293
31059
249000
192383
468408
389272
948615
37739
463419
585133
382935
401374
237265
770197
55899
220017
454246
783260
42090
186572
659649
843223
616168
925222
552311
6328
709626
71398
959691
161414
593365
778344
729927
559307
903674
873031
704110
111543
726782
925857
205276
189445
620419
889883
754552
984695
129170
706649
604661
151922
519009
58029
820721
892188
792613
201422
6331
814940
646578
521630
558560
178959
868203
357178
269307
504989
154819
201340
379160
96413
991742
491413
269845
428672
874719
363447
923037
246588
131943
879103
463137
238037
891311
571714
509599
249008
562811
263346
11073
781383
821620
315875
429812
474675
381538
465651
330914
522141
430540
788616
564719
795112
528183
926122
791069
373774
649082
864123
255994
260398
422042
504252
322526
688654
70300
706413
638230
175245
152604
200442
958892
231773
40665
536258
800213
954710
18189
401796
42850
629571
921602
959474
782330
45429
783792
464899
863738
512613
172325
928198
865903
543637
40118
262757
108649
150223
846458
58404
43884
421659
919732
568145
159643
749825
146243
12159
205478
917150
299732
687241
702471
503023
159361
610093
921859
9649
945806
528972
849839
581966
533320
950824
885311
895791
24543
619793
750913
820729
661100
231960
580864
81395
186175
271166
286244
558603
377769
246018
916183
454875
169411
446028
204496
530316
908155
722951
853900
134714
76923
259883
692099
398853
678444
185436
774529
956680
364771
533357
904337
192511
330620
895038
813981
536256
592471
843442
715975
149218
294119
330491
722771
819640
359770
471167
785347
220326
15648
816413
521478
415746
706364
660793
144063
780714
664919
671125
834124
309740
587099
560641
497110
195543
396677
992969
79770
973049
222242
151267
521444
399625
296999
971205
303419
550265
186812
476934
647536
487600
401803
235936
125389
532285
530988
978515
707249
354472
796830
708785
942098
41571
25498
864806
415676
78514
721249
14003
562118
328167
909964
438619
761504
957035
799068
329684
968915
936661
206841
981515
374688
754351
958608
511684
381495
748468
349075
470634
707683
352637
224966
461820
972370
570435
29125
225796
214874
38981
455676
369537
570677
302960
182372
598582
198045
303907
822545
265478
249721
720806
316451
704492
461087
522999
856795
522750
401152
363570
641802
585974
71352
282211
101923
47788
53887
881952
103400
343714
973062
590326
426419
510819
850400
347584
501341
615790
846688
154715
772906
721629
858539
392569
416908
434069
771004
862224
152501
990608
863855
628929
829608
210410
492150
716994
371491
417732
867502
872576
213032
820275
405192
575479
892998
880265
846597
709192
531008
239135
358677
617224
289499
13303
224279
681323
630392
173510
677184
247413
40459
306392
165589
451347
826704
563521
204912
983274
880741
1074
691708
505500
29870
26432
344445
924810
350544
872981
906601
983167
247008
1750
699164
799563
517809
163419
558098
587522
39394
601142
631654
147273
222549
555021
700870
177242
288160
98338
696148
875103
628906
389974
277231
501243
484935
740863
307610
8316
154781
702613
455089
344270
716045
370515
947336
984135
743534
389081
955805
273684
413349
140842
581779
915080
613121
557288
910176
112923
175827
203597
973068
654243
851342
883864
450448
640788
963793
348784
659481
359640
24773
966208
795106
162238
282066
250375
578263
158706
273642
205803
727947
414591
514671
356054
724991
688876
656539
427437
73043
921304
154820
547174
106547
468947
664284
390513
214617
259777
604300
374223
694227
451898
708700
580817
908654
142685
659038
728016
949197
458532
66128
316746
348789
434089
52003
355757
960485
467473
222756
937220
398502
900284
800052
79546
652932
810449
443190
510866
256882
211893
221640
751498
721262
593408
322949
981448
533771
824388
856964
669066
594370
947709
277072
102081
815641
58536
860784
287648
806133
39138
958548
872427
559946
198906
932840
546418
154685
346920
911998
486418
457916
190756
356196
912340
951998
768385
261817
471489
291175
533484
859175
465520
13210
860143
182272
958477
627761
10311
577342
779946
656403
825318
699949
360361
426263
952495
415650
111069
260106
906281
465491
625592
256435
850910
491228
278230
336160
7536
276263
68251
958376
370881
924172
262220
291855
325969
102453
288078
658110
791432
733839
355955
882186
998744
363755
301550
874637
905605
939845
936840
659078
608975
815861
366546
946114
758985
459676
772961
38574
302290
266133
980600
675283
415240
649242
317402
685149
5470
316001
816286
666060
27120
231810
126997
471122
421091
602043
970528
84380
189365
213597
86657
877961
489327
267564
954788
145193
29835
519700
318013
718598
255579
771034
645101
460550
95853
128378
880906
985766
130539
66625
986795
387777
48084
879654
162341
342328
696834
479997
626860
554482
266673
419350
992990
608641
403597
454544
183554
166001
403224
402520
694283
909412
841587
168676
230228
468886
346957
916326
588365
624441
305237
523565
23751
146503
419999
124961
57431
803433
720083
85573
437669
256619
425655
34540
628223
503374
116826
139600
2662
504882
110416
386454
351906
123768
586598
138794
92421
997871
44073
2392
611728
596827
835494
957932
954876
969480
914747
971540
690631
782607
110222
660435
475232
139301
190623
999391
941035
931024
318693
53903
766238
676163
24492
552271
170904
674664
23522
263610
820543
424901
217645
803451
612763
385482
110642
740381
560563
692812
986639
427042
680862
106287
42054
47985
868199
382307
525730
11285
794064
402832
307274
157060
657061
686361
919247
789227
369434
809626
463438
240077
758685
956761
302091
375342
859888
915938
190363
299284
260205
848117
85961
117570
813830
702322
3575
929761
726639
80183
909663
348825
886811
429471
596116
440681
263760
973947
42053
516978
113930
4161
45820
39566
458331
157643
585512
957064
654052
928132
789273
185574
30282
788875
28236
809201
96712
13787
288640
22772
357507
880094
768533
910202
630138
52566
193180
635979
726635
876855
93747
789593
354038
378196
929340
906353
404480
652913
741933
941169
123165
426158
238973
922043
367115
530741
249332
968056
191197
61952
262968
802570
615672
353170
215282
588743
950373
443385
402191
151455
54457
191579
867051
427252
43007
228235
598034
975114
980229
333311
133164
880290
308989
679187
956728
626482
925453
734836
487855
938127
719333
610838
563276
197213
767618
452309
705388
907247
102228
548331
289885
422673
84932
79556
813274
215950
695968
120139
383053
211300
489484
73041
803930
912158
652768
599776
630667
328495
633233
610739
905512
938877
589996
73269
35900
290532
417346
507112
520202
585656
782053
966630
37509
701305
106823
577422
419372
876583
449558
188996
889615
417519
502835
363622
965145
512358
962473
282020
56449
181037
942319
670407
362976
38067
940630
596068
567926
389917
586494
772510
657154
447945
377067
902561
74917
554051
332519
183743
709629
650072
29113
371508
994240
768957
257
468999
245883
484564
398458
206312
204310
135467
600271
872252
467358
308643
172989
603266
471244
425209
75336
51082
461330
409432
327932
778978
830034
132185
163581
924040
338509
134586
104812
826364
846497
297208
140809
497673
545347
130703
73613
61709
722045
364022
929932
516034
711159
918618
293548
941226
821878
754210
870098
129645
52505
180134
624405
562329
478861
303776
628144
437951
103813
138027
231980
775818
137416
889235
140915
938637
628022
60925
391282
775778
897439
901058
19048
352287
801428
956827
804915
851559
99137
251048
770265
246205
676920
508134
987938
140094
266859
714203
59714
651199
149591
508632
700235
975608
86005
148467
521259
670383
221680
151410
941509
851059
103465
900216
412035
436597
823875
461795
784124
984865
29567
186956
18158
378744
926134
956636
790371
27430
465077
545923
506598
363002
813938
513007
685037
487958
383759
347094
434761
600280
860335
397506
770738
461797
965512
554618
561951
105745
495711
689380
315413
129139
377494
619611
970975
362740
436848
98345
49584
142635
346134
317989
167510
747672
648663
51177
183850
298514
331113
211105
294180
654498
125120
160529
182632
443810
446834
883784
135415
658559
666256
492122
51414
195200
470372
617452
850704
51050
347469
568778
511225
101954
547175
96911
764743
251646
347244
227164
592981
123912
575113
388523
468696
444966
476669
875237
558154
826560
4327
832687
15251
955821
866919
104026
724443
732823
403189
159559
763386
41582
290744
177073
879431
235861
534443
637935
41092
683426
874063
743790
557295
843128
103390
361332
647774
8168
677651
113022
702952
999401
391884
120147
362279
422744
560602
199284
162295
887791
16277
205683
155249
111810
70280
219419
839249
916858
159946
573543
550776
960982
722152
264055
148754
715203
879307
3997
442799
646039
239966
670550
898009
514818
392760
61947
933687
495152
552467
582816
693042
759794
769781
842870
669673
459133
303588
747684
321441
569282
382054
516961
52606
263832
726671
726192
221122
388452
335955
548474
205080
592538
483747
939487
917077
190325
43322
215696
712041
267871
636832
440774
939341
806192
973964
796483
718136
874864
57512
432064
14687
419099
433577
354238
150474
739481
888876
572299
505844
236231
415231
967746
335370
110393
967203
269158
643377
182399
225019
186821
986840
135757
489529
462636
605796
779231
718382
494668
270148
239681
899961
760146
666484
359912
642298
950825
787388
205410
362626
939865
108123
189943
919797
62098
747678
41372
775328
557408
381025
152388
332477
928355
689306
523190
321114
706631
716810
885255
919934
92144
177947
420631
927918
861866
744283
238924
257922
965577
542868
17769
424600
236195
558821
353997
48433
311152
57060
891890
384912
760226
372537
853044
252570
629823
889128
702360
36054
304835
338037
232803
583323
993010
246053
710081
230919
544660
114445
72714
655012
527980
206420
517412
903516
931339
202960
248497
330192
570500
815935
438678
307220
708703
785866
238904
502652
9828
311793
481778
330561
159782
734732
426072
760345
96531
161416
450149
68778
71597
195721
812629
312240
56922
137681
369679
960080
829001
271789
325263
140642
283998
12150
883019
129899
658255
308227
527961
409655
147576
755477
112182
27912
921863
708185
437969
532006
362127
490974
856645
81733
151959
425225
740935
268376
688607
542012
178964
607085
31592
612257
790754
420228
405500
269300
277905
203418
837169
192674
463979
220552
434566
714070
293050
561497
82471
925017
827339
441970
933228
568914
845266
897976
866619
965822
820558
239480
351009
824365
208549
275192
360802
66036
275341
531219
121422
216429
510378
36046
720798
322409
557661
11776
667736
439978
538727
866160
604953
850889
741978
535014
672539
744997
698264
189140
193552
15629
463176
823015
161678
242484
562560
587700
205972
272735
58562
315771
118749
472091
924255
227514
140492
990897
731085
634842
477543
618228
869225
105634
285307
341433
385197
538220
28183
701417
945464
411227
755687
701402
416357
892532
358065
300819
895699
455238
421289
919338
266353
194295
928573
937559
455928
955111
673432
767721
242254
468160
904740
88942
893690
467266
167240
837726
602016
633003
865990
332206
129639
959378
517330
143529
837895
536056
934152
153056
410776
744853
347571
858075
910461
625406
393703
790538
690101
943330
306892
876631
593843
822216
531295
385923
60807
986496
393853
293648
431266
338987
757543
265178
554671
815171
24394
585455
314222
685113
846722
667472
486108
70019
973118
262961
173706
115253
723919
792395
12823
476498
748666
879902
989030
277776
689246
28163
765078
518213
385942
339173
431454
571560
128275
811025
606570
309186
582682
845964
831958
330772
516930
655004
927570
513281
80011
49268
436899
480021
119636
724665
355721
899800
887003
992217
564145
574167
422313
200624
992511
825221
786284
892476
654168
869018
708976
55307
273876
283124
128514
50942
991544
723712
330349
896392
262627
82634
253680
628616
430034
292574
584673
686394
741562
727753
256279
242640
23241
966275
146978
773200
410453
808975
438807
142124
737694
10797
131355
419109
355543
230425
473934
562354
165964
558092
969785
161315
200428
374539
192548
244234
615795
556373
714872
615564
849497
303342
568587
677142
189639
601255
87095
586747
217644
184738
794812
437747
839182
451695
974655
779961
306974
909214
677338
84247
461532
688846
449578
484243
534924
275880
601504
212512
502803
279622
745811
965838
977643
965364
111311
175350
51638
869988
65409
662025
309482
8851
886355
905237
463667
198077
176427
31715
769667
153057
176614
514437
154312
668952
710039
52707
600604
12598
73733
925630
262609
759498
527602
244192
317254
284546
980215
790738
726561
357999
9684
785298
377880
929820
274804
498511
597483
979199
127413
666521
258488
634961
735156
820458
548691
516180
993107
459354
72514
593535
7243
865040
864380
856437
424405
916350
968614
598090
675193
823830
516244
58813
920578
929153
747641
909404
573584
801423
566549
897196
800783
922210
213701
632467
185624
707943
616398
363674
571122
402279
795290
892215
72448
193051
79327
85314
949458
985799
226506
709282
678648
583822
649137
614716
582109
877936
269755
100573
546966
627864
934050
796693
392869
153518
721608
582284
798023
718804
802
56444
67383
979678
742608
51423
155221
276909
679226
73030
68374
494088
143496
241120
858806
501126
380024
52904
797176
416583
357168
730572
275847
954541
263191
138433
777720
425587
750412
629605
237397
190870
801438
491093
712186
486499
524569
689681
647368
755531
250149
18682
564068
308999
932350
164424
371414
454902
948844
592288
306813
423691
547641
707328
828821
745652
19008
270260
702830
135081
686848
721323
966088
362252
381301
273996
11848
215170
942916
261629
792515
32505
325608
599904
471841
536778
228495
216950
238622
883005
803291
830988
892471
612311
506796
309057
937081
216234
313197
495570
823943
596891
933301
107891
706157
760156
220043
144989
304411
18308
1425
533137
773586
899593
593441
102895
660398
314191
269792
607703
366344
67079
760516
694627
344929
112443
372980
591626
755009
548534
945611
807706
231139
93084
27331
958274
275357
447383
26955
552038
106739
324543
281953
407958
236967
806056
636734
268626
915589
131021
628911
97401
537042
626373
51353
290684
560349
914991
711134
132310
544383
223967
951715
831370
336427
164426
645316
282270
329985
63841
793776
428589
732580
179849
530817
987735
167684
648402
392548
551494
945305
686074
736056
520245
325412
375324
22054
60982
368829
421093
924213
275689
132876
540799
317193
928396
727727
320965
240086
277414
282301
340020
667074
860648
401153
780443
435780
355090
498312
715784
697580
282366
482215
120068
731954
236417
693579
489875
995273
984983
288423
408458
3571
698055
202127
487405
654874
444062
713421
397641
914975
474533
397752
186985
243092
128536
378974
59930
147581
32010
970856
352742
217512
557577
511532
604228
837571
110945
82658
1352
487197
974573
519661
224566
225132
84674
309540
100515
994281
159581
358481
661613
250742
945638
207912
469202
865945
928421
944869
189245
120530
645350
672290
928661
203300
293858
287362
152280
888113
402609
332504
723382
539910
893655
966286
965747
774554
355713
425286
39750
246303
467457
940005
669001
607315
653911
959013
97471
437591
643847
529892
859303
604799
851248
969497
441591
940009
165237
467688
915074
399014
826394
243333
248800
609601
957418
66184
92801
692374
642564
51573
373057
210384
507339
220084
348584
227705
841779
736154
688087
737233
119001
315951
673111
995299
417334
472377
411028
472557
832494
572093
579393
355635
937869
380964
625190
200040
292590
838825
158209
672991
106730
124354
27465
520118
865676
389562
55865
304293
127068
430199
210498
446622
143018
215070
632247
458787
797019
222172
42676
936737
200338
238202
536512
840107
622390
596735
785439
851687
973576
857950
630643
277850
249393
889482
635358
261574
91348
707735
311463
480187
715358
560011
156006
469981
382918
557372
407002
532824
210373
175145
851303
288775
134759
123827
284787
14548
235984
466468
182699
96725
597938
804317
398729
962667
620023
551113
742341
42060
650709
710970
595260
706005
660912
463779
633029
182603
442063
629474
284300
955687
632813
8674
516600
141014
332260
414760
353819
221686
46020
389881
381922
922867
534107
816228
358248
387553
862567
213163
903479
840454
30198
948900
922342
571679
581842
911818
982807
575909
314460
410983
279289
769479
193086
764407
558006
408403
739140
972544
333769
264607
75687
139594
587471
842576
765834
967715
872617
964421
424095
512002
186842
650915
452174
849854
221409
453432
217502
944219
944699
712750
785777
599287
431385
969292
116415
496078
816069
728395
929666
153606
230214
109193
48507
639238
254678
850760
743812
748428
113668
302669
67682
395451
130616
157684
523924
755217
882263
979178
983737
163768
310751
813714
369579
992953
651611
338705
292704
405609
827851
346645
498352
655291
193012
881237
861189
447100
267034
514077
627652
783049
640518
243256
306535
948064
653422
117358
789041
324528
328296
908683
649435
382614
842989
854637
271813
788548
585956
417133
501520
440318
167184
436209
601479
788590
156660
31008
264798
778073
441431
31783
691266
240482
367213
310830
748999
514350
4024
53078
282213
505259
92536
757711
937581
826250
447532
658845
480732
198123
378771
170041
984892
618644
483720
29353
120100
382771
391501
610458
494865
17294
991149
188620
667725
780332
761765
862954
649062
462069
355890
396569
333705
256446
71877
325268
952278
235536
128462
334951
292237
798417
8374
885721
615544
565387
353393
222425
512155
166508
870671
814860
960370
84319
473454
338404
933613
975829
96263
977497
755535
72542
291906
291514
507962
806811
731408
651504
39785
383393
284934
960789
360042
720769
78996
773076
357295
152182
44560
373983
193421
340294
741995
607934
859847
551617
944017
511523
311698
222332
432516
633854
839588
347848
637992
808158
201770
766498
163853
337224
991483
782851
655887
686077
670309
297578
505506
542820
554582
340866
78023
323131
889323
78134
129951
43736
542728
238948
89095
253495
542938
65785
82975
193080
375787
188356
37060
300733
48005
492481
530846
608219
968679
74326
835636
518998
189854
228288
920799
228258
5781
424622
295401
316610
104343
84727
368643
274803
988848
386768
439274
947511
523968
891063
454353
720637
748649
168134
136372
636245
687061
719452
67370
671364
326010
467918
74911
642773
850171
987878
781665
775127
470272
553925
718742
916962
916884
492634
178981
737051
720369
548429
140301
753283
418086
823698
85559
341287
91135
501160
629791
53327
159646
879720
752631
532513
715852
638590
451554
928098
486234
628358
350481
56306
471699
543959
496541
568446
19637
581595
826794
519518
208932
589442
319286
360624
536610
878969
859753
826466
864102
276304
40697
580649
398015
184091
666065
999480
8273
42583
989863
823982
570384
242826
975024
808320
182264
391841
652969
713448
360481
481143
779847
180259
194428
681489
240952
258797
250966
139826
265349
108070
545570
682867
953608
14243
857134
735083
948146
452925
308370
73459
988995
959627
227588
806190
72365
810732
110305
905346
488475
727244
691560
247371
505058
419004
335641
963688
650592
28176
168760
910064
933397
722481
562237
365581
116423
915154
923007
334897
30437
512386
505073
155793
613301
921024
842785
748357
829093
973172
471845
741873
362826
826607
994907
353429
814523
25827
576095
500858
673398
909877
63998
335549
856001
773609
490742
617582
790015
391264
649517
705016
454517
485389
810222
783735
209982
731122
56746
580174
428705
482528
208422
738612
686453
30201
45551
215710
914767
539735
99923
694223
176425
759988
13019
383245
951122
726777
240293
99165
809752
544604
305908
893952
71804
406402
462460
167665
246278
646314
291777
443328
953584
356705
825472
551416
203161
502027
487345
173017
690951
21667
765274
92759
974229
291702
652245
436137
930603
43429
73594
371060
647803
377825
115051
992166
594455
695562
634132
611186
916955
543957
996920
958850
932390
4894
862667
898149
997780
977877
851833
582833
60355
191931
393996
993695
236163
262681
490815
973678
712036
496437
573842
224402
404467
733661
101278
807368
335557
152266
904700
685691
620247
684264
950102
158122
128688
186786
251300
733073
267291
388224
333488
626338
32466
785166
234350
556168
73281
54025
421399
758240
279669
69306
310015
451011
903752
936538
285585
697706
887206
911376
283101
786654
138739
983565
456147
78595
166644
388806
272674
453163
595642
519297
935341
403888
194695
434256
496532
714376
840806
186280
993289
534210
655022
789918
242546
70764
247043
587405
895183
171737
494681
908336
433695
553509
665305
825970
120800
843995
17917
545281
784923
926560
152977
78336
450090
802486
712455
36044
748815
599354
510120
980008
745121
69689
65930
407721
780459
486804
365185
2096
966199
883541
82534
452035
74041
230844
561714
152703
87337
313431
7926
678645
728569
618914
959563
538511
57247
745192
755483
569671
524490
121862
687470
365120
600407
811478
118489
685264
451453
251623
557835
706082
330911
866536
499522
563268
216104
448225
532023
334903
56214
551275
744958
971659
431971
91426
480860
282760
107996
616654
989285
448425
762377
310448
648295
639599
977540
949277
613728
880006
834898
846623
486221
581361
205378
654115
287090
701727
272640
826431
880302
50176
509774
116641
509054
631585
165623
898555
57158
663496
362702
49042
469833
575099
656688
598278
181015
832565
718187
86553
177203
513072
29877
402036
689230
42945
706205
959573
121503
956614
18163
464374
460408
824214
775157
558524
424670
16091
843804
207222
251380
542719
494997
850190
403112
590560
479497
897113
645693
996562
181892
59893
884991
44759
883122
66117
617098
22896
710283
70490
82600
762430
792099
461257
185386
109736
270807
638120
193940
28129
827415
691188
344388
224307
489304
755354
294774
189916
831193
372958
328652
716057
841968
346653
825986
711336
911519
930838
136745
811145
507293
652955
615308
232551
134213
732402
528689
602782
528083
252900
428205
641592
818169
43585
564936
25381
875068
419031
356740
377369
337446
661790
198199
641261
606789
116186
160060
490697
250949
469217
555588
714186
487906
178000
96400
752262
733774
541470
454294
745290
556107
793493
606109
431558
310545
515250
767236
687219
790460
294441
4609
933679
272782
92650
452459
57080
792357
836838
271048
628392
253942
560396
122683
972048
871991
775320
407098
510344
213146
960668
951800
538522
904544
761824
535960
46691
86702
878129
194967
227443
201360
716070
11518
185232
769215
740094
461076
952658
615453
808626
167079
135846
595322
765388
502083
862445
427584
172326
827681
279148
657253
887449
121372
166770
484470
668935
656478
670896
625802
35076
138450
556801
321221
942478
955018
271730
691520
501077
859659
401243
934533
853461
143573
606389
594281
385386
884921
184430
181739
721702
971995
670485
136491
138974
412665
88190
160602
294376
573059
346180
586062
251126
766184
14684
288643
113764
158308
20775
120812
579701
299452
451572
774675
55716
24873
652871
660886
713950
362326
956248
770673
427344
156462
811959
283880
675659
37743
657231
376914
834975
508386
588964
311745
135356
184001
614797
859917
237812
706549
392619
328607
612460
27879
787363
951164
550569
833871
863497
434508
515844
404473
25801
97110
801051
215307
684115
10336
702016
167957
273817
14748
759492
842388
466352
535004
501650
309207
934971
199840
48185
479327
512768
933491
4459
962106
166684
844283
586633
879731
781218
893449
885094
902080
324604
943537
690225
56304
896122
830503
810916
521428
227834
802861
725074
586712
83731
344109
191787
895849
485245
202537
746361
910350
376411
39172
981000
542741
475470
408039
63269
630971
871118
799086
501286
545824
110231
430020
154049
658083
650545
115535
704998
782937
25931
460751
916869
166318
473859
972109
237867
845065
866657
447794
5463
178125
884566
358969
860723
476622
525247
777124
827640
648444
995255
985077
715893
19946
896614
617773
962692
110329
379930
973157
897725
576267
396249
251952
225042
745529
932162
804875
325247
978703
889276
989872
515821
962377
110104
455608
876471
43022
427848
260009
880805
657275
157094
643710
276271
798042
957496
60300
789363
272041
140751
926969
394723
390226
853403
803093
82048
51320
422826
799346
112397
550405
810982
486358
294613
61864
658100
24810
983514
993094
262091
888067
632175
438045
937544
229684
392032
70001
28562
444976
359273
594595
17277
761609
525110
637603
849434
56514
124496
733584
280043
444716
10849
51810
125715
93779
102784
568421
515497
893354
517782
893851
102935
246012
266485
474337
882057
773119
403771
474656
856891
342430
499663
495319
995052
668074
948289
642293
735860
785537
120241
907850
505351
869162
931628
567052
38326
696291
994335
27265
906750
668475
891360
661233
740032
545631
377174
67032
560393
13486
880456
509322
689939
361957
763294
78099
240274
549615
934260
487175
348230
687199
513396
183703
640778
118476
185035
53819
716579
871898
230227
270186
143137
928151
585549
24533
365213
983547
621954
256671
613509
850195
679089
245436
146553
490749
812667
546875
884916
201160
531353
758652
341488
587524
325947
958798
160594
94818
914159
884181
286944
907818
61441
679886
139461
121807
422707
957511
864801
834888
58396
530966
687768
271707
445455
693828
435156
347491
751783
833911
321721
153303
630835
683115
973961
82395
852194
810209
493955
836219
888261
315302
617772
847558
55628
193800
612687
300005
619901
42761
55556
298665
288897
615727
104777
478628
497209
952257
970287
643109
920056
982917
982377
762038
890351
513450
135722
648106
556769
569443
756880
277114
844699
121940
396154
709964
995551
323961
937670
559019
429300
684881
253760
64713
395974
486715
212815
951843
603939
891240
602365
887208
435325
943334
219340
75052
174141
459490
441287
651967
505677
983026
137538
720618
724481
330416
794454
238216
919678
395707
487750
139479
371997
777411
969453
81684
466227
378635
172480
670991
754734
791973
759991
661761
336126
394604
800107
982120
804865
527265
533794
906753
770615
727320
219412
444520
662589
409777
686727
18394
87127
48834
302644
317959
271242
644549
434162
359737
428653
296433
132685
391597
840129
358458
421712
819341
102393
627045
782076
230339
25650
1178
724828
815085
444868
352249
596444
296557
265433
711924
137375
422621
167734
958582
150682
853322
914065
430318
198351
251567
175407
772310
745835
691122
407244
266918
465841
217606
82349
712301
875934
524463
443109
513118
501624
539715
763960
587097
547681
494914
804027
734952
876268
93259
873773
799303
516610
727860
809872
69735
9730
98303
130177
720049
132527
685929
999536
698080
488792
948031
307816
442842
991521
429543
469347
841919
979980
619650
149009
808632
78299
897889
235905
426851
679268
7115
963501
246612
450700
921121
927100
334776
184088
338274
902756
121816
282372
692826
378539
998860
400269
756178
224509
193402
407665
420978
157593
880505
351175
100490
904801
6418
250741
601311
370360
704070
423315
312330
242462
199035
383752
223603
562481
56872
260854
618033
408530
998411
147968
472216
76658
380181
155306
46033
475522
694787
857964
907817
564636
67824
991781
151311
516113
580015
366158
701370
593118
912336
9949
740197
958794
505053
926274
962442
250727
183242
87130
26451
784328
373181
564051
373365
990259
864341
889309
205391
608464
183672
515811
120595
750685
772838
605463
542489
360382
512056
465918
750015
618212
473114
95056
134751
423287
582895
510195
350791
607713
533919
867139
21981
591221
335883
519867
327011
673179
266881
142764
858690
528819
812982
513266
126908
435514
568867
129499
165338
956286
449883
130461
304425
42189
38676
81352
823045
851173
665865
970718
422209
269903
505818
633162
171003
913971
145960
141480
451559
886057
432441
124259
971223
599461
438909
944378
922722
49189
345053
595132
940915
330671
374543
845334
491432
831739
435883
319780
138814
455635
775925
956975
940118
502553
480328
323572
671157
262173
822847
421078
194328
468611
862856
272966
172130
45914
874158
93799
332436
4359
361026
846214
165518
89896
361948
912209
769369
457082
494378
556545
840838
130684
567665
461560
441689
308694
983469
122123
172160
232014
616064
615388
711540
844618
265527
838982
547425
481866
844862
401625
261100
372374
188405
118506
173680
530512
642822
754702
611041
392199
871632
521121
63278
480273
203353
491444
552887
65438
932465
194761
350806
535476
361760
786946
195648
904698
826204
464815
295966
214052
787229
514654
988948
625123
7114
556747
342814
119725
495112
937609
8249
354194
293017
782174
361431
499761
554315
701748
536237
294552
363885
110362
327071
167746
65028
653501
73771
645268
768995
271145
646133
845435
425593
732497
249414
667826
337321
674229
904237
366634
95023
397253
817243
178969
454933
922805
494838
919413
695760
402486
844932
618093
300214
699501
577664
356877
288421
396840
228586
595037
595708
658979
101446
989018
183197
365532
246974
787882
149417
867202
654414
579529
945389
324173
776202
270270
981813
67621
391270
543335
434689
244165
950005
50773
990675
761485
472219
451754
352340
638082
341386
72985
348424
247475
36088
211742
70955
871929
790890
650088
497882
590915
421112
534965
512343
426030
983525
200311
961369
241323
584611
470632
273108
537879
676576
684917
517220
523050
419113
217468
180915
416757
823048
327718
219869
766399
822829
311584
243509
704439
661179
883398
80925
258138
407947
955101
290245
569202
490470
949477
303170
808013
706096
515639
683954
87295
807774
916875
106928
112316
799673
541806
541722
680685
612556
311557
796287
125292
973380
891272
994480
993905
388899
597960
226635
774503
556230
599585
292914
804609
605653
603476
860134
421730
128302
247902
754540
104584
759078
979847
267769
655973
354437
151236
201763
201564
444933
558800
771593
262974
463800
986832
479023
89871
659216
29953
4639
14804
308090
759035
618675
29632
301041
709371
387309
512592
305001
915658
393013
312840
813747
700091
330382
135996
350720
509471
848451
735741
287822
331507
696116
7606
16530
634310
968658
679102
524918
167180
233096
825429
364269
156360
933438
172236
959672
678392
487631
92807
452252
724410
139630
540095
411408
800054
301299
263112
258497
809098
473715
958371
359767
95482
988480
108984
619548
987871
937790
118361
590947
913667
343886
991841
126306
357076
576055
860352
770489
300959
263698
682801
27708
698933
795725
290984
913937
43366
667042
106931
773508
897315
161279
6306
379666
597434
206500
881522
142231
489587
781445
4929
539042
990707
575413
853585
657980
841775
996881
90701
369852
248625
413967
49059
748545
529005
499722
197819
169236
43529
451004
296560
89623
792696
263626
331242
444876
840632
514491
300228
571076
564834
281895
313716
467727
241889
553002
176953
429689
500824
945589
823462
681165
820284
58787
655917
259870
130304
172120
349540
800158
277380
547354
51773
652791
261116
511106
485061
609755
564943
628232
849377
66122
48966
698815
464923
576191
180433
953542
606369
232964
200120
271518
138652
611901
539405
285397
364535
741459
964731
678866
119626
582199
372772
372979
300713
943355
95281
475417
775647
28632
380132
281929
762140
39716
798580
750561
880021
208948
883780
841828
97115
337099
630128
994447
802341
454482
995542
762159
291161
428728
73628
118948
579028
729340
776372
88010
455256
911934
713409
766600
117541
5936
466930
710985
51981
963438
8302
4387
841468
451106
48280
889870
830890
461271
520315
474864
61446
830744
72719
548497
129630
928359
262915
594560
658918
306488
474156
920672
26732
673972
848234
896693
124864
741469
472051
130861
694171
569007
577586
294670
454775
919681
333917
781404
821077
218414
165632
724710
188306
176811
966197
319451
574085
417743
398299
934818
535062
904416
357359
792560
873704
46965
626
74194
77199
742505
451146
296805
273559
34534
600242
357285
192249
386748
545430
192782
897357
611912
235770
599793
238824
96835
785253
882629
67090
782676
403396
329340
443955
89328
156442
121630
443906
435499
45711
761746
101551
711503
834553
991313
206300
949936
868014
530903
467707
686335
675639
93612
927050
169550
409806
724315
767159
691327
942157
437483
807061
503895
191231
252475
491925
381587
835688
827033
915451
717469
134312
925916
694660
551352
878205
810001
647291
652530
742758
283732
978985
254817
640162
350857
331306
484235
99609
180528
999187
784088
523241
754696
657059
519439
98302
669093
983878
779297
887018
155800
94536
943076
879734
600078
910458
466940
399461
478868
602899
685796
192585
125564
230514
523667
316376
867693
665964
200225
688931
543521
118363
371364
919435
659422
429412
242542
245696
63483
621567
575952
187239
143123
328611
286661
509587
288672
412925
473629
180837
362471
572396
908596
731987
105574
159915
568822
903957
661687
124924
448311
321274
280598
834347
497950
482596
461050
631607
774581
5982
576339
651401
288276
962684
85002
905226
393458
528869
315852
161527
699583
765190
254961
764048
886246
777997
454823
370607
980862
636661
200380
118746
414014
112266
830606
942704
71502
348704
161304
768333
686841
325061
383901
405444
244158
144948
73530
631883
820121
700942
426381
792453
301943
967427
273947
558061
939213
793004
126293
79746
82256
192533
941268
480640
485642
120473
21872
73534
840724
631171
869912
250394
958288
247354
46912
20233
112648
973243
642081
541944
832622
87278
681266
344381
144250
921111
468934
521225
823517
364047
4499
628115
158248
224781
466466
391543
601854
586748
887871
95472
825953
3965
216300
818269
884857
928443
107834
624230
462480
502870
593883
298757
841431
495671
60059
440609
30212
226516
645365
272760
929913
599614
736538
266843
78146
259640
965718
698027
485037
438083
583093
796487
691280
409014
669215
93229
671434
712066
307586
440514
736983
8194
218755
686258
111554
457277
401089
986164
176669
707154
449194
746933
78760
302781
870131
843844
87927
650971
310112
225007
991408
198757
5451
742229
197144
218394
634331
811777
369427
285094
481695
54832
87291
338693
655723
331256
233155
372742
765142
782663
904240
4318
658435
471075
257604
198241
113345
887145
856938
273971
206480
271051
297074
791255
431609
148698
310808
849006
426888
478416
758695
502849
491014
359423
261458
47728
399024
867832
928430
461525
296459
644337
278944
223845
62082
605939
500220
766760
445806
410494
352453
102488
548279
728689
826246
749257
152839
277560
607928
823303
932695
298647
600588
508893
680039
222534
595202
892970
37179
619338
764665
105150
406289
352162
868359
545807
494811
813049
330730
35325
110016
619947
313294
679809
851662
160559
855142
934648
537608
866972
315512
624169
113045
225963
450894
358427
633548
281186
189695
621520
267674
704142
367461
596881
784721
771532
527760
362363
746920
906032
371148
40363
849096
901425
522800
338319
765876
510803
394643
926862
629723
82520
525380
313858
613277
853354
162787
321606
509657
3831
228784
482592
376561
310383
157302
283203
983178
414653
155864
353421
681916
757
531749
961560
570126
478017
394384
649322
805013
538961
151483
409297
866894
905549
886105
382825
715339
675657
368530
928456
239585
806896
895022
845145
340916
615716
693607
241852
862746
934990
261202
190636
330501
700874
427064
952244
541174
490263
93788
388888
930332
984384
599983
103040
268629
453475
804418
778269
936682
209946
515145
334292
498226
503993
115885
91155
966915
761917
754472
790905
666272
627141
634171
981501
867327
768171
259749
618654
276398
829828
651652
483678
777578
967079
167396
536638
963923
646598
99006
584426
15425
877301
359530
568200
250500
927547
980084
901337
363485
100767
412238
765030
864800
436184
181347
552719
790757
749168
573631
984528
817803
351985
486882
535702
25508
959967
373493
354365
756612
557353
488234
386668
732427
853336
781160
423813
499563
945036
43742
878394
890410
811481
456917
432003
53538
612802
771501
167095
450385
789757
860109
143059
738401
129727
480916
559093
95982
51185
311325
82781
426700
919380
262753
301042
971875
602902
18819
290435
613600
318101
226698
78329
257223
514161
763043
332091
808091
821721
347947
485043
97877
627930
470224
521237
942539
173950
954277
857353
166287
137447
891326
702571
200464
546119
875481
487151
16764
43664
560513
81701
546269
16349
191670
50433
413202
574168
349095
469734
502102
760605
731174
166657
193494
36126
458099
799132
742302
513367
691961
55499
567743
491847
15378
884536
11667
577945
683980
885441
205025
825443
682002
265124
72225
365624
349516
553725
860105
495479
294591
237345
101010
419812
751793
648181
172392
344378
858891
979226
144404
912040
81921
17246
935017
437209
291965
483401
410225
107814
609947
25275
761136
332793
578983
584959
506061
656709
322612
89193
821677
674742
791842
352896
232225
938543
346650
748866
226405
655090
422462
596895
837396
43513
512328
678263
423517
522180
61943
547794
514589
197442
867800
121888
898965
75451
526885
536656
407011
20706
894334
645370
313020
570928
24566
364638
639616
687024
651579
979400
203679
755344
613820
189880
130180
447745
457990
61411
10263
146924
386713
456097
644788
167676
271837
715013
638274
498288
289572
896841
68198
340254
946219
406406
537599
383395
145491
976533
978164
898316
319961
395628
490566
89981
877784
54801
801869
653246
803464
197430
622842
543763
306411
230616
498556
172902
976709
275622
434399
584851
501403
688575
107411
430874
42613
698474
313217
372520
356834
797154
10227
256858
933040
997348
649584
842778
498703
672543
263145
5902
979186
735879
873342
207948
109493
216720
933082
111454
446898
772966
419062
980357
427648
660183
370884
280053
407675
569792
707698
224466
844942
963114
701617
269853
297104
103574
721542
925631
610097
729943
235824
679003
194534
480443
190375
884753
451030
589352
444206
596086
815613
489677
282092
578494
89501
757658
197952
70326
540289
22799
874450
397602
853557
143476
203617
840383
860994
560588
112651
101517
881052
883885
430256
365327
431382
931219
601581
906320
39243
246662
205243
474272
799420
73944
767771
593851
640311
128474
935576
280781
167320
662559
938906
615588
548684
368271
830947
511624
997206
597049
832130
729566
151145
71132
450627
34926
483542
961190
984913
660392
370149
354043
333943
781950
40078
90541
756008
450391
601668
863047
381653
29812
357152
159572
222177
27360
98549
145560
601677
350967
168081
116529
310755
331999
99077
402382
465323
463171
805706
448289
35069
385927
884026
69656
371907
570103
517440
507200
118983
968927
453153
915280
641196
535836
62801
185761
18396
301412
752912
12546
710859
654037
368890
84537
593861
387140
605784
974417
549988
231863
364912
356050
908561
846750
664738
132995
455248
912033
561168
544835
814667
822711
326948
230159
267486
839110
153347
689656
912613
756800
272137
187289
633669
136410
243658
212616
320222
681031
830682
56860
631696
499955
680734
966879
271031
516432
438001
530035
702234
597641
59010
945359
49302
4980
288169
662443
291417
5661
918119
408952
204949
48133
385559
216182
619963
95599
381115
126324
719918
814256
820676
449055
722500
683210
717816
251391
1082
709848
146893
566567
960024
929197
78766
784954
356826
715938
112077
828772
546228
534665
722180
775230
953271
251013
221668
145699
406191
880595
493164
344753
713441
464563
348821
367806
104694
31022
566982
575387
182139
707545
49432
172436
688315
764101
393634
215502
396708
70562
939203
533111
684389
881502
953008
139218
794566
430456
741859
268953
536013
342926
832119
420004
905268
409832
514613
105221
833758
900685
293800
298684
397235
599426
826690
857284
896441
280171
641962
669376
66214
858902
174171
931744
75454
897702
310757
737321
946656
293223
453908
391224
892133
912753
889535
509348
589188
309470
136173
542616
848423
600660
407879
727121
201848
2194
45975
124071
235176
668386
269035
917460
974186
553673
679193
423244
196155
181083
206057
457526
886789
966182
767293
813926
437503
884695
300092
561374
183670
804129
423699
68959
728843
311721
860233
135270
524941
288457
231083
894108
666977
621945
174035
148810
3956
669111
66957
322483
630184
271044
562045
622373
481231
211815
505304
37947
253167
688728
319368
553598
495737
284144
791108
801339
424661
189476
22993
183849
757719
845122
259044
821577
446857
128779
877840
518702
737214
128171
989144
516236
796913
729299
44179
548401
498060
761947
795932
474166
200773
126353
414557
538633
360576
808044
648102
695089
830945
983928
43240
121208
889611
703130
968806
224803
855256
679044
889756
112158
728722
565433
511591
571469
577026
11675
384128
608293
27876
980223
118097
766521
474642
637820
226947
833845
646891
204746
926342
524782
696912
551477
242402
80999
572804
650393
137490
962164
668401
475932
683669
252371
28794
822781
628722
759743
886390
7191
411618
232040
222918
546394
254357
392886
78535
116465
805672
913412
686512
838188
154413
993965
989569
82807
683510
732753
630600
674443
125071
254793
920709
887546
607567
727837
315084
658186
813364
602993
502
391586
809683
84557
818515
933860
68085
789980
51881
519336
281117
221912
997511
477674
933435
916664
233928
156145
687167
709193
721146
379238
199997
509899
511583
752456
898268
716341
823878
963660
731057
53395
721239
830943
908124
545060
699357
158768
329517
994621
879361
776070
351757
424688
379961
831284
61800
949589
821463
47210
686344
262219
408237
884814
633582
197541
100441
241516
540679
247173
145856
412444
580608
885356
32569
60029
278128
990774
990599
355808
512508
416276
649797
314250
136486
504642
532417
369170
231329
200671
664062
686956
938121
956796
276241
377504
631010
333810
2315
730059
236130
850542
302957
350689
675965
501467
509604
827809
961358
724060
638589
621595
721099
447331
48069
47478
377052
378675
75213
809004
337944
875926
530330
230431
213284
588049
313582
166448
274094
408743
328808
438568
579514
9336
796760
454992
276508
891930
99138
256114
480114
340255
19354
822453
831827
976787
793980
682169
871293
852756
300542
525986
518829
967598
572336
815451
501491
392012
172338
497679
969059
88864
690659
922633
830209
364994
701799
835491
902512
90644
547208
331053
377404
174045
393820
293049
153498
105932
280091
560414
623852
971257
277663
280077
104578
414928
337251
429777
316620
254376
890674
162323
458578
698652
137383
302672
550615
716598
237473
688743
893600
271960
918467
465008
169209
972757
754178
979619
687298
493918
499024
955982
324563
686957
545848
665988
267814
27920
315626
639222
297788
629417
93479
951761
47523
843333
147840
981380
58538
914372
765630
829196
25116
72851
510834
813466
136837
131683
772372
777147
355441
223124
494936
266806
309918
515518
420087
900490
171572
165149
711479
118756
689279
500496
237383
326581
377723
993298
411929
82947
260164
37174
292194
378427
279684
128364
565347
800369
511851
438602
526462
123649
790200
517646
294208
917625
954187
942787
117585
577791
110282
344854
203561
476786
289820
567569
928349
802691
825916
675254
93919
203769
563228
610133
905573
837262
451474
245122
969434
49479
273088
48844
37691
184709
498734
535637
585825
105003
102109
288728
688623
282629
521631
306029
478208
169728
282572
55646
216111
301322
844471
426809
77166
71033
44272
649057
285860
829067
715978
778098
173694
643521
580757
123292
595651
396224
391533
441594
570257
111906
885943
249674
938416
205184
119399
232260
727738
770751
623900
156029
360556
788987
539785
856977
890304
461158
950222
289150
960394
714437
507814
805621
421037
456599
111617
801581
763322
273204
579994
807162
9515
188690
548298
817736
450352
127448
596890
705561
520506
284625
801226
494045
502263
730150
345823
827077
82401
382948
903867
777611
344144
966480
671492
546481
263640
613568
201323
834245
775191
809448
242084
920729
291698
907223
430227
453539
143333
109009
330089
170172
195235
880570
550273
327877
899682
291275
640737
315115
534880
457684
670796
223503
308995
756623
377480
895838
670389
682988
134592
913930
447594
860207
872541
439969
849594
765356
818192
342763
420822
465377
927868
692595
243091
121946
697506
617199
237604
134729
749570
486824
47248
188297
750131
67553
62748
707912
602093
835678
156223
55256
518288
287601
133993
853242
342046
816742
119281
305511
458400
563462
208583
66924
176606
73218
813721
139034
650687
195033
466948
764777
876948
198556
21312
186169
808498
948715
647061
284832
197722
433506
814139
78796
457183
50409
528380
723929
556647
309924
175469
553649
940276
462468
360631
672365
883804
166643
761400
269239
300865
598976
31276
109222
43624
332422
835333
826960
652875
845115
627963
1027
664113
179333
860129
88725
253230
463089
391135
129485
587216
383852
697611
675758
263924
452500
51624
959557
851944
994243
988243
49887
130476
101095
975977
271021
77200
981332
874842
700489
988954
76788
846943
53148
272895
609709
235653
738140
886055
483462
381137
800724
643965
349487
532826
811705
554802
948441
882863
787248
720333
152169
63162
977137
356926
393455
454326
310479
878452
31134
269530
707163
914905
708489
611866
654877
125347
929928
140152
320674
826105
120086
227814
195209
571791
719274
656358
122988
755223
774012
363244
225707
956727
544960
554044
924522
891309
299351
478733
471111
509443
914430
913457
306028
466356
72490
556240
362436
918747
850709
548720
634078
283514
913891
839078
152643
867181
120230
606906
941917
793487
219900
507630
967787
54754
701566
247421
924801
676299
278015
946954
687553
621601
624168
770870
269303
190468
291369
49264
585947
747162
962823
415185
763096
762620
509784
415741
713149
518879
329343
749613
774704
942806
780777
8601
456409
291850
308927
940042
655829
684034
412081
781775
147478
242092
689283
852095
220967
909340
679352
594205
696825
925547
371174
843083
629357
62840
273579
956673
987902
277577
60380
548590
904550
852888
280072
393363
404537
599380
157070
339921
528817
923780
624324
922160
175280
796738
258958
650031
470279
889027
59917
136201
480421
37145
316764
474545
652190
743817
186366
323563
932364
881218
944196
155949
974708
793398
296054
878905
191603
548822
394593
95234
702068
262933
474594
993115
160763
58416
581399
685101
419831
506309
793333
890854
692147
647271
507706
812143
608685
439086
651213
30736
274928
719256
354877
902734
545516
623965
216994
420440
498457
314471
856472
57154
354800
449706
179222
109156
190058
94569
703437
318004
114331
143360
271245
345436
282996
119645
355486
722534
540965
847496
212884
603279
996567
411287
145415
381045
127440
521281
238871
968624
399377
157560
302760
163238
124171
401332
12175
287244
313364
636172
901433
786410
678920
853386
827610
864640
234875
861681
851686
543549
169011
979851
245861
283573
820394
753230
526850
815042
374563
772939
393030
490083
782735
921824
755654
285973
338647
616690
463284
916616
488293
799097
295719
41363
913003
204660
339533
866534
734746
503442
943894
499753
893663
124151
496624
580838
407461
148967
331613
81575
426208
580992
701987
147042
286118
420634
499655
589683
231552
515820
701377
3305
602388
997805
692896
607801
701581
274961
342229
66529
601319
678940
339914
442044
328629
252862
395179
795903
202476
337860
186088
656459
14530
323760
244879
303435
390884
282087
602472
435450
710080
52287
885099
43868
252601
600943
778387
186184
486768
418377
240162
136405
574758
378208
219502
641781
21551
436725
210529
206117
53672
642635
37192
943580
252836
56709
52766
462165
556080
601219
333830
310005
216436
921757
759427
660342
104738
112633
445429
180611
268192
74985
164895
8226
475696
256265
197714
904890
140348
187854
397190
731887
354268
154786
550100
346794
741143
549164
749594
87357
57253
572806
66266
897692
379150
764893
107103
144165
358490
558131
429166
702147
230352
794393
604964
791230
88786
490030
416333
793738
494808
734548
895932
873363
19264
28086
705794
763067
627828
554972
487633
372628
442232
311572
122433
152203
642980
476484
208462
29228
438964
813825
97505
198525
716071
765678
189549
436535
400895
574218
988076
588079
98803
362951
650212
4709
743603
388591
709936
570501
774729
802608
208238
881550
201206
962110
514061
618196
550555
589575
805893
22455
163351
814611
189952
461303
881772
707596
48599
529261
672399
282034
118462
657765
396619
528189
512696
871664
195948
573812
762163
197455
516515
111836
336463
221182
954256
900534
457738
526746
208161
490050
463503
30638
726332
663672
794330
393848
312115
