757350
781266
678640
651642
721931
363970
864765
199060
367245
615760
236739
857326
506191
425947
100938
624153
426754
710623
856931
164595
73993
555631
653215
288691
335763
592091
850388
255715
117437
85973
480270
37935
979864
484932
89889
592145
643726
577496
579651
736506
73150
623733
584
532021
148502
399193
33518
469880
213750
384790
229778
683540
376051
930267
436207
222864
327933
947187
963496
887201
825714
395419
921620
181936
392193
546945
126721
295146
73118
229931
852654
785865
211371
751180
515057
884843
719817
260
331838
432676
22988
204697
649249
700165
630789
278263
88377
83296
243217
566998
833193
563287
232150
26616
84620
361500
795123
93250
751810
435018
882821
19752
322076
19304
98731
221004
233015
325491
814127
960921
722621
612970
519828
647917
982926
793107
199294
531910
596098
733755
868004
410977
862017
541586
696757
584762
873937
802102
864129
475327
530295
936661
233082
358801
765500
458438
179271
965356
49027
88832
266893
591985
520489
113112
273950
106448
554216
841191
379458
328220
715848
659973
33202
147319
159832
526653
76717
811064
933363
810787
674045
448845
816994
483418
181058
671981
837572
803601
127424
938286
777096
749858
821738
542345
399306
333823
751049
313361
322904
709990
501580
886975
429558
88860
427124
52437
62246
681194
822687
800381
672148
381420
888721
138787
455911
369305
465738
25058
813561
650975
649608
121028
160896
741676
539382
180696
508121
481320
582004
457515
546479
337893
989017
488849
743059
740369
339717
56852
633005
65270
992461
979393
228086
427082
516507
302438
116525
314541
627589
955667
215303
616951
203804
451160
675112
401945
570996
659280
827607
349753
871510
114990
498908
750831
177514
628620
711552
584510
725396
60615
312141
845597
964657
733985
442873
473040
842450
874318
190472
328683
990361
419612
541037
888826
975811
854897
880203
712431
855056
583568
442778
276294
753672
667773
947409
78091
873670
304319
622279
608751
315850
856799
725797
487608
548260
720547
996080
706179
15404
873391
708608
160315
413369
303823
960587
787194
421792
546744
677777
50641
863606
701499
737571
524840
59025
168528
114297
989702
776117
367940
504047
67965
253372
885357
773001
842491
893344
430099
533715
96843
798089
975444
441013
395345
914328
195757
685194
81522
743067
515063
802364
600115
202371
194479
426708
228645
108610
698945
537561
108092
142672
472129
451939
118499
35195
432688
629648
466766
874338
496921
42144
935432
851508
585074
865723
534602
828723
768458
223158
55168
78988
42759
629358
876883
690685
573354
476809
717645
542661
11909
13489
792148
531522
335058
174521
116250
29455
507658
920904
658241
649122
518079
708217
448335
386965
717787
977161
98722
160798
378761
323060
128204
568796
612774
609077
396487
465773
806354
108932
960616
515923
635156
221756
144725
452526
606307
486109
445805
106475
107806
722879
137141
122838
209496
317481
775937
595102
956649
833673
496847
334908
312899
576034
567390
596522
845865
797247
753431
69800
587987
984139
848000
731362
291305
649648
292610
452074
59276
222291
769673
362396
768873
488380
562068
650134
942627
120314
313982
14350
974236
984883
1425
30230
388437
679649
582421
92961
89915
320216
299720
942676
706093
787598
397381
669021
459011
559086
676810
170346
355831
273001
764228
150739
107712
611764
344526
398477
969661
451172
331525
576030
280417
968244
781923
157044
866403
547472
48077
116595
71509
839180
306879
681839
283743
509853
290953
497103
766580
927527
55542
504062
367420
310835
404909
291534
443796
266306
657793
42412
890103
685989
90564
916500
572494
252963
846057
751526
945866
928564
816672
471519
401457
540005
893756
41832
656749
51809
453970
568413
266501
560549
516338
500777
605764
618594
20072
445058
495291
636513
135348
102009
774465
968225
387820
246376
854007
899639
990927
667728
295682
108158
260189
763852
228123
907328
703396
186560
445059
625833
183969
952677
133313
494175
746999
560234
531764
892315
820633
847841
854381
971908
124388
376984
41466
483908
961176
695751
824127
19675
982466
707858
37928
716152
360073
937157
393037
93073
114173
734827
609626
819947
830486
30150
316928
765204
668112
394838
601452
785011
255072
630405
268425
766168
513054
481811
163531
450617
626966
306771
380517
226873
995505
602949
776546
800509
336646
759376
286051
804980
713973
521243
112470
77499
465924
321060
571540
315760
129235
172223
819
559143
327066
831683
113146
632191
951793
488220
992437
948555
563963
293781
459321
285587
427457
111482
110551
700180
401674
510478
290465
607271
780534
691336
726862
919506
733712
760129
156125
618956
893566
565429
873178
644607
321900
904019
470676
20828
781355
319564
414085
822217
927359
823325
134142
990992
197155
315417
486856
296261
270785
673045
82147
549208
4863
841511
884270
208837
923262
495495
254009
81616
480405
821756
561081
453766
436757
767008
637994
796391
327142
266749
301456
496277
215809
974327
476318
780551
456680
945981
427472
631981
387736
73129
691777
751644
665114
720722
993142
78477
825718
239898
665155
72333
99629
756193
644648
645622
565755
987419
259653
695140
453432
915180
797350
475926
820411
895881
633933
324768
49203
870827
611306
648339
503432
793020
364255
932762
307218
568117
581131
533435
575795
65377
334692
60535
184989
202304
548963
666020
574072
570861
53193
433570
453077
352984
834547
884379
464683
119660
417655
9235
393226
586114
928514
491385
723497
995110
375360
143439
798179
280300
675333
831645
881802
102050
68748
141536
142252
408233
749274
124883
166549
782062
297647
617563
932972
599904
712829
253231
414223
59376
494545
592618
234994
51777
674217
495739
610718
771604
179255
384285
859770
365630
198054
820994
225894
536622
342830
350980
746595
421891
83952
651873
752459
228381
649461
998385
876994
381349
859911
974563
89747
583043
549726
505058
409698
430318
178572
448839
12573
153101
757728
353082
240657
616636
522954
771911
831648
626468
622918
956682
812376
248065
623094
978380
973111
305397
363064
796240
907169
738837
511792
572407
593547
800693
632376
776903
440285
456694
855950
625574
822531
431595
309998
233979
81861
340311
159203
443993
614080
900751
865198
831690
269103
424469
961880
110778
444665
844255
547620
816661
595899
851612
44618
43942
441204
197382
497764
927536
325982
817857
267285
682580
553686
794521
435701
563594
218832
352896
434541
735986
358338
615878
550515
377580
842154
360564
230440
435905
294748
181237
936465
74581
708765
904155
442501
834500
593258
23530
859480
433528
166469
754788
180407
578195
557869
64860
53576
680407
955457
299490
987417
768059
865785
486625
325437
934475
940152
623871
842100
516033
493311
730442
882814
644990
906016
221764
451263
571166
231
950238
500697
96944
666794
214017
426331
434641
530230
436000
768039
11547
836698
236052
145951
122862
677999
390456
305742
606321
43604
756414
985300
232968
550647
163648
808110
250713
272635
740814
696199
247295
79738
539376
808927
488463
162735
347351
472654
623884
181087
626880
123951
511673
213761
945815
618763
416395
970094
874766
617949
559206
736448
993885
478987
688753
871766
332327
544588
587464
517535
175529
573449
954722
940278
403836
756895
188524
54127
452178
785710
412397
469445
876926
337484
362475
281374
563145
780397
281266
998180
906995
644684
816205
647364
597451
866295
491993
843179
335135
476342
456955
268682
25125
987775
291400
193837
357757
61217
291789
33422
500703
120329
584776
698907
391478
621086
894103
767615
221024
903089
78807
962104
837332
244856
64054
805473
420939
749745
852121
485551
544541
679023
989120
849880
481001
304101
850361
236592
93208
215340
930383
360326
990108
530885
142454
59821
31682
505297
447680
207169
34010
504533
879342
372393
600273
330007
501924
400025
5503
121172
643254
819632
277997
679857
431772
92216
878943
794610
764681
107490
278430
456842
262309
856976
101665
864906
247085
693315
824804
942411
566371
681344
393454
163618
20416
372762
489308
816896
667743
470320
661568
970641
871768
430808
381095
611673
338359
884150
749863
409457
220177
792255
277445
656043
374363
922807
325159
909746
719787
942146
483131
375104
111077
372860
222408
315889
324134
671474
104342
602241
698706
869732
597214
211292
189162
834027
4904
418889
90345
329760
944842
712557
304557
39595
303637
264059
348052
260852
503429
216707
924339
28586
409704
671392
875991
324222
758935
126485
93657
249312
378221
134093
122052
932397
944054
984086
979674
321695
376944
348042
786905
855877
37624
363755
295421
403473
754529
388537
761917
603251
699979
663676
403525
138654
96284
455922
888315
237185
625809
142917
600783
294063
211272
220179
229006
262400
140950
466027
689181
577900
68993
97976
279423
488848
789558
521205
464944
385158
121085
854573
773989
522733
763553
134153
438116
873685
658038
840359
184190
296494
714816
156836
850807
516547
921153
565783
692694
142555
694756
887109
801727
164989
632932
705290
929324
148700
82227
821325
299162
224618
343097
353913
431966
826874
220851
106279
4773
816240
77770
42166
393188
55882
385025
294128
246838
413143
791219
171207
999409
955874
42874
50988
841931
535758
622185
817035
942368
362266
216494
543380
276471
846691
849007
162628
80350
812690
982195
926268
122521
364713
748837
698804
99962
758787
94605
144856
301946
489124
456677
680689
484644
262092
796359
845877
482091
810712
163375
648999
297668
265187
581968
979345
816781
938047
988819
393126
501840
194838
321550
117538
122167
946511
379343
915017
453920
883406
480605
370990
553632
831198
416240
221746
590285
309482
934946
374254
711156
991994
481693
800818
374842
511362
122865
33014
140334
280838
350295
481526
617229
92242
302182
342735
143431
315067
921907
850127
652030
487886
30169
708233
556187
591644
414519
491576
757993
198854
111887
10675
900646
863452
821591
42559
863062
202021
561660
354646
171186
882254
708158
79662
161463
547625
660268
453146
875873
33697
72349
512206
496246
660089
533992
17986
869112
849044
158209
439559
414063
80401
233961
569237
663843
471069
687543
630122
190514
330328
762944
531677
654960
54943
534919
482109
28356
593373
981279
246024
274939
286337
346852
824648
695205
703552
13064
755751
913556
233513
190943
587353
36221
398432
93289
52220
932054
913109
530629
812990
147757
362432
174063
843261
447475
623539
380983
18279
987621
985019
502634
759332
157737
809744
769680
165155
667232
590841
86763
229348
660690
469276
10654
939274
16239
3606
163972
984142
604117
351888
132368
205253
974841
33940
563942
896845
811334
872633
64924
200214
237086
248898
753074
600719
940798
175355
733780
160005
236021
402765
902469
22017
316397
50260
568289
306237
431404
822034
408725
166802
876437
103060
687571
942857
837287
854417
514640
652758
297747
31631
667136
111321
607251
109213
161003
341074
682122
141981
621413
799286
233074
81860
420375
999027
89219
610778
18568
151635
483085
718025
126738
549894
768134
82460
12483
578009
151912
545188
573819
260755
846380
60308
59032
134876
7987
299408
200990
6131
156364
683117
68801
296115
240893
923235
626240
880744
908657
34323
225457
395565
745051
625179
576976
767675
309647
15350
868024
719514
932869
418535
268765
597413
508460
460480
475630
764227
485443
979848
42204
447133
696705
566815
389951
509871
243308
793289
703969
784565
322589
404081
175185
310889
495352
627522
566732
553899
506116
863943
383064
946193
857068
949823
960900
844533
382923
326481
136513
725934
907793
329304
981038
984446
345372
297007
73153
460757
547226
750841
884348
639159
322270
817101
308271
189947
633739
991110
538103
209087
445102
187821
549280
761233
853149
323844
850375
161662
993331
647135
268192
350516
443545
918973
854268
501262
570811
349706
99096
470870
732156
648771
657792
605501
160774
889301
912831
619274
23296
580637
740707
843100
800731
499146
398623
904575
937528
310258
444999
696665
809311
785670
463223
744664
459434
667397
719049
203082
56917
738990
101261
196596
490593
381453
414330
539727
320637
590542
904845
504694
116919
691559
409694
413686
665360
183755
946777
893740
53905
323447
579962
270075
314797
423412
130775
46466
845336
591303
803766
236552
216290
290785
425001
482438
99167
807356
20847
637626
941656
229728
481026
22762
759084
785155
973168
777472
321375
177731
753055
622751
61935
368385
360601
393567
107958
476808
911487
374702
619634
772773
594629
744486
467951
151267
610144
687191
959262
149047
875607
657192
820026
210471
93788
187045
171635
506509
354398
567202
833630
819732
486019
289672
85676
330199
646023
48246
330480
969435
834113
405727
206267
570011
557763
951480
129633
398402
566756
221876
334003
397591
281537
651743
939947
245208
577672
806167
23114
873810
89792
722856
597203
393229
282215
446769
700274
52036
711062
783029
208839
165080
127197
562725
231895
297482
431688
960196
759312
985304
621223
325370
464999
817891
247498
112115
365281
152587
380817
663143
756431
781976
719636
121525
328640
914967
254791
455680
102080
869886
825279
293949
152071
231884
811265
788497
582359
724607
512963
667687
988287
50839
791940
679286
401475
991715
629211
911787
935400
72806
785664
372844
780217
149383
739641
780592
161755
277049
347712
287864
561262
616073
419973
282953
700041
468530
60246
333953
474709
858274
580816
628935
492365
635888
606467
96670
967327
970529
977586
626332
509066
752395
620993
952603
307470
580703
903905
862555
444676
144774
541820
205229
257612
777944
168615
360708
209394
484998
359120
877543
495307
491549
878218
381133
506742
553858
291417
964925
188128
148718
20926
72046
565585
571477
643705
86314
336445
648488
35799
42248
551818
919715
552661
475190
866845
67406
167587
811392
614963
298952
947749
522241
910484
890740
509993
70274
856067
292253
625749
506859
533800
941591
842248
928066
129687
801153
589635
392997
346066
781007
136992
755035
918227
766586
111727
500161
27096
475573
711337
642040
776020
531019
323265
150816
637219
801775
348286
499753
441845
797904
538737
145524
11898
37508
461375
663401
994247
836618
448809
78449
727005
183013
931978
515101
121306
199964
810629
880833
259773
224047
610767
245027
943687
918868
973500
945364
593760
60719
473823
38412
96152
21891
502328
6551
598586
511482
48511
709228
502018
946905
810962
797928
114235
118065
798851
574359
583074
443945
556792
126911
909253
452122
716185
98205
202677
569267
142483
465969
478758
21298
493682
634290
53534
933131
7426
986248
47866
578880
746087
600149
229419
270274
425607
828373
466775
298573
260061
578071
189979
162718
43172
859972
797700
476753
49614
707580
116644
754056
794656
898524
254095
286238
835578
919441
279458
136271
587022
210686
698448
191135
956275
83722
486426
863389
525067
683342
88701
794261
147611
500390
140826
229862
638534
927968
464470
332734
448543
755265
275255
991553
36375
873149
277988
459731
231140
692070
214365
442856
50450
925537
467432
513258
485175
459523
963266
851368
212966
203508
326328
142400
164179
350439
416981
899546
107377
290262
854561
25747
400998
292095
767072
685536
462132
637710
214805
499718
319177
957978
518696
831206
593835
829199
215028
905294
216353
363904
914264
233888
354602
526262
172116
267513
760613
811509
638340
265994
293485
138759
273569
920079
174368
562342
232809
966396
424427
509467
383629
902171
401027
842434
853795
636420
957200
693848
902818
273944
851273
27285
138050
132022
272422
107624
317642
667048
954134
433660
451234
511602
816718
695128
530181
67972
647783
27
99153
540058
752959
522850
775096
863420
718675
45713
936500
658887
434679
395808
5239
275529
821204
804327
132241
518635
240841
191405
583325
614883
643149
23720
87574
385051
571867
251212
685110
701421
458482
469894
910412
450959
403556
603593
19174
270791
839284
688908
617288
796948
706889
585223
30028
369622
809569
452300
891873
849751
762041
564688
443026
529140
1677
839683
581797
749951
467136
531538
884984
74657
115778
502123
670969
894471
419796
339167
10921
258810
334286
329404
415296
997824
515866
351514
309886
424874
822005
521760
933501
622177
556148
94122
210449
183843
10008
542373
697578
591473
658227
748226
736396
171147
244871
962288
31523
598298
705638
713593
53180
87046
546908
789273
107778
37731
40096
447184
638185
56329
349928
907301
646857
480816
83532
921866
115707
361960
219837
516512
232299
850496
850650
446066
206777
818091
69709
611184
569929
980738
217137
170269
191750
661828
327861
482930
894337
549149
371621
328055
422896
767604
86339
694091
321507
860635
842476
274296
582449
302602
148646
256311
576112
292948
198166
380985
316169
473163
112503
481306
844071
814156
57768
202883
546791
576702
382613
342626
800260
253933
197028
808845
371770
642133
433556
950390
56120
496686
243376
54855
925375
851889
828381
6391
835241
803256
853388
90475
996472
961378
643821
736855
395959
994866
564805
412587
772436
39991
390608
922538
748401
756670
431532
320018
32990
763115
80603
841570
813006
782931
590079
655626
71411
600997
268785
401308
305375
844714
379517
372079
584706
469335
360
912530
293030
421762
330167
700103
962663
881855
904833
472244
517307
549764
672355
123467
271349
563908
699400
850180
791913
642556
848487
628001
902802
406646
923801
851146
713356
236157
381326
874864
757585
209331
441851
257126
215222
752434
825928
571242
132808
959137
239857
178173
916968
944368
93118
669381
467208
842276
318332
723772
281596
635702
683360
966669
164790
259045
747692
815745
286612
352740
795353
260715
957445
609970
342398
359304
606870
678920
835933
934834
125877
367962
894812
782973
407454
739520
793879
580108
938498
579755
973211
618483
697313
380542
994957
5046
967189
15574
794063
526378
298925
450995
208515
478374
436418
537216
74369
901923
657687
291835
68964
256092
290613
573549
410015
928861
276567
945244
763968
183242
714788
905227
723008
486330
318799
228021
295081
279546
542831
168064
888405
630434
81736
882701
525390
676368
115700
392907
856904
556718
264938
212846
157170
546238
959814
709750
485990
69886
265467
907145
390941
221500
704334
544280
889246
799141
873583
473174
361077
217318
165394
317763
169467
825768
889377
775854
922851
939376
865553
234260
763524
355795
583937
916636
610483
759697
440911
630733
217939
699593
672356
201487
766634
891630
364151
96461
613593
347008
214105
434054
6767
614604
343445
241039
16511
820609
654102
98986
637614
937502
868779
528619
861952
239454
326924
739176
756050
46687
207200
163831
494936
139699
497066
81330
103954
50588
487798
554223
507012
551972
442784
800145
73762
373836
445084
67524
274452
580018
126418
272829
93317
952467
869427
432864
760113
22754
176390
580533
506917
650760
895888
649986
352565
338007
697216
104105
987003
392037
367021
999959
15430
96939
145833
106282
701936
927818
610872
975263
248044
777131
47628
333051
963601
477435
459620
73462
902055
502804
953816
207842
530940
317557
527094
897544
6401
44136
153605
749150
823897
275836
704447
690451
725093
206382
466039
913852
583911
172064
647035
716445
411989
385490
671565
678882
631503
986863
720900
609425
788990
104509
928787
965846
403560
89130
21815
189500
548607
266530
69138
609309
466133
238202
896870
766242
527408
655194
971474
1073
968686
430722
332133
227700
212843
89902
546561
236509
464771
207786
587256
608669
107134
308151
206789
541233
909880
132184
966124
921135
266182
628920
168895
957249
306058
474570
274924
446851
460922
188907
215942
426700
962345
332570
642682
620382
328160
526074
292655
316234
662847
436407
119308
9259
92347
598477
992705
638650
84454
17624
112474
896854
783589
42128
317176
947190
294788
222951
877885
222532
712637
848007
213249
554493
755372
364106
548806
820443
99753
728736
492803
338189
148099
971130
911205
197625
679554
542724
367958
368572
717199
142488
913
484601
285733
759764
916006
991304
89435
805600
120695
490123
338890
588653
619200
707268
318093
610474
356986
126802
34478
923376
59385
433530
991494
635586
74122
98417
823319
784640
328143
771036
249194
503394
108046
421449
508138
167097
61299
366885
906379
582357
96365
498422
183607
595692
654453
451326
606634
454383
753623
805863
983608
753071
562595
742898
148438
189595
305013
119687
666014
224106
369436
26618
804577
85791
117742
598890
474128
487841
409886
672363
565552
571729
69151
986700
503609
793909
46813
593369
30777
838692
472091
162237
164765
595974
911666
828740
132761
216064
738047
716931
977375
175388
458294
427020
11287
19298
86256
995759
363441
777793
373927
399806
956939
923505
388113
615480
816656
226921
895308
669906
270652
954838
218506
354344
278328
381175
810533
743957
743121
27672
736567
605244
334939
935464
616003
818247
737082
550985
592127
693314
100937
785886
662818
965175
750526
744912
111302
804191
311870
357947
812332
23903
134230
629534
879846
353991
881448
661696
578325
801091
487182
320923
783035
600383
138373
631498
914619
16818
398185
56624
297559
340370
847993
408271
72971
509176
917585
551231
471820
70612
573892
98803
654157
388067
810596
843309
292887
790788
330394
854593
336856
943338
717430
419018
311291
648858
917484
368816
494317
47118
865258
48466
16282
545718
749969
745838
796225
130454
18324
912893
475225
208892
745960
8689
413680
102030
733988
39578
201509
579558
866233
744788
889564
565828
5847
845453
670096
563947
654408
606599
601440
87486
618985
432978
500994
169506
785467
31281
945543
179136
306067
52909
4539
982424
120418
214766
141918
524408
729477
596089
55886
88226
642152
468633
242170
187114
196845
48747
930933
513120
430441
219205
618952
427394
32852
179627
170700
628503
328150
701278
839583
537414
570987
951763
362828
984769
879918
594221
874915
255803
599705
899541
212008
628245
702512
160035
799412
45000
719036
257653
676515
817452
817508
45061
486266
300296
174567
979761
102447
950685
879816
158117
535966
75519
445710
271224
727799
757548
185358
373507
961209
242035
464460
63646
778829
591783
747911
246481
202326
885647
573128
637881
666262
213025
126376
427920
698181
872171
5755
20758
259648
101813
467273
227509
461989
518191
483327
311729
279190
827922
638223
228094
54013
71272
523462
214021
749990
441506
742873
66284
114392
947161
441885
70871
612733
461017
883579
719798
27458
86018
15316
575225
30936
313911
953021
405137
164819
155504
679850
811792
241829
532681
572347
964871
826734
554994
22504
822905
447213
829058
54433
874904
782908
556942
644353
472559
955455
511896
679075
723198
913168
8410
370309
982034
117534
158969
807753
865618
140770
360870
646062
686639
161067
354518
351953
630326
262477
27950
883819
858151
976168
233213
971839
798732
164959
720402
669549
767197
801284
931567
351650
155275
618432
414269
273701
214315
534639
967824
461614
231852
305557
225390
44763
645904
906527
799758
614856
190022
763961
94406
669943
511302
269859
740345
241050
259727
604287
668650
900622
268755
721067
936401
684567
669776
600490
556159
375368
607275
395971
823729
80825
992170
481604
573960
485896
179170
926816
172747
617658
53541
783795
882377
812191
354803
732240
769042
301237
991081
291063
690428
535249
447220
101528
599056
97745
967304
436843
574303
823307
246454
57087
865468
529111
299648
152032
725200
115666
449244
589804
702690
562576
815166
740702
715329
838537
593100
865834
633223
886473
927201
716494
877585
568674
266417
665349
122641
150756
806913
937783
161104
435248
197858
391077
563276
459865
363252
409847
777070
499417
961680
291222
229677
23865
119628
705494
166595
425722
980750
734296
857039
486173
317660
206133
639202
919645
948621
783751
632017
697968
51076
255384
706187
534036
70569
764896
354007
202496
348070
898883
714044
903107
149073
14764
157348
704206
345578
818420
363678
109689
302212
882320
850708
646645
534719
477712
38031
980004
246181
186211
637388
422454
474888
721377
742236
703308
225461
936501
759215
75927
392623
951487
278754
216809
908015
471476
484969
149729
80168
276272
170708
823491
402237
559265
378281
379780
495070
381599
748943
847310
262494
586279
893475
725258
862157
101937
272727
556819
225193
101542
145530
776086
62380
943268
616085
511744
552206
477550
3343
900012
182058
738538
281928
784556
972530
615689
807175
233695
800380
694500
465500
458860
687714
249931
335004
474959
690019
695935
342462
150888
859528
72340
888261
251240
529593
189339
220520
44735
255244
743456
212409
677573
735249
361748
2475
199855
508741
604244
823974
428324
91697
785977
847957
410483
404310
745941
329140
318125
291158
261669
499432
161342
88348
941065
439085
704469
33703
987436
195867
54047
82490
39001
681216
605740
202490
157796
118966
293899
219499
559241
205029
51622
502631
58331
244713
136217
785907
239388
199036
415977
41910
935678
672301
323531
280273
970555
955291
5721
161872
363845
154878
328061
337255
690279
528415
597563
223443
24860
830023
600852
14694
350987
160388
347229
189919
389575
474399
343848
613502
827670
710268
405747
837819
268260
497782
361265
139106
141798
156325
221590
641149
581215
927223
2782
537193
296812
513002
76549
117955
936617
3763
814608
982821
610820
42787
953553
653168
893736
323168
900036
41093
608104
535748
647517
455906
56006
432430
223702
402746
317898
393224
158161
594652
448492
89873
236469
818283
258762
131768
111778
942059
921709
597495
831790
684312
770834
419294
109771
618366
204237
971102
513922
182422
200927
230806
346993
765665
721085
693344
470845
978506
637852
278878
441217
435139
431962
310952
652084
365740
385260
960289
845008
747085
522802
879895
417294
977575
593243
52362
22097
983553
407465
777567
213969
639412
674398
146272
601806
498341
91991
402248
859268
422522
352677
277570
312966
148103
948406
914314
331209
621055
900756
632939
23782
958554
59339
22072
599206
789489
242376
643417
6094
220667
604682
180910
609607
336249
397256
844355
660599
554620
172756
763069
786009
687012
158205
993481
539497
394300
748415
640677
806686
94926
882347
181314
633463
758019
751072
716562
461625
428339
459991
191167
82054
551525
757503
872299
469663
398098
348067
484197
670441
825005
101077
752873
800644
637472
498755
764507
514616
906682
977032
455602
463664
88642
745801
407630
678770
788049
866478
757388
551112
470139
665494
310436
693715
948048
632004
197172
374837
539641
416734
445231
151583
207541
571909
205491
781863
681985
659294
742749
555638
866
636390
438263
117948
322070
736374
615821
511546
66726
504792
404530
859529
310361
775148
352627
686185
577505
749840
368722
921433
749758
546586
193575
416355
588868
52019
288846
352004
76034
902458
707574
119830
482273
225488
665390
688972
291870
180397
455921
252583
7813
539610
980285
908568
14798
265466
89668
80972
535759
216836
684511
612517
691481
143698
976543
916064
306791
588485
473377
4572
922877
645745
12782
848744
171350
5433
321216
462649
387338
596735
845351
54607
574590
132835
464013
270116
475239
811023
5334
120474
578584
153202
798332
309286
682670
165276
408581
376792
487227
445429
126366
823015
926210
983135
453247
630088
498075
931443
448733
629638
653892
603646
182626
116428
440383
437580
790860
658778
406735
590509
709271
833239
9806
904735
580548
532591
629745
715419
12420
496841
588916
117079
910559
281484
752789
780259
9400
968674
840844
296292
466964
334552
326319
917210
285369
680582
51912
842058
122136
155821
902747
765526
103238
931985
144154
662232
903266
460390
188868
65263
181173
186224
39052
768852
20064
775204
375600
728049
169043
604923
23366
682298
324225
238900
524122
954
237036
658437
737793
185963
565481
702782
415754
461629
778567
154420
858549
465006
840958
687779
440776
424697
228178
28564
877681
316980
109890
585742
404895
670056
751890
645137
229066
849914
137234
144266
919253
784491
833891
627789
157084
730042
314070
47188
626691
648493
756250
783995
674886
802894
74198
204948
335256
212476
449136
876844
246007
500995
127419
502696
420350
319547
299498
717681
773595
561062
595539
381940
220898
782991
210755
222478
768782
155236
293232
371407
601864
618033
965948
36771
805102
526953
48860
686956
138418
999759
297662
726217
289072
603697
921501
300419
47073
772974
539928
597352
530486
717450
838645
295527
999122
53642
44886
525863
129456
578444
279809
333043
218987
44743
438277
314694
975483
431374
242577
204036
369572
970527
100581
592458
21583
62157
249811
167977
802785
880282
397346
209724
106520
585575
192905
856687
179890
665187
870453
544790
679232
646768
174212
727360
914682
260191
46417
31546
911592
801089
374192
721166
4380
560155
85611
801923
137476
769549
147185
513070
347404
357609
98076
535579
908085
814169
520657
304426
492360
660290
864353
65914
200534
687911
603984
136604
728480
894722
831907
371071
423341
543256
388637
345875
822272
762190
256679
889488
700495
301415
849778
542246
58259
860383
49719
357885
122143
552306
246068
224026
342717
375663
907230
291136
808061
171542
549005
574913
341745
462820
679475
703226
860902
635863
898124
249335
218685
34082
665185
882902
768731
904976
376803
764589
846110
29185
979671
868464
579032
593752
729586
85505
743331
895490
858015
919525
554820
173926
362022
715975
47891
252579
329202
271280
738804
80642
425353
688987
160964
996057
390963
734626
587287
702545
369525
110100
117480
968672
982559
783770
30968
447776
832746
566646
731934
891302
148796
505917
136376
594780
552435
518363
931060
644761
270849
556995
978041
424862
431353
950594
859064
871807
688058
710348
519868
836978
61166
596877
660093
126146
520902
957481
681916
60441
970597
610458
917178
346028
522011
465855
323966
340621
186900
242585
50975
930890
949181
551230
192498
107673
414934
910102
401445
744388
406328
171762
319775
34691
915822
686696
76600
187918
284269
619127
484240
443789
79121
11809
818458
95009
190579
611142
485808
337480
880476
263893
426119
878582
297978
190152
247403
886280
19416
160112
206304
367670
939296
736014
111508
274865
195990
415580
58872
14640
914627
7407
89702
191775
440721
807592
254311
41381
341966
242185
794991
945362
527001
924942
74367
278739
443504
225043
614779
950167
620257
209391
812156
674826
726508
952439
787954
936802
819545
686803
772827
303596
297725
196126
578896
726668
907325
642358
886244
197443
532531
199304
250078
93420
924555
198324
179212
515425
219755
907444
379714
603219
942960
735372
467706
337887
972652
549951
767370
960697
591450
138446
916533
407761
694885
845121
568376
638786
308258
428434
165255
56942
858871
781379
240372
25390
553029
560566
381854
565909
314471
252574
876839
512990
739661
489025
21305
275445
622055
743593
93524
697317
924603
979562
740916
583115
779933
205591
792985
178289
547440
284554
954807
913475
819106
174925
471756
548466
463202
132975
762349
754762
674868
666493
351987
864113
503896
641617
255390
442458
717569
625159
592918
681748
102121
394617
815491
808671
707677
739271
18258
479328
320589
882892
428157
493722
638513
565646
698410
421999
449271
756286
790067
385382
492393
403339
221105
709331
771563
96604
535706
318838
658166
985176
103261
355911
239836
432313
563336
905108
282425
369530
364286
394581
732083
908230
28856
751221
900487
357820
465712
199049
59885
220896
714185
803845
926481
60621
995334
630497
903059
774805
652708
222921
301804
677435
957927
641406
189771
903700
99213
497319
381909
576337
430075
735732
72641
943093
661975
193246
223412
182888
212922
937159
512234
452055
427557
191396
538377
992435
756960
218269
824677
992242
766758
917546
596037
715070
50451
345976
520479
850730
68693
225749
138718
140136
186587
222152
956569
868337
470944
971724
164618
699481
490245
201891
887651
358803
605583
547170
672139
947805
985480
377288
107361
540734
519996
570843
14814
669171
151123
721468
201387
879067
194517
481425
373328
398692
709311
927358
638494
911360
175995
594407
838220
23085
511350
80194
261406
605643
401581
442295
262358
526635
235964
657774
369193
126057
387362
747839
85701
899358
883285
641030
671509
414449
550009
170432
685304
486099
855267
823198
336464
82264
498631
344488
75666
756326
586316
370886
476190
247605
733611
902490
854097
43465
271846
75895
74287
248893
860419
40122
262265
779607
50673
49902
566954
497350
321875
56406
781625
348741
517352
624634
651042
613215
625302
318165
761592
496969
146281
961188
893227
803582
653433
59332
347717
566152
295394
565671
424222
848871
959445
332413
781794
468236
561044
240479
426185
59498
152230
73079
425712
527480
158611
973274
368019
267915
712935
593365
683990
240050
159773
191739
50117
663270
443140
939793
815137
626588
623532
22882
548386
297365
191712
183406
850137
294075
324627
837705
170007
219648
152464
504281
142662
805561
57753
579720
820109
732954
314557
381863
565720
774241
873207
364718
834622
80287
971937
495577
5726
885782
447837
398902
184129
906672
569536
262369
235423
740376
806585
445101
516200
840035
443037
19083
902785
368561
788473
80421
132893
390581
526594
469745
309778
715846
493516
892572
121660
64991
767561
856557
863252
168163
96706
310036
3023
245184
840
434822
265458
257044
494785
537558
43125
232002
266965
971149
703254
230925
130186
743742
577192
204226
735825
923025
147990
664636
819323
796348
711459
134113
49210
510859
856501
581219
724689
153111
833514
297634
426087
866327
639286
716566
4302
336590
271696
550637
291328
718011
885212
651824
92993
679953
14283
569778
926947
769381
168123
291999
66602
753459
977342
121429
54057
857372
479293
819003
304081
519366
947185
793581
904630
565607
318300
842533
907189
428134
305436
748540
768132
927419
287198
472799
891819
625083
583302
918279
797329
608798
380219
907599
3536
965111
534377
379634
902045
587402
928241
147106
695675
833563
416136
619843
358477
749357
335778
469832
887138
177357
296512
454083
808554
20274
986486
484631
951729
309238
800220
113311
742034
58056
271571
800593
847274
900893
713070
707062
577065
69757
399981
49120
298714
119207
945858
546800
780288
990840
797439
658188
173486
871276
91701
657845
743161
42919
17122
837782
560228
514790
445831
446866
13156
841918
580909
605811
972837
694157
56061
150016
18003
929492
445049
138018
675778
690996
795606
533605
871556
159463
281489
935156
165517
891038
669045
197062
555053
43551
920367
500864
39593
924971
526522
273088
251095
612425
431328
317960
421590
164976
329006
196947
661415
360119
38588
837445
714453
603011
872055
274205
409360
737743
244412
284372
153807
388073
303038
913278
514853
117833
543418
159956
743006
266843
881696
426315
104747
604416
133319
516519
112779
92953
938153
544194
691382
141930
488754
544758
37777
706213
380679
865473
600293
544895
157830
220381
725076
890541
297281
143086
411259
100000
148657
835174
624031
672684
248134
946289
720231
897275
526938
613261
199973
296327
222121
921542
566019
775887
469037
516272
822868
805787
808045
782564
803196
339976
715246
118645
621393
788029
676501
945451
936727
823717
494741
515522
719041
280617
320759
685549
677813
804005
51323
768136
919982
389756
359289
499869
625567
877921
380494
141812
197354
882982
246032
864497
997226
638896
44013
232657
703250
200702
384659
233066
621110
956821
740088
497769
562622
601939
708585
941460
729223
970745
993411
12171
485678
612294
682410
531775
130197
575988
137242
574220
431293
735117
962524
769675
511486
583864
724852
609679
699605
345266
407559
333685
397018
256873
335151
752935
473220
208378
89097
317820
532064
916815
505714
437789
41659
791517
349344
521981
454727
216148
557294
89153
139796
908599
386806
901646
730265
669581
838187
223605
667132
738339
352633
32365
792972
808599
845729
255236
64085
231117
368635
519271
961491
248652
858679
739741
638375
936552
822319
299331
100910
40494
735734
81307
90244
565548
405040
477701
325738
422891
931805
463592
342933
539717
395438
836907
822261
757682
855621
811228
840302
992041
123413
206118
548050
328867
5787
379067
675744
389350
337433
761086
882924
581192
315727
752436
233312
59474
775791
517839
249074
47257
474123
796922
227314
633935
172945
953059
11361
988133
381814
420268
596211
974135
855264
160229
534709
453521
403639
405928
964476
393679
384451
8716
181603
433375
940317
21895
713999
32569
745344
730633
743225
996658
150237
344146
819636
261842
610256
939417
749759
12296
899270
861231
692029
990150
377101
78062
708232
317055
729465
21615
884535
223300
2088
898235
492475
519620
478767
377275
238256
861218
205402
508231
491526
641689
616626
149593
580596
712350
797438
193263
35853
891255
57546
934357
653816
611223
519413
668144
769797
511786
469269
422371
449710
641660
242004
85658
130816
399957
397011
317112
496518
781848
319063
613608
695297
120526
790040
463092
192903
617622
245683
912269
149415
418313
931828
970704
679358
931167
639586
507917
142905
967379
556989
433105
458857
78410
720857
624827
717356
487134
446809
505947
391354
940681
162532
46310
384931
448018
411841
641856
183690
844512
862780
14344
671522
561809
114803
472047
450274
904409
792614
231610
913259
682641
460488
901761
746817
432415
64381
472931
462315
457360
400722
393870
475076
519087
698853
657448
178411
134839
496661
291619
763279
83300
947469
643297
982717
471704
805819
56231
445842
710781
769422
147355
926749
692788
465185
968593
157420
420586
124572
748925
296169
396619
801037
591674
764827
335892
25292
408371
639682
462153
610672
431906
251043
712130
516492
655420
77680
634451
591168
827971
8376
485190
376321
763977
43491
32005
583976
776277
206850
705395
195859
800419
643162
123973
449133
434295
8697
89467
434776
523954
421751
324995
317338
620646
302176
765461
633513
546553
455938
884446
396563
579239
933626
344554
108003
919018
579646
901228
930870
757774
551418
907931
596541
821509
375828
814385
549110
653632
532875
855019
343580
582171
354751
984637
803832
524777
958633
248091
943810
837507
688160
215903
590139
449953
145368
631615
386692
506272
181861
378852
232838
310477
426290
358134
654492
96681
572046
15081
357089
555679
202449
303939
968907
599745
356043
426559
667652
291268
221483
126307
698561
183046
526353
757033
689682
553110
774067
642915
395220
458730
38904
472551
125656
676145
733788
259671
403148
2761
804234
478559
582869
104133
73825
802041
976338
13754
373072
255306
544015
871406
632910
726447
772593
125773
544524
329216
493877
363936
787176
285872
863986
890501
359234
289819
908290
698905
463504
672936
163659
836054
215826
703251
820432
116170
52015
385549
415491
891215
881301
861666
698413
805755
203730
490600
895915
668716
868863
693560
687357
467406
757987
993641
286706
554735
751460
522408
630002
814176
47619
745206
231361
456252
683062
259318
600297
393326
178991
952262
634278
104280
722831
78623
845216
178371
717061
531160
90800
358303
618896
436937
610907
791672
432020
662494
443589
254811
100150
180176
152922
16981
566840
91491
816065
22661
573803
81225
468632
656592
876290
750142
940497
436800
899416
869902
283701
509829
129459
881905
539848
437882
38289
583857
856115
463249
481664
225914
795487
524705
105188
647306
969062
255514
506950
756287
239776
715537
935743
631463
57336
667410
580572
333306
334409
30802
454049
665576
241202
165541
828110
620001
898923
449884
87678
22405
178107
495646
148022
869917
326506
187367
922930
86693
541831
739392
173010
831897
306267
168796
19577
535711
432962
82127
665748
73088
819089
432028
404404
726681
251968
278348
410651
972029
413160
803958
626943
667188
139975
533122
352496
591571
349613
782959
656404
453237
631945
933059
312353
308568
974809
496968
443048
76865
46134
384899
20172
504383
955947
712929
196532
406818
601476
8593
850548
778049
279042
205334
601350
968346
4724
527761
737670
677387
502752
299916
85537
42753
538570
952546
942345
805284
716893
442914
799301
683311
193628
556421
807795
299399
871545
705007
615780
114714
60930
564617
338255
798085
900480
760304
242801
592854
753860
517273
580298
439691
55082
70297
790296
50984
856621
34167
352131
164898
736767
346786
759549
826708
965496
477951
77457
8064
831065
28380
440993
741396
545544
906601
196188
850013
847631
94641
963474
255921
975350
322412
193162
491386
418884
465686
740092
695797
57068
888734
669706
650921
814758
500017
996215
660836
85165
478960
862829
66181
276433
458645
68637
918975
145882
425676
953306
728857
584853
328880
811638
325817
304732
556977
545702
512156
367726
61175
417258
577576
717197
877554
974805
715938
361771
464510
967969
413838
952392
678967
433
477812
707775
849806
441642
353957
800386
32293
458421
428768
326216
543729
876257
533763
463192
319318
754840
103912
874228
591390
549049
363304
240855
392984
487653
84913
90994
240054
754739
626033
763322
910354
806206
888889
787924
374647
245038
646838
91158
216040
988711
347519
384754
40632
753133
960435
129368
783141
664414
293016
727309
694253
474044
24632
981148
340037
71538
474726
485873
730568
358464
783476
638153
563991
273187
460456
423142
762100
150492
563865
29476
233508
734974
398753
229975
829606
604036
160997
214474
770284
790540
838675
399882
600119
351850
215336
638362
16862
292160
931469
132711
33788
282976
151177
957669
875075
216215
756296
199085
469932
560417
46276
211670
763346
701009
209727
830586
245671
419801
537478
67235
762875
584293
495163
623083
441057
224267
349154
46598
748209
179720
76489
904500
606659
375478
769611
761442
450120
18259
341746
358264
678165
118483
932636
63062
132769
890812
382875
340513
524582
88474
632451
870335
811916
120704
676020
596403
533067
577046
82870
714025
108307
141458
524943
785835
428637
601674
338594
79746
883155
797563
285522
586381
251545
447159
398952
960043
276422
125258
483075
115590
42427
79253
132614
722623
552689
951595
217375
766097
658820
437180
720670
182218
767917
172539
180309
631257
637890
27938
260609
557117
425172
935797
512199
285722
62121
412058
68483
881335
347641
271868
571497
805797
114403
884787
475993
189518
313557
83146
36071
826839
700202
686275
54157
782202
121142
613549
406984
800894
942030
964893
1618
863722
701117
93416
331244
504018
715979
207685
364449
34926
469566
436018
454494
86029
625877
274745
620139
779423
18060
554769
892163
830712
449631
357880
332613
79540
836279
353618
851094
103854
348788
250633
756277
309458
89547
512677
289055
262405
369389
160260
408405
41067
468690
473619
641987
796946
930042
985957
962502
132139
656819
533503
307975
630654
691551
273437
167884
566139
751005
182855
203637
60361
105130
703284
338294
876664
446326
271626
466057
587309
161859
154299
88888
200355
549678
20141
260457
539275
154472
501310
961267
439877
567996
651723
21140
530190
222980
730999
165197
171101
468468
889514
699581
39431
133356
724363
798548
603454
95471
653381
534979
965872
915664
292886
727824
79720
399731
81416
403316
296117
68459
76237
665620
313120
598238
600788
913743
131190
151013
951188
659392
666821
261555
284114
968134
505443
432292
57290
970047
872907
612451
392255
733394
623805
617804
981349
550921
31563
663645
193515
546760
210125
621203
926706
756181
259895
677455
600648
764613
604206
822755
685570
529660
300924
977056
969879
275298
608673
445078
396307
127139
121448
499967
141115
505222
918355
454134
553181
759737
601903
856474
188988
482409
647423
684872
819914
342863
503640
680232
936005
582172
377713
365231
166161
61142
260089
978147
763244
632172
440267
317209
226033
136886
483307
866539
10183
907107
759243
491595
840937
591329
958959
999673
476357
694230
811475
565366
701142
884170
467098
347196
560173
776551
201661
511621
485399
224113
117685
477232
984952
753530
398179
131334
801225
689075
257179
882775
126997
478565
375326
392922
727492
877978
97743
674386
261309
960007
992072
506758
896155
246663
846261
32290
18367
624976
643078
103566
561069
860308
127423
33865
495120
54190
754089
781427
215036
45449
723821
791793
979786
459844
668592
102062
649660
754959
44397
323187
794276
393115
754718
227239
816889
351460
684607
269358
814632
945516
600659
289525
429557
171977
381004
20816
304787
794065
61158
605082
319117
534033
169822
415174
470123
580792
264732
96620
83188
787134
819095
943167
438265
933513
475103
926820
625027
343341
440034
562903
997467
616982
854799
251260
715331
364215
980211
17037
749472
656371
305832
421796
663176
616441
318108
883814
604069
962618
350315
916307
260928
367408
475439
454385
789364
855636
44086
788076
99899
869433
171419
141324
700589
183667
419898
379297
803713
566909
396404
875134
697634
235379
757054
536468
677485
654236
776725
343688
42503
574458
822209
504938
964825
608277
191627
745405
930684
87271
990897
579037
982416
283059
128031
439059
921006
953775
993259
350406
953739
109646
178369
865063
330358
478580
524215
246853
372710
363986
55283
675413
207768
897229
988198
967301
310615
929
375907
263657
410393
147315
736966
241088
138209
554134
119094
510110
61351
542968
744975
803152
73739
440382
582561
597835
735739
164841
719863
977688
950159
606653
543903
342868
954702
71381
776325
630376
226423
13883
639972
587197
465697
355967
768300
126149
682591
340873
359668
281423
306363
420442
953190
463709
482107
491144
57044
302830
708474
303783
136492
179879
887855
886350
43922
646877
311995
116173
479152
890918
456487
812987
224503
523075
498299
227954
125401
643972
220902
901760
675603
348597
808912
468614
440601
96860
241110
242054
732249
766050
284024
952635
921565
205846
891430
430838
33629
909611
894980
181323
798711
587424
362824
812866
153377
862235
434250
428071
724511
685282
368665
637058
39019
343696
943925
852781
474528
895203
665019
390604
517759
998191
52812
903609
494643
115204
846252
82494
268097
743912
400043
282790
973912
353796
853567
314410
435287
788848
602649
683863
52157
718918
68405
537393
334250
585279
294005
399838
444714
110044
779466
773563
647330
983758
450540
30192
192804
394656
980647
456239
604743
703494
703779
710918
658659
734411
528576
474849
667679
575834
873221
155092
571686
444602
230028
624411
912669
458240
373705
708670
394465
855993
572817
442671
213326
641889
313248
414482
888115
971678
670130
800710
316689
913093
838362
221583
874378
266062
404095
125814
92785
232567
513247
818782
860092
7512
218698
967343
485301
889984
19626
922018
399392
672558
710719
247922
948321
202629
670537
408171
281597
316501
563492
493043
392382
353743
766037
688820
836668
982807
89249
114268
49256
847739
344442
189913
139284
442480
978554
576664
828200
410871
535760
865597
948936
162544
895904
643090
159464
479673
801762
553163
555852
187949
403122
323685
47804
149488
833786
609392
438521
784855
85391
319709
176400
981594
713469
933022
721209
978272
322084
787775
109499
864390
632669
240533
568221
213762
804559
748841
9111
330819
558733
715871
621339
733899
389101
534529
226545
168894
810241
836766
25166
821010
108562
337339
167752
944022
84294
89245
429553
208018
562367
803822
23522
495214
608264
335710
787185
607724
31799
796046
346560
380331
559859
82746
921350
176118
194993
813521
631562
795190
135343
736453
473010
409226
216561
775207
36945
304481
546646
713250
449990
656683
593827
693733
95872
7142
564722
941105
493865
825997
404495
683237
789478
889678
546252
85844
350350
833807
982573
93849
521966
994575
660805
261549
994861
714562
462206
204440
125196
983970
741123
286286
867176
153856
970659
384957
732992
444722
572457
45149
931698
262061
549562
553324
688357
999873
983335
61568
654023
810525
454311
100639
820754
801133
551362
897205
372208
713762
726738
292006
9457
220858
445489
808883
141144
899129
562472
497917
678502
725610
423332
479598
1296
976958
84209
61810
15889
253558
465084
732417
590884
56667
328643
476691
153618
420129
466185
577790
917587
672344
944362
17065
788607
172625
546982
681918
167818
948337
22429
789964
433630
886933
735534
305720
995316
717606
571133
202590
915968
829659
192952
896019
148878
642180
31477
23377
514203
193877
693373
503226
995039
13581
316599
547827
693412
290527
969495
644432
821008
884133
927974
684907
21170
527075
748161
732858
170796
226307
620217
169702
595815
870978
632638
892287
25156
684700
304059
693562
552669
956660
750853
241988
726216
703227
531223
251335
154914
222167
221273
800887
845842
341388
15594
700771
221854
311972
69316
649279
767934
227999
53866
142070
80542
424242
254091
577931
957541
560169
655553
598990
224058
169025
905605
372284
763215
965883
234663
353650
839037
37461
487773
23579
306731
913111
154266
949991
59294
346588
697656
630723
970341
298687
621700
668348
410684
28053
270521
885541
771620
638702
598453
415775
968480
909095
346463
729778
953670
461255
562819
306214
236605
77314
758426
127531
873982
638318
902700
515023
989173
620618
761717
439997
900367
291774
160336
370864
560485
821960
521055
293826
175079
446447
879454
743219
17534
629654
571197
428187
312472
685062
520595
900773
267720
8091
593569
780346
801949
462154
737011
87040
387354
364694
268821
724659
791998
25741
91408
920963
313462
440333
690377
371494
29928
530300
505334
773395
490602
64911
322652
836504
724232
397939
836100
566171
565759
312413
232606
771881
846561
806305
118702
865476
896323
883642
187252
57683
978827
879875
427904
166192
518953
495561
45109
268846
179314
29209
885088
125489
617527
828500
603600
904836
507329
693932
896428
652777
575330
872869
717631
208056
483268
456422
50252
213444
447949
939516
70324
757557
257154
508417
11753
680001
379175
277298
968552
479513
643931
128345
62366
190568
373793
799307
973346
148639
152310
678522
972865
587723
445341
261627
276094
660106
8766
279342
392497
503880
105809
592905
285167
359459
292377
562798
924970
843519
72443
266492
612853
972580
264239
941205
637279
923717
492984
133966
559934
438083
946284
464547
652823
268533
144667
513725
167504
361390
400908
723108
411271
375353
228339
458374
931451
949441
216690
273014
274968
983233
697521
807785
552438
976838
293870
263639
177365
159084
82954
905794
195166
924471
912148
554283
730554
371282
803794
178915
34068
946354
329515
443162
934492
104013
990529
582709
135425
190789
404948
429955
327476
991866
730072
968780
161961
189370
150908
357735
123070
11143
928804
896494
290306
930897
450951
387233
565744
628742
851013
862915
746751
457690
706270
378557
288620
379575
636228
432860
309489
104355
243766
813763
221800
547192
28886
927857
968162
408689
12194
343045
324389
425281
298395
661445
734807
735817
649658
476977
16450
984091
80025
60133
352170
935123
427182
69383
963182
211068
17662
70223
804575
503898
831959
993814
722794
261797
766390
891356
494514
744654
430490
27232
286897
496690
137711
629705
471502
409397
360360
399240
602289
215983
346790
662315
743465
675605
953418
296857
16852
347637
102011
906525
488882
349763
848581
55696
855493
456980
81047
324501
793263
678667
498303
843789
24223
145329
642901
478770
452532
900065
726219
460930
609833
530019
505835
906289
998428
32776
334573
958299
258669
276930
587666
480643
157792
798220
872492
150659
138539
570705
682913
71826
269337
909376
950860
760738
913289
288392
644540
63964
221763
20385
763966
518495
744287
541281
739950
258091
967881
890160
486118
265657
556527
490452
705203
667173
126373
336028
638078
297909
409563
245877
867731
876404
371387
984147
815399
465126
183939
18607
309474
49895
821141
694747
234857
131104
938982
64346
865910
755377
622186
319928
619319
160604
943196
712589
58487
228329
824293
356524
946975
989737
629615
511802
138832
256760
705513
997154
392317
912028
908190
121309
473589
584026
759509
545247
97156
635531
874604
254851
830373
94852
451053
52093
570158
731454
183498
924699
54503
732901
983901
769520
113334
847275
703535
702978
957414
158263
572100
325925
257499
250671
840855
89283
1846
604756
941074
422163
42560
733641
611175
655085
121281
599870
232418
805961
193994
294777
772449
608528
146076
249793
729913
673226
222561
126768
380853
941790
700833
298469
729885
319229
481070
545393
450990
910879
169683
359529
794770
648919
511134
988879
830903
936404
961161
209616
923683
278869
237464
721655
127747
418077
754062
698289
194013
460031
733654
142180
749762
150727
41770
899473
895146
375076
489032
399921
129949
47407
438262
41076
277822
362559
738518
149798
354779
688894
70793
249959
556863
817807
730832
255956
597198
40191
791240
259483
116544
564235
274147
216812
222357
703403
206971
140982
379749
585237
522885
512581
15652
234010
878448
58466
872045
429720
611383
795792
85735
115876
969689
60158
456256
848257
6565
239895
133285
666991
507390
210429
474989
31561
578564
546510
462932
937084
197947
762766
564853
738740
824644
708928
512575
232038
727033
904390
505677
770870
608796
286915
177533
989660
982096
184276
378435
712283
44374
671937
496379
874996
300637
343557
566101
724405
853029
510063
340666
623492
272327
420661
538138
966497
709734
390367
262638
425108
824695
612463
782816
669749
830376
122106
93824
389655
502671
87124
272048
497353
401268
106479
887426
618738
528199
2097
655870
477856
403379
428480
173109
182542
85358
321567
395364
894443
214119
72712
902329
798754
970565
930136
822346
175025
371251
225581
55775
292434
239946
767271
416520
505943
114575
870047
139602
321834
472859
852358
534406
504334
121568
269588
111865
36199
5309
313854
800012
961306
78609
44402
236735
938623
763337
235513
269963
977682
454022
477630
141037
946068
190961
172011
33079
700296
946578
841080
887584
794044
533456
714403
274114
985608
742070
7516
30561
632679
451418
74169
540448
524805
531533
803947
234471
458204
616160
574087
132857
360772
880255
708828
483194
300765
535611
670657
284115
101337
417236
369512
347003
494450
132707
35214
316423
823898
446627
513839
875481
91076
860893
692514
114701
350623
419919
15772
791711
334801
168243
391699
632043
437254
883477
982153
494178
825021
250887
518221
572947
28572
837354
401601
78894
506910
758008
72409
477641
879684
107878
66399
49678
702302
6553
731103
453660
902476
580563
297740
166950
71326
770272
105376
619780
340630
54619
988757
458928
552507
226231
508867
863341
917383
825695
719988
562744
110807
313801
219925
626303
67373
286490
286153
852222
99033
786930
97022
474843
688049
885544
374315
265494
965338
5134
868474
104759
12884
827514
502889
82084
870404
992309
423903
170489
661096
591597
686883
181765
640632
656898
415844
111271
753249
728767
544715
987161
403676
737974
943787
490815
501228
245833
974817
731771
255961
512209
952951
207060
779412
815470
156198
494138
816237
60926
96800
360766
164730
790591
61187
167104
766793
201637
462575
618751
930485
436020
938321
586656
350300
37875
528868
425728
609463
723068
674866
688094
750197
668231
235089
687130
77693
744665
910165
80785
319963
690015
553046
202468
608379
843688
883546
105759
724584
971356
918447
13658
503420
635520
457762
870994
890694
409717
234513
88539
301538
274679
305654
756291
730839
10321
41259
346814
122633
558481
725379
210227
818535
958392
3308
651010
128585
890914
85291
364948
690664
37989
630442
139824
707644
89347
646342
381799
693065
456729
732177
523497
980270
320335
493054
279251
344800
636064
93285
803809
238817
551573
120871
273616
153744
62798
502585
72846
507970
164484
745479
216204
546127
560045
194428
250332
654900
89863
757258
759775
125210
249810
103223
972137
984755
467357
21422
255104
767220
580159
88974
898649
680090
278245
514832
481838
62020
907275
86782
542071
117194
470737
530976
374587
620641
579574
515547
175004
865055
445032
747714
237722
847266
567350
639887
664071
81393
237566
882355
309967
752553
941920
779107
963916
630839
538875
169948
386238
220354
626210
943122
969345
581951
694578
482827
159038
953459
219968
638680
793415
660734
528757
336364
575814
179067
773329
858798
913269
389071
707660
901164
793687
587186
671915
71587
536822
715122
439501
893238
277747
473190
755386
386644
339806
719240
324454
739691
436562
165865
133452
868147
528462
418181
166644
230961
802081
395159
304584
466120
374480
552783
406900
81609
884161
268408
223021
794962
413844
787594
853146
793328
90469
706971
405407
826188
29427
738137
245699
679193
519536
160353
75706
305324
857588
933844
108007
177762
329333
69157
669775
248262
548362
937960
992581
368968
841066
464279
489871
51580
308646
631496
556765
63664
155878
323918
142621
824270
896910
534935
476570
912692
828529
859486
350908
374912
97500
375753
685953
720140
377819
987584
535164
966668
224872
289836
476137
74669
131134
132223
817060
541055
661942
761682
905517
881422
958708
3957
133483
82685
422370
353189
987572
177055
151189
735670
223099
487925
203295
359678
967797
175521
46743
562720
675754
267562
99386
499210
796312
930682
940448
974747
42208
312123
716104
301616
710956
48426
989404
800216
726224
165012
928100
503692
937516
733841
969823
539988
819443
645534
795159
607138
543717
201555
632197
504496
444230
892025
316721
336327
113230
729506
668563
173357
505205
305078
191019
216943
252203
604226
797205
830653
862028
633105
80500
830529
710009
868136
537565
920374
860926
736305
319293
326202
759164
784820
902233
889131
92779
711213
748946
290797
985398
660168
593734
988117
967074
604790
24533
149566
79953
448725
334475
796078
1820
184994
104991
635214
678793
499450
828363
171568
652971
280349
313456
974104
240309
235887
602792
528381
119380
448266
966471
30873
142493
15039
763144
401461
254798
70767
654921
654515
353876
650869
960828
374014
513598
89309
800646
422941
521233
594586
911297
646271
309790
426456
616505
643941
102377
709809
738965
304491
816214
632878
285188
482884
821211
465651
232515
696607
36433
199020
931649
516994
787195
398276
391017
365688
488359
517299
199409
942527
610773
821296
621390
825578
801660
729099
777564
888174
40264
764791
702491
511400
705347
131702
881083
598721
68260
536943
265709
436052
841556
679421
669875
7368
313452
263557
631091
430067
570931
477707
693592
132129
245648
449701
30220
507503
197499
777057
32370
76212
63075
658517
301136
705859
478261
522653
531517
341002
811196
144689
817757
923205
874725
231105
766824
953796
657203
332334
4128
111340
823239
877788
593758
838715
780467
811405
518486
280578
33391
147633
598318
810459
928397
565893
424972
62973
648232
92851
151974
379325
417225
517506
72919
417334
941835
349478
67403
186117
937919
543760
640624
664228
581679
462147
16136
596672
143316
625144
375670
736362
444260
472344
553818
507405
444949
461859
931814
902868
838642
108290
93584
592952
199356
889498
175668
785660
166050
69907
834385
198510
914031
119729
863554
759085
497347
233377
59670
736394
127803
479802
500682
833296
959843
535938
555253
376796
318874
966522
999766
854045
112553
793729
137791
927860
381955
707069
577948
427491
593632
425643
38427
677856
392017
637162
7217
369311
899772
796012
672210
990940
760210
534706
28567
983308
104131
181727
398171
405987
77048
25158
962517
917478
555574
706588
334762
484820
744227
387483
776362
184925
946266
721255
433621
223894
810071
947483
213190
977567
136324
493728
438178
23370
880723
238517
71975
695206
429398
324452
488806
283606
118542
448426
283781
407023
626432
222547
302156
60975
470430
900692
84029
428382
216895
194491
953314
954061
756003
232416
589469
207322
609620
394659
568421
316088
695636
339910
51686
783067
173000
320363
141975
219841
460928
914154
173170
366759
285455
183282
673419
448339
466853
798295
770982
999970
483172
432838
103249
360013
143666
182180
467752
387707
525658
573752
75584
573432
966295
907426
358749
935746
22512
239149
386696
228696
429247
136540
986296
415591
382073
281806
397084
148068
430977
960705
375197
296736
208137
426073
341969
493557
280227
472671
566831
88934
42029
16467
923162
420325
458221
932300
451827
985346
580049
674098
720240
628406
230986
159628
46707
303722
937630
170178
540940
205295
256909
157037
200039
124984
763703
168503
216516
662057
719954
737608
185397
96229
871946
701255
102023
787369
284000
588320
583507
956336
623058
931166
334256
184254
334071
703304
782351
406732
63921
537724
372622
185408
506387
21367
792826
287391
68741
544013
312283
97012
665147
543828
162654
787998
461934
295914
524403
220084
101006
490230
418297
630454
967311
897805
262186
822944
456570
361208
572844
63746
231012
462937
188923
568231
54929
846207
650139
294078
687520
769698
801824
701718
184044
259701
284639
857994
100659
286836
298734
153285
910115
474457
756047
727423
802116
384176
410281
599445
678801
719925
144530
813822
119890
882310
869516
479893
409107
53436
111891
32830
580273
321559
60667
817002
541094
747113
997012
127863
65552
8067
296555
532195
709024
907771
76756
109923
990247
824001
392868
799647
271621
818264
633373
682271
905501
108283
996587
344760
501468
718049
607980
688198
124545
993402
328407
623883
554739
464752
582046
604165
593076
487217
308941
974743
611027
135850
332439
697259
259157
666173
620643
220598
495971
543595
627538
654470
426562
896799
20404
280118
486249
399022
420650
823818
924087
150075
718106
489319
136591
34617
679199
463294
814092
805177
637033
925954
54517
262762
936197
348484
815515
842576
293020
609482
175151
761388
336229
114540
470646
403374
842844
791653
10337
695185
956308
78712
544827
299159
113463
512233
61723
97666
321197
810353
887437
405797
875029
701801
122679
952026
942770
382748
700375
727825
586265
867269
882698
915199
734075
136564
583147
69647
62532
538367
671614
360094
979080
568630
145436
509936
320669
741628
467689
406076
460431
425924
535215
567704
752924
869132
24446
182341
919792
832470
894213
578399
74963
318542
239376
811379
741690
390218
50921
748045
854341
6554
787554
32875
632199
826154
470805
68880
799710
985017
495060
946814
824895
923493
203069
760281
504519
147912
88251
518355
856988
470296
470185
383856
282657
769115
699822
242091
732272
913682
782462
32329
114
238935
577653
947231
410024
403195
346209
10004
900616
449610
569060
38181
571882
145809
898396
676727
137339
798435
854289
30823
295292
992570
333997
323108
237373
135849
541905
505098
992740
971230
20364
223071
265084
858790
24246
835352
379629
382560
77643
864974
560110
428040
524042
366929
826332
893163
996630
714460
601198
558821
3026
349446
824031
589181
690933
731194
734390
828179
872876
967046
138714
863616
251828
362158
935379
881886
910790
982544
873401
5949
744291
205748
510203
65115
516932
285436
836372
487926
118489
155464
848658
968169
863488
234236
154451
558188
287244
581933
910692
179999
566089
804194
995399
941911
804680
512715
250224
724996
330130
272858
29517
701031
297785
587512
138017
486362
290748
982095
643968
77736
558343
730217
878114
127201
458907
869563
655827
418852
944344
156186
626686
985924
619276
137665
403297
247812
693178
520520
872410
185418
359500
547689
379899
465660
144009
74653
761305
481717
336392
859764
190169
887121
450904
671244
868837
49170
82871
767669
811317
302361
556346
26285
30338
293399
961832
873052
563999
253413
387048
436832
878901
682195
578639
528317
623644
965779
633801
50202
823372
138811
197216
343611
28742
100656
105216
542705
140653
347335
894301
748452
808886
612167
939869
751713
778577
754168
92554
937620
494025
638358
261550
711081
265101
432196
20373
903929
961744
785870
670559
8181
878743
847484
176952
565587
846450
929878
313453
669993
562522
815636
824877
178392
481578
490080
413133
386872
634747
743538
316704
402259
961792
594142
344423
55519
11427
405400
948885
442915
948170
4941
822198
525604
673503
267935
242103
618798
931036
21679
253159
336498
915304
696035
566848
723055
240504
689472
241298
542108
942964
818710
596596
821409
158550
879668
270252
277008
552404
200231
898210
529997
794359
430942
1370
103078
823466
449024
835484
751058
750368
270765
667472
456284
901949
806450
750894
152323
435761
919414
624675
849567
795817
16201
433961
979773
383673
706901
322115
730104
460346
494679
408263
592661
919194
24676
533855
988858
909099
186553
908018
356424
63549
32216
37682
730578
579503
60764
739611
52088
547241
359061
504224
950950
18974
679419
32270
862514
462270
956175
304726
133450
828328
163958
864703
837774
593161
72042
806819
257700
102628
65743
638950
349740
463885
853123
654494
289015
967356
530771
486759
500224
389451
379361
475700
29563
465731
816982
680857
441713
166402
944999
490616
665027
647610
733127
108543
880906
268061
837396
790283
912334
530918
436328
398728
673957
101198
120659
423721
508913
890937
227632
718510
516418
18474
242913
529024
569647
528004
330146
825084
644729
656068
814148
166143
357686
822118
226099
85991
866405
137485
903332
399835
833225
77557
295764
670346
164725
10582
772880
655683
767684
990517
407350
67393
715124
823643
253358
896269
628569
156797
161878
610563
763460
493108
44510
961353
311357
266568
526815
360849
372833
135148
358758
764561
55951
225716
955965
325190
240980
861230
158286
926808
523800
907509
755085
39288
260013
731554
253789
472865
316201
930461
846330
553647
757818
521373
573122
883786
330469
628564
655342
886557
901691
126278
39865
826115
495567
563630
260443
584380
783470
945356
977908
983804
431580
882084
890517
212401
298743
217696
510091
909980
195099
864185
712079
741507
351123
537933
197301
69815
581602
20079
595787
404273
594719
746659
756604
540139
730997
582719
584017
484339
283422
967982
285305
489236
268924
489472
883877
721596
500961
635735
120949
237678
14605
3592
238357
957718
203043
981319
787603
836362
843916
471963
913492
460668
685457
223709
637030
878624
63292
106651
516196
158827
417624
263456
227873
714610
799128
94591
977885
483864
620503
723928
949790
774179
984984
620391
791453
53973
870482
281091
103994
712267
520295
203607
569404
628788
16667
341769
777619
995306
571209
47390
163116
825195
17920
475765
384861
882352
227485
861010
852741
832590
995006
773830
291282
649464
683757
614827
203995
472350
8421
659642
951933
24493
523887
679118
308958
318376
561140
72599
676062
690037
642115
505756
594225
410887
882437
823668
976712
467532
356139
969148
269935
151477
851611
6843
838242
807334
436422
576314
508619
166495
127661
834307
570066
747297
377262
226716
569095
133741
802737
769872
40646
331831
614557
694165
248592
884140
771878
868516
856168
312414
571857
489470
471651
502066
600083
680493
532371
640270
723360
381630
713528
197225
56819
640687
711645
415584
144652
214077
814403
580317
26192
169050
784924
524269
601322
31465
78362
850109
837799
298821
236837
145699
904842
515508
472833
762500
913171
781717
862818
116615
966710
633220
577100
673656
44687
408703
286359
687263
661566
26383
209426
405302
543659
40334
136878
756106
256851
815678
592811
193596
682616
100360
823836
737834
713117
315662
749707
433207
596383
765082
533174
542520
625819
279687
726311
580235
922742
60851
441623
911000
338218
523888
113025
406587
653629
306199
719105
452673
976038
877216
582928
608563
257510
695800
229747
864961
632322
696259
814590
432653
569054
941020
745489
454465
792866
330116
730051
448041
169301
706934
191294
229641
314130
746740
424372
608358
379255
700335
776492
56568
504113
159044
932147
421928
325135
166850
529065
898019
485728
924138
695241
316136
409257
707785
484162
907612
443222
442081
418738
213836
666297
85464
661719
664699
998573
984752
674623
490706
801831
20749
152967
145176
434034
140605
868780
548734
436763
273786
870112
52611
803310
665403
253484
205090
659224
539400
880356
447338
850769
375082
737977
989022
42565
606147
834974
849155
510434
244171
849938
634422
929455
30224
290784
603285
255799
966811
665726
990902
190577
55018
595233
276921
446409
535352
605691
691573
249193
121204
235880
182233
480546
704016
210250
296910
71815
907139
11534
480801
702042
290370
295992
55683
118727
155471
89895
229902
815814
5463
659551
424766
28059
634871
42410
714026
905505
778250
606246
465531
790372
75055
128734
767564
795547
420278
15174
352882
537802
15989
260503
266184
376302
458649
573349
451772
123394
49586
888674
750602
884929
891724
377013
143217
445931
275151
653457
785744
857592
611822
455735
413910
82253
259560
420521
660613
406205
674796
102923
262879
303091
39181
451868
995569
483960
438850
19948
495627
678803
378069
627688
923094
488240
142878
952657
174297
140931
103460
392567
136223
653435
199784
529989
635150
914072
180482
140570
445634
328869
995877
571478
963172
904725
507441
641818
572971
811518
662203
930932
906998
648623
388294
676444
960200
547644
886050
21632
82917
244051
593749
956470
763086
443263
297803
922159
142560
687396
46318
580536
744680
25212
712602
333796
37316
49927
731807
258390
848540
570548
430450
850184
273222
176576
360751
386478
977647
406269
317622
428285
830900
688926
641517
989682
140265
317284
784881
357822
205515
796711
545296
531336
963895
1749
36405
20203
870507
36391
558839
160573
518167
639284
123596
939610
870297
328895
471917
425836
664007
827795
744218
223566
971308
758639
875126
292458
362242
991301
926703
621803
94305
256376
118011
159865
213073
265915
582824
128665
968704
645479
6588
15767
126851
689479
152351
26856
1924
628088
130712
138890
544048
83962
472402
511579
159586
265097
187522
636679
611709
159539
827258
958193
684255
91464
687504
59913
156339
676377
330870
479068
497688
539937
134745
967358
864002
522562
242115
556382
990487
399413
907549
997402
738994
568061
50178
707324
560104
64426
527994
632332
292652
685845
802911
929223
37859
636301
940700
41008
822343
624695
542349
482486
207674
448856
865285
337600
129213
829545
196465
933661
536081
446732
86849
521443
323262
608132
338328
8755
486466
281772
981326
294243
104661
793904
953133
532428
826592
408984
331497
296004
287066
82663
241373
476608
693708
48081
380076
202958
892024
429509
958532
800993
296671
450229
452041
889867
448971
74395
952534
11519
939984
809854
433984
575056
724287
164799
576150
341396
950589
939924
265435
896617
77674
811816
254186
242238
530227
486570
191783
451383
772580
472214
43878
213047
25319
65333
713453
234174
982106
496682
723786
31719
504581
117432
377998
392676
934001
524517
803
670075
818731
674968
933251
663834
550010
459807
55023
827138
749890
605254
997486
926847
636141
296223
757966
421564
875115
578682
955037
209771
246617
953127
962381
775452
907667
14053
91429
976580
748969
156680
387317
704370
56317
229127
429519
651197
507527
187161
422909
279949
107844
600395
187938
125507
624672
675243
341311
999695
522300
