444558
960652
400420
363893
644513
932309
868091
155873
700066
985885
588219
181128
132464
978958
709386
457327
914174
559979
999631
181185
720824
9760
104418
918819
78282
789694
930297
889197
471510
401039
199455
454707
750219
690504
30908
476504
666688
352173
205863
876438
21572
717688
931552
427266
82965
582440
167051
143464
526229
764180
424742
810206
695318
109020
970772
868317
942486
449964
35470
201288
338157
346682
292560
556147
110401
505331
75185
644283
909491
884273
600121
293316
132637
117596
849027
630098
719717
490909
758528
45489
555348
377499
610812
955544
237850
579808
177549
151307
121579
931970
434147
146937
958636
97720
672595
949300
174163
736611
700729
761745
41616
76433
869053
436580
294080
536347
857847
319429
270028
338242
520521
79805
542243
906287
898447
26298
134510
369126
288184
223818
80304
942936
492171
668764
283240
898578
755311
415462
360855
16933
593538
980562
466360
772167
179564
880530
396047
928963
194114
256399
162084
300157
188682
629373
261832
786322
250209
667494
680613
751081
787552
702560
414218
881605
315330
157243
11972
680950
771753
939663
846515
421427
35890
790037
657217
670542
534209
411852
106452
390588
286714
702880
516781
496985
878345
766170
379471
880277
366795
184754
768546
479052
244572
11737
754209
614184
868209
203094
133752
896066
41463
987335
872677
666741
557658
367453
293899
817899
113935
478035
871923
257916
853114
847154
147215
822527
109057
711472
977362
956641
922862
347841
765024
211968
602598
198745
874392
241146
71682
846051
334855
953253
966563
612926
731904
58776
470318
276355
590675
198924
423353
239038
781895
709329
593061
980388
144882
448518
734434
71091
800944
154782
454722
102350
376580
616574
329300
505478
277594
931973
293879
467578
292055
14749
896830
934234
981847
436240
898667
362765
505220
299238
167175
595263
855150
431014
280880
939656
410947
221311
822949
768591
606877
946049
192517
341027
641833
451991
714551
972108
792043
117150
939431
303299
698204
767409
820338
541032
190690
795535
159646
733239
151106
820454
494107
193516
21502
87301
497584
946365
767011
549655
806507
846898
285689
603949
164452
622872
417236
299283
574763
527218
712776
486483
764619
217751
323966
331653
405363
552879
391063
36427
921880
869853
637332
74817
780112
167293
478716
141894
887461
24744
165473
767242
238163
820124
693198
653232
255061
280772
395787
716608
416716
667846
394141
489359
881427
915677
809246
969224
114752
479734
233084
578376
782740
446950
955561
986392
289088
331462
312748
924165
750608
697065
760937
509401
33641
945316
989982
15177
453869
859579
6340
809089
54925
144446
864529
109910
60765
41836
950055
168081
344382
796400
286593
262095
473748
159724
595798
647200
493512
471522
455643
123047
199811
709425
228667
14612
696776
545579
962017
346488
509350
62367
179379
444172
840139
619010
137390
860574
141924
88259
529039
793156
479201
216575
158555
295485
725256
349219
627832
619242
932224
769532
106162
476311
482199
261786
101085
421480
28899
186679
638353
916242
491718
471142
88861
795619
125234
72994
305423
96296
660551
328019
349271
925699
423938
647871
349370
610044
273005
146705
243608
515275
274075
836750
240439
180473
653289
312133
567902
88010
619185
527655
686636
71411
105184
599796
701659
321382
690703
177706
524940
899695
549919
158748
832471
191101
695173
776940
153152
221064
401278
100027
668963
213468
725884
445860
149067
525531
19466
51782
61676
401062
386437
271151
118591
384064
277546
570390
311818
492064
61017
676010
720442
911129
882981
316160
476991
142237
729435
638466
633261
227718
246246
960088
219776
815868
451009
416535
410127
607737
630194
405388
262737
624350
496500
566797
731607
642804
454002
483975
411172
24383
18784
780791
385575
191068
697288
593966
538435
911915
874325
358020
202786
672392
294936
571177
468894
846781
412100
986313
311505
208964
704756
663591
99165
603463
889217
821600
850135
295560
87565
635367
440911
604266
421931
366451
730554
53287
661780
938056
935433
367639
127192
345573
847940
805387
465386
595356
356745
221360
726561
388238
623909
49916
464787
683718
913526
512783
376309
732988
236443
452036
571506
399147
376155
983161
824763
765934
392978
611637
321311
191623
25167
562828
461466
545850
711716
872848
879732
385200
285363
670857
845718
175057
426876
78161
866741
672626
988861
317741
661958
594544
99076
750949
369401
157175
497522
145278
845790
920629
492771
205808
926700
734734
736441
287405
605771
810015
402975
798800
846423
139689
384667
697709
510891
953933
467918
314841
271202
685261
658480
806820
3797
953164
478365
793302
251522
480528
943469
598641
669322
193561
98635
57243
413755
691352
57141
322739
619957
337238
381325
495611
393112
220487
507125
587574
463150
292309
63666
973910
591206
745749
166413
921537
934756
446912
236334
236923
408467
603753
720352
112100
980141
620449
594713
555166
522872
321644
519452
565811
955349
182350
906214
7943
2799
119706
352485
272123
127428
270044
384519
30152
761121
220130
987492
96033
672784
207203
832499
736940
482632
735401
388012
939647
885362
377559
360961
861989
144384
255689
676529
388170
572559
865473
798653
715696
617743
199659
493679
477785
113418
254385
598332
940537
687371
822303
501295
582081
126618
347388
135101
966190
870684
952251
315070
807996
459704
543029
497984
653462
659658
122055
272478
594054
976002
485878
401395
199367
991044
972578
681266
816668
703470
253666
330663
467344
269417
734630
522373
131461
319953
554737
114007
77639
715316
282560
613839
310362
135245
98646
726467
405715
364480
789363
780537
294043
958312
811328
734562
660859
433111
587951
238043
164382
484440
273234
436866
997268
479450
653930
722387
183226
106870
887338
891085
211501
997456
553046
375461
136555
718649
607389
675342
9578
62033
503563
795895
55622
203233
242123
693892
474413
678209
581918
809521
273992
474174
881711
141189
500033
538285
334494
42653
842062
533679
25138
313945
15508
845214
663951
254893
134808
642588
506939
203675
968029
682089
161099
717515
589131
566899
834536
862349
600319
885673
659932
737233
397572
14063
280175
727584
582787
457501
64632
935089
293123
244871
244203
699773
555754
976694
594404
612177
118187
733448
321505
910761
162266
553160
604369
569824
964959
38036
139087
529539
480918
506687
690862
379482
347488
839608
767225
559390
936122
432176
664615
580808
791666
855055
674139
433579
922707
178090
724128
135717
426231
625934
877325
949054
653594
623028
244337
396197
359671
622595
490259
718155
926809
390376
84960
402943
359076
755683
21692
690809
82557
383953
259590
771325
358475
604134
366237
280433
305037
316899
458643
261517
144288
115202
521171
706778
158844
258861
412884
703749
43821
128959
688960
968059
177318
869756
323093
206760
90650
146389
847929
63941
533305
950862
748835
969313
856967
126396
976186
719265
560168
900560
438090
130058
261166
840724
388339
476464
20679
529261
496053
845299
790454
607368
284481
660307
328503
80170
743608
894595
29476
138278
617402
157881
225732
841580
162684
339199
367177
764472
79908
720090
126368
291864
786466
208427
844963
381154
269988
482838
599274
143461
707391
601631
934723
841224
946397
36461
156972
662441
548650
563718
71608
383088
126558
10779
845583
72912
472501
99555
537786
336053
488132
126331
984432
523413
498065
911744
82478
537193
541163
358892
234139
325474
786727
722470
606729
807385
556689
197382
417520
47580
77241
40275
540836
642295
284823
858096
982651
633187
990212
876409
228643
596213
883479
194551
820304
624493
391047
925719
564618
434601
48551
992909
856473
187904
239011
407257
493927
561460
491161
844235
229967
746785
961304
528005
525814
209696
994158
948567
957532
907448
686631
543725
818114
108418
354439
336333
730872
85379
525021
168599
72513
998108
125520
31801
363422
975326
423831
600515
685799
453240
103540
257250
587017
324848
280056
49250
252424
336922
369452
207876
159699
564312
50386
409639
249563
577577
627429
626021
761154
743248
114963
979010
734017
941155
695589
856102
331555
180956
630801
752810
746680
894859
974348
551632
389931
906448
800647
250062
71040
861321
954040
918838
987581
353595
871385
337665
291301
78769
47657
777033
888291
143099
121994
849370
429017
198773
769295
453594
802795
510496
583148
104392
305842
657028
761245
775062
812493
274086
295609
399964
15072
831684
162017
19658
469806
840637
236950
902051
650749
656186
140977
198556
41074
709092
961078
820792
262934
742919
109260
558127
825905
992393
65730
837147
416097
56459
339370
740369
856010
257688
553399
704786
397768
61895
850270
505052
627232
639220
598819
832703
950332
995468
992726
711081
348128
650699
293124
163058
441911
854814
241887
556361
146287
679234
253833
187687
964530
376107
627321
285192
740845
405291
757447
368069
538299
500990
611691
793347
633286
403221
193905
93817
942552
854197
253617
425383
231935
132050
389370
394026
545627
282282
480656
374942
745494
867341
335092
904253
283913
376683
976924
131758
697991
285710
195647
25031
57204
93517
356906
57501
220546
345300
176286
763183
917517
16196
702077
230765
978265
398047
678418
549989
632244
28779
419206
115070
677429
569543
421493
746202
994461
746364
326977
595730
23175
435889
499936
333811
709696
391272
697177
524411
26373
936309
125815
812259
93165
644799
396749
686212
38208
247683
82383
658072
301519
540916
378823
925611
116762
685696
424161
338390
585657
746301
488338
284644
197479
612222
772895
434906
136547
19644
112480
701247
348407
584270
204297
807936
635155
788838
566743
256191
33378
714884
35258
17801
228443
523064
959125
746018
737606
405843
379361
480029
74727
737538
265190
180541
908467
70880
59339
160516
157438
12201
62150
434263
829348
592275
963055
852828
992838
108479
811474
647509
412048
329443
400457
795340
197810
20206
430392
134746
954132
338633
382500
587528
806076
192518
550481
362364
315999
609376
741462
645757
926551
810237
223569
817525
608416
947088
349798
347316
801760
49457
90185
893329
340289
300506
397766
670339
862470
533393
874032
230797
304559
525134
406064
413575
788835
994796
800625
860968
782754
224792
123429
570324
798716
463360
718459
71221
306356
773103
9947
966831
978418
773068
981954
826960
681601
965559
609296
137649
830539
518630
41702
598333
340424
653380
252827
211029
145277
514335
580945
196180
334170
185305
581278
288842
786827
646813
803459
148691
968120
547271
770000
970333
109061
916037
7080
393842
105619
301379
467185
382208
119665
449743
250887
667141
110506
795209
669414
491697
892550
249178
151120
689754
566308
648860
463775
392220
514180
99656
704538
731401
459293
406249
383991
781878
879880
640128
327712
288855
148523
4918
650331
183461
430153
120831
748927
881659
853574
798272
926948
148162
232437
979302
319387
674363
811411
368357
819327
60710
74949
875509
14989
320824
118775
24787
156564
787040
840090
785509
664605
142689
873452
288817
632186
455695
412311
821105
739015
165531
911616
614787
513135
245449
525191
91051
152815
596002
359513
858958
790810
415580
929901
592260
52893
453395
274213
318901
610231
27066
428041
118987
782420
439875
490543
640809
551752
932167
824660
943352
804881
251960
151849
419477
579766
467695
134950
827465
38540
631679
494579
310882
814792
86822
465383
523293
690789
650838
518298
992745
674122
811776
761412
483636
968715
244488
530392
439010
99059
363669
461327
930165
452800
849856
61410
596877
123111
965504
337461
62742
418668
493928
944543
21012
515055
369805
139745
424815
419935
728376
136417
710455
739802
662875
888417
270863
552371
814650
937871
357643
324302
75569
109038
19350
82876
628379
729940
866227
171648
676664
935407
826600
379404
889381
14044
158108
726428
86151
653428
247629
849508
625426
237154
875719
567570
991453
236954
672816
160771
315371
597731
977178
460022
657674
203530
740114
534380
643239
202103
746037
642986
381182
510064
918125
589063
483907
130200
531133
564327
371177
774029
110349
117270
373342
867654
403702
868571
334189
71838
108664
763530
604189
844959
332874
984518
366343
529017
698311
472164
768295
20200
756166
211519
112564
784252
174157
919248
395188
232241
268485
132777
831076
386328
211245
194321
760712
47895
280815
864078
515182
344208
988121
78873
803983
12244
876277
715385
601494
831764
816951
559728
295220
769179
884772
515764
40533
190069
772021
528814
44716
409821
625541
359712
227753
921811
656632
952034
607246
755074
277583
816300
45559
34763
846891
947101
514541
734314
722943
920257
368247
153467
149856
131112
127542
836106
60209
951418
986860
210351
775744
298414
542490
467122
788724
750083
252426
730634
876598
249276
222839
858977
222432
381927
626667
113653
342067
961084
887601
581037
417529
250818
58717
498541
566342
673708
201538
535098
201418
416060
169049
237874
766089
466262
367604
312528
347020
743745
518073
746924
89073
428865
739232
370001
382436
98932
536602
396373
543579
261944
612733
814501
921285
667421
751534
923994
446944
41474
754064
78390
636306
110062
99099
905142
484506
287998
32088
992743
208756
228781
239299
200387
963089
215320
957710
504758
725440
96934
427679
385209
501984
579729
953317
788950
213959
418916
617431
562254
666720
424999
872714
511900
234697
572320
140534
755973
138084
552133
877309
280978
509146
762903
82474
690377
127675
277736
10624
831364
12523
867876
505314
926480
566582
571498
915747
833362
97609
109913
699649
387094
846340
423006
812605
536891
471137
721154
176175
20074
313304
128205
361906
850533
601684
124639
323389
387199
430381
791527
905829
548881
487667
107145
575740
958421
927266
854375
87266
849870
615543
417055
896663
334617
811599
169200
985836
118597
788420
570536
22467
890972
779061
519260
4549
874484
86599
172552
575691
312714
594826
273333
671942
314913
94368
338511
668366
873883
765759
661277
744883
710175
804207
296145
904330
512793
25503
687643
898595
425635
730830
389886
306631
744760
746009
623474
863233
772101
51345
496598
28022
903680
379708
93057
813
318720
435483
962387
179180
728053
647204
989276
307359
829409
91296
806924
335177
135949
758810
406176
318907
856383
749981
67173
149266
309454
814129
91012
149665
102151
591247
448433
90498
745024
538007
65445
571873
658733
814095
411040
456935
509778
729954
748609
103534
439253
629267
659430
561152
882523
63040
338277
633787
702080
186551
68441
17733
76155
401348
167145
852689
378773
187275
710870
346207
408089
875771
930502
103462
238341
362702
530092
545472
584377
73526
856352
775353
521910
883564
510126
474758
239928
421913
443033
751146
173389
287013
939097
733183
792210
175448
101606
838854
999415
112838
857009
350598
959412
857834
25960
79705
967274
572601
77698
603740
446586
793792
558981
533060
165900
810866
871327
555027
666483
995419
195533
475748
928112
893402
368341
259846
518364
268602
495329
863266
528907
519890
844270
432563
263430
398864
291980
279124
83516
107453
658387
540035
901287
243036
375745
920847
644124
299351
391536
604910
533456
909838
89241
402045
575685
104022
141454
86945
807173
36796
873373
99220
90533
68144
302163
347827
655861
587180
846210
495118
12611
38482
328004
34242
932002
880939
755341
523442
803663
66561
339611
857954
385688
619783
200775
593230
329056
867445
283077
517460
958323
781288
772114
62317
570922
145199
11294
429869
208508
976875
843566
968256
222403
358773
80046
252568
315059
992288
663273
106627
890238
996534
50734
156848
723321
671138
419504
927644
576250
466139
407386
943854
271459
491448
723340
445426
666746
204738
388827
726170
559816
391567
267726
984568
232615
995678
35386
667465
606272
527190
14637
377555
61241
214604
753145
445910
400269
338101
130167
77584
379810
950742
128176
239218
391114
718830
317147
789894
133335
694534
59223
636693
503473
610470
843267
156767
570072
403338
671729
909628
75221
543895
526863
491528
262684
417184
384748
256615
498528
181019
211785
58049
425731
453981
993828
276520
984146
659583
915842
235573
155648
486721
301990
145552
702396
701599
841035
85923
862426
316029
947515
511960
738752
537925
532280
517093
486784
81095
601216
181166
751300
910794
653090
990483
69859
637907
192218
429468
675905
416697
135958
292547
964819
635590
623722
452381
630798
64630
195676
340315
511515
478107
461889
273186
795656
256612
853743
331935
740660
650504
516111
383340
843380
739569
100440
756189
623965
272284
396858
226042
197137
903472
493638
116267
130021
962724
144731
116589
220185
323488
573810
466409
242412
103167
501819
579074
894115
965127
259830
827728
797174
587709
102691
544071
711664
709864
135409
83342
43708
74406
171545
525808
230272
654731
186306
134911
440390
989064
257163
266853
517731
123215
957805
994761
960784
701124
521635
975239
299122
549827
899532
910691
161216
381545
50105
249999
151411
874852
717279
487483
3492
468874
864669
450594
169094
323822
452734
9030
780708
901201
874359
354374
185165
178712
422752
276610
106147
946065
399090
922203
137564
759146
80128
516030
208618
335284
932162
568195
41066
726960
652040
427608
763912
940746
546822
90187
668476
85131
639490
429606
283595
592669
38328
20969
79152
862896
3065
296759
860702
53982
134630
731275
481610
151651
373904
562406
358130
619356
140130
1899
163153
357761
17287
221116
842606
504355
896952
256372
424040
265632
474861
502079
742108
448468
831094
772528
945478
764539
695453
516464
412370
805397
734070
857798
739358
463964
930460
252809
867337
777433
871216
66998
168495
846690
773369
114419
951289
840251
124122
300677
57669
509531
570283
167402
640646
364287
288322
181410
253136
303805
853193
472025
238128
774896
300773
842508
624384
117136
636003
300082
45309
859449
188066
741415
25678
238577
882769
785014
906209
352567
364636
480468
991177
767597
852518
205638
272775
904470
93604
220057
491532
59006
78274
908908
958290
919195
210997
702435
943825
48087
606782
379897
316392
704900
71184
289125
432128
403357
179170
675479
760954
104703
118397
286273
247210
249868
850474
480319
785890
534994
875295
681151
543553
193072
437895
231263
902527
576971
991831
950873
604337
85643
894504
897215
334209
258808
61188
623164
727600
469954
107107
677577
706657
910061
367017
985876
521561
712161
539936
921691
549206
984472
262897
806649
280430
927496
79554
982299
186314
185502
338687
260016
258893
811283
438137
902432
746699
368914
664272
504441
394384
950273
345930
708469
697926
458086
922267
728275
476750
949387
809514
132971
177029
34164
680348
261939
91464
44678
611879
554616
138984
249333
643900
552336
850129
290357
220556
960777
399240
963086
284359
638372
100397
472195
381011
214259
950004
355550
231467
340847
505246
914592
159068
117054
348567
314589
177162
273794
616052
343060
800828
563768
335291
711104
84896
780633
728934
622800
819419
452064
756693
650424
210707
561695
242300
677212
860771
343378
807647
997545
991608
69377
660280
783723
773070
512443
635042
658352
927083
260440
303309
203753
418115
71707
650826
288788
392231
822288
304092
338466
688043
182873
685174
795042
896487
225493
546445
586378
764706
160966
240530
265974
876357
999087
245849
248004
413122
466261
91978
989411
826555
888043
376292
427750
497659
193180
937824
822117
367761
593082
334838
142932
648912
787032
653280
936299
417643
523458
116194
605695
864107
908879
304485
368720
531684
619867
74468
631684
475562
580796
50202
965431
81281
131037
919988
83581
596995
388559
316574
661704
479645
858006
604017
51605
498471
147967
80214
619845
62479
751654
971289
528526
84741
288870
745482
222026
239242
770924
683990
88746
831198
753178
213383
996324
113577
908553
130688
229049
521977
112369
654886
961226
798911
383856
878631
595080
804727
395994
276251
13971
123748
509729
160026
258606
931100
337600
646345
511805
163706
332729
374518
445902
97853
544653
597580
731680
656721
364056
540486
292548
617759
356521
618546
978773
529342
285842
34109
916501
608935
226217
989710
722040
503617
447609
838041
26375
283589
75881
719674
888483
683189
633937
996864
362286
326199
579549
356325
699466
227820
117504
523319
359393
850825
922357
251885
839949
96007
512257
653996
544298
554639
682053
688542
211171
468444
78069
176645
82235
360247
270443
124194
606463
272832
116309
480198
980248
581181
422150
675463
402711
78263
855324
333242
143402
25956
279185
384365
197939
523662
93681
865894
790542
821250
141978
281578
864810
61954
674123
105091
408453
790390
654654
303758
547982
21894
19327
628033
613644
354219
150463
174570
835683
684468
387330
579653
908437
557835
490427
804989
933165
500195
544353
308063
143176
525637
590766
872756
299611
911484
461953
462845
364461
410501
947871
100258
947868
566333
717513
106124
802006
41228
566275
975227
250294
632344
715548
548323
820731
589315
174456
273254
135726
196801
578628
473189
714270
436886
200326
875131
361115
423039
272768
417770
71433
823490
53420
445967
949443
582539
238280
28265
289075
372831
761579
216562
881148
583664
217838
640178
890097
823440
655051
871799
535906
240441
397638
359673
573465
139849
817691
990132
843981
567189
610187
358993
323106
958061
313467
389221
508270
410591
306932
394013
278460
396239
984070
394022
586622
944292
750216
488562
603104
398668
195316
345198
330255
669350
878514
984437
869027
145624
606010
949437
585934
295645
77614
384971
441298
58629
303372
846538
544885
459081
378828
326230
486789
593879
2936
669996
252634
107053
884235
442505
732350
895817
434075
644600
964542
950113
215673
115822
189666
42355
525826
634758
783324
208554
897902
374336
989687
20600
826956
816177
607680
558290
753919
149170
211351
279476
475019
947258
96051
414281
933547
891792
545205
251163
391170
31057
473980
481111
499821
588457
210374
984941
465579
112241
692952
271789
695889
407677
883310
516518
506188
922612
540395
660639
818021
4587
464641
686674
755113
83816
421665
285492
796692
129277
718304
689708
315117
277517
305852
202350
639463
347901
393175
122762
833538
652794
722845
600645
127233
395280
525062
703758
603426
240336
254640
330024
314498
663565
10028
225709
925309
752874
494883
594438
454241
914835
442291
472967
446800
611843
735490
797207
570351
260816
608111
894485
950445
463664
537769
176395
993069
207524
774996
873674
262903
288276
926286
400881
469460
744448
859081
670204
799841
45992
636099
478561
57552
767085
108302
805461
73741
769359
624483
506663
299545
926908
22724
269619
248094
148083
957583
474216
718001
726305
727438
133771
810211
972174
247918
714650
573077
464851
744072
919856
491436
176265
554975
380441
838942
396582
918874
183293
852044
13903
590917
53523
872491
678211
531942
737931
772165
490425
542337
953173
662799
290256
512776
75337
286104
587069
967401
22113
355987
246382
72314
991420
405285
264823
810215
386594
119614
464914
266638
238072
858597
428554
489791
828933
940415
907863
990565
452753
52224
38254
175933
754187
122808
466546
570392
820968
143675
863388
76679
978676
932700
869114
636320
685850
856122
253026
558995
836241
691556
726579
375239
186881
469072
104032
282271
372021
276826
856698
522117
463015
440757
412198
496068
645053
187100
826377
841642
151505
148969
434698
923641
68881
463846
902612
349694
442611
952206
377249
374551
159898
191692
137970
244390
996991
518676
893197
2889
150383
813980
613663
272588
996311
965831
683902
744869
133946
797137
547241
609887
233199
990201
61846
826070
767187
889541
388362
46936
186815
892736
379459
816405
801813
559114
907274
507208
150437
252936
614338
443693
503960
489924
512747
593320
317389
352433
271161
196682
153203
580891
778480
769512
360291
54296
509344
136263
195227
219365
722544
874192
288045
936671
948858
435899
938326
707920
69782
690938
420817
35637
211367
380717
535950
661365
319969
322296
930288
598122
213103
63408
197759
340796
297256
916777
688475
672801
900051
96196
620813
298289
480799
976216
284074
89100
303604
501388
398620
225287
655586
129655
590364
818051
155620
670413
778631
685488
462641
716732
35141
109921
24644
430162
473249
333908
832178
568826
679409
180788
204486
801953
656176
492597
521592
792791
164121
906261
417804
843688
44544
499631
874420
667556
971648
359350
646497
455240
439785
287170
984954
623550
968840
953381
86278
526949
823569
494148
660880
642763
966619
949622
739491
382348
212093
938760
746583
291681
483810
392401
53263
329305
17255
14295
205882
759197
9154
468599
315497
20467
470085
424594
465164
423805
336773
918292
639922
84329
361045
391850
691303
569789
991775
790548
810831
972179
662383
69097
24648
552124
82226
636143
27315
862467
54134
565948
246083
590411
735124
906625
823450
630464
624247
581188
8482
539196
978109
266597
784265
829071
629516
957487
990350
930642
876374
72338
815692
255465
483064
289971
227613
579537
231790
164311
805231
900544
424583
992883
411232
476368
551306
211452
459867
628034
691995
919249
364823
62598
905322
932602
116394
377828
257383
660619
841058
877028
771741
209824
218910
790595
777173
134769
252748
736411
885883
703677
528729
864438
28504
771269
878367
274247
730874
560370
450186
233013
207051
260339
701201
693367
373901
482236
612967
916374
290572
238991
293619
658777
286742
538766
681291
831157
183528
293425
775787
479651
973291
165131
986300
743250
102512
531388
247857
614622
128018
551529
524507
239142
151076
513636
336083
752569
885835
204696
550350
140982
527362
805131
581682
143565
538014
898140
189457
845723
271837
406306
491606
929119
628732
694916
327627
223928
655971
529504
808979
934703
188820
761844
784884
995604
730864
636014
792790
222054
338046
644212
91498
861495
944910
995977
486285
18118
992022
609074
61416
67510
218995
399520
276491
39314
698171
455813
575672
630622
191352
701782
407325
82084
745658
875243
419268
534979
947919
707817
520983
645526
998324
913801
376542
55995
550408
307632
7284
479829
244451
791359
564878
132058
376075
884647
444764
816646
572826
624403
333486
244829
745117
865145
596493
729204
614113
204238
418088
371231
539366
442217
659331
952543
851546
561360
627626
500679
2501
95595
652463
145744
896061
634702
601746
655611
91466
650962
223244
311857
656612
238932
273536
115577
241034
414125
120411
869480
185818
968492
116689
888860
431895
819320
489720
675772
709583
189201
293021
60295
16330
678318
570939
23939
855014
512660
832409
732917
276606
61303
843684
950050
116262
249816
658417
621191
260725
20610
85954
480772
566058
552781
95578
806875
100837
938315
248660
102460
614448
441058
194898
691826
50863
493001
67508
942033
304354
327930
153014
643332
306579
967800
672826
272041
955533
366038
948452
463001
304395
899896
641516
771987
212661
418701
915408
888583
317060
299946
10099
688877
272193
655996
543763
91650
82312
543583
882440
628659
577643
932570
201519
666737
486603
688995
376168
440902
459963
253798
993965
825860
943258
511555
432660
467168
943284
580628
767023
142547
354752
174960
762106
73093
908018
83719
975167
610670
209156
662380
191322
140102
829241
919070
567542
969774
204464
93254
966997
989879
938641
624689
137846
382099
627090
275007
25858
250281
697569
215054
629330
814911
614943
350731
132621
89469
302788
409788
196535
592853
427895
263045
415198
889593
464061
376383
770309
726426
479259
232735
351992
803977
305815
186277
202530
834787
342826
872868
771580
249034
524023
926900
901691
305854
665036
109994
246309
994405
748667
90235
255803
346893
540386
479122
494850
832120
261938
135928
117817
950642
312624
346939
568013
748832
969373
511342
287266
645513
829718
96089
322558
202317
562425
396013
860371
429039
414311
386331
416835
994146
243878
608822
811248
385679
569189
251195
218828
24896
421583
26015
53075
571938
927174
912663
418509
978084
307557
850193
22160
24008
667177
199698
183865
39740
915590
616604
296301
447673
463324
832524
961200
884474
18116
919993
938138
2695
550958
939633
594751
622032
103345
965429
83666
977312
860117
592193
469344
747501
33195
287238
682794
862156
154905
918088
179015
810217
581719
338209
177873
891307
108444
549297
464925
737496
725444
890166
201894
806676
305113
627431
808228
844550
359569
983724
179391
671478
619354
392654
545588
397758
192334
156026
475454
859422
835901
749139
395131
420647
622863
499268
695117
555662
114905
508246
490661
504354
241564
143047
227812
611343
134225
660934
173693
999030
404926
679199
612356
499971
713933
141663
984330
510278
238239
62993
374347
81181
84566
582242
554089
668877
630361
844269
836636
411290
254355
870567
954094
470032
222208
633240
572250
680635
523371
148961
711655
789721
553531
423728
216077
166194
8810
502552
444860
260636
237212
379036
891901
152617
170843
337398
336984
972794
104305
132823
898260
705776
361920
551212
412224
81436
416069
506994
162456
679150
652873
592429
236440
206977
90245
775517
107244
724974
251582
45977
15137
19087
168268
654264
516343
879167
508958
938014
787546
285845
230031
780699
766730
530830
495357
665615
420232
18080
917330
22094
184976
90149
366380
680447
574217
677357
397292
60565
40442
575032
466322
702285
146933
965886
538421
789084
230230
804570
455694
762330
772730
711685
645189
709530
605481
632403
133826
828281
233328
942793
902048
616257
791530
687089
504076
214639
321255
591710
880340
770969
759725
97244
132205
759457
285640
742150
970009
469275
295056
370390
875122
180201
186771
332873
789889
119960
702500
145732
801681
544155
755862
359979
121241
445480
794547
78033
138766
154451
52684
910419
246190
886229
188205
424699
796772
841481
321762
890098
626796
98576
551271
895149
222065
885605
277515
159347
90257
388572
450096
355375
214080
746420
751150
993472
710945
318033
603940
304375
940154
454563
484949
959958
308789
164637
241964
81855
801423
204111
928051
372590
255487
39948
262446
802033
170652
426839
780122
651656
153723
641633
137179
390678
194630
951701
662404
359086
493237
291908
368369
236376
24379
115950
966189
666108
869682
48803
389210
531682
930629
256959
764340
137817
897915
862084
859255
782797
511319
889279
306261
871111
817324
708165
478316
538672
911846
632704
869676
133842
969661
636704
753743
992308
273752
182807
626437
96136
987260
378659
642370
345365
834088
437689
59699
770315
503978
288622
198684
169252
532071
668474
357558
281446
35550
301606
718027
134073
588639
960154
151791
457271
210551
659226
92853
963130
980634
490296
364735
950327
234912
573974
270628
848032
888258
941027
927007
524809
418002
229517
620779
215927
11719
924162
14051
182011
29207
963780
693670
176876
20574
560787
342413
874343
275429
334475
215366
348131
694101
963695
301993
814067
455584
579471
818984
688648
14586
827378
51405
755353
139609
478964
478692
903645
403457
287779
383807
312788
988553
368382
173403
12889
779228
935916
375541
96415
880046
295982
737084
800737
321939
473813
732289
869221
639004
624640
12694
10580
781051
322890
532589
340799
177500
444452
171490
490561
6466
667900
323900
377142
651714
852875
343241
256837
883016
122426
145460
297483
93919
763658
547162
916339
231425
582106
849585
713124
269691
152835
241824
491838
752173
610005
470726
162114
603637
470619
131185
617202
231766
643570
166643
199421
945198
417998
735485
901515
507056
139764
390824
681163
809481
324586
22717
118745
355345
619078
698502
528477
142429
243159
66377
814482
437416
155575
429168
889243
597157
161870
22823
447947
580325
737036
130861
92372
544226
227990
34904
982463
602385
871931
407658
154487
890787
653512
886882
611155
555009
275680
997508
353988
42462
448590
407330
361621
680007
682307
892566
927941
599517
39985
437190
372659
621158
641031
615350
57591
45115
881649
305690
375593
149492
164077
838672
388917
333270
623625
858429
543299
113109
355305
507954
574055
222282
467560
260233
978380
550524
907002
584924
412118
992996
793209
407088
627559
767766
176687
537086
792785
589129
874878
113991
931042
929073
757003
590927
309433
634581
212467
195482
971915
347213
874377
624331
627080
351252
957381
9358
50918
431267
200665
83251
840108
990597
46695
479663
957703
627052
352032
903799
87666
127677
580630
975810
735518
385084
312588
548990
816799
523203
476034
178826
699450
107643
893724
666497
400618
108099
702360
364891
971775
147481
99509
341428
209134
36789
569839
697128
575354
241929
784309
71631
468659
873375
977627
762830
54850
787160
569825
165985
933597
52104
566073
453923
793373
665762
9765
530526
354069
125680
758301
366599
722847
600651
553336
420388
144425
446459
301928
413961
922868
155119
274369
892126
792684
120500
179017
194421
881595
624796
751262
629791
807620
785550
720438
998045
576072
487939
909228
820924
78297
577562
623427
27607
37872
123759
426289
842798
98645
228565
318705
520094
818573
906185
691735
151617
537263
28975
352123
188923
1100
610467
446249
69748
174389
207319
276931
738519
790388
607542
944775
31144
215769
600524
308060
595851
759073
80145
750878
93067
428949
58721
517623
458238
941829
255036
619154
570799
46760
843806
575558
308900
468319
936346
627895
749976
952300
389004
886272
592767
187461
912356
951886
126459
462343
4764
187752
20208
887176
716972
574344
80942
250505
424348
732307
240993
231703
526897
937014
467445
97115
42241
260940
574407
462322
707047
41433
286333
379146
859639
224538
276840
45239
651226
72462
429920
566282
719806
293062
992224
916521
350207
927148
741844
364897
287943
748302
897655
846191
763081
866138
559446
609826
725047
171955
149041
732676
585891
98984
765004
18122
84562
182753
155287
990872
953852
648618
608756
15212
755998
291637
359183
293350
306335
200818
581309
198155
143137
209084
51471
562181
129434
27783
628108
244142
24259
63583
171128
91779
638325
236634
279681
315564
631634
192231
295263
753423
100702
959688
778340
297632
868846
828438
343680
261773
38823
220970
791857
680116
149890
413073
510292
789851
988152
294565
575127
468505
554944
249676
602892
23657
304059
752982
153800
886925
686557
344897
222729
418290
996753
67516
55270
944960
855644
23100
202261
307112
951275
824257
906642
129597
672637
973414
179479
681469
242945
719227
351634
254469
55054
292439
163454
193504
545347
556252
31075
719334
745802
119434
203897
383334
451693
660902
627324
243136
570727
549782
936741
229090
735768
954107
146268
432107
200327
589660
855538
850364
240138
212656
630185
112353
24768
629956
573290
5523
775253
540988
271757
945612
897489
673379
162445
936198
730796
115695
901534
693491
46314
310488
825050
315179
319246
185808
256595
818338
996548
177151
492092
299951
432137
658127
887397
985597
677186
137360
314853
118229
350572
977198
551925
268292
130723
204220
741490
876457
437108
649204
97824
667604
119525
417622
403434
522666
336380
288716
151216
323132
300312
3267
542551
62119
750892
526844
204955
759055
627320
292909
428532
361205
458393
986111
242594
560975
122332
202433
671125
934959
70972
337953
551699
199156
691206
314868
374295
957003
722417
39670
381089
336757
666300
869409
633805
505267
525767
342260
628820
712014
150493
223621
202034
577708
758226
145022
348582
676527
824775
817492
597288
492103
508994
671318
512649
742729
645830
366908
667360
70678
625573
488904
629021
753340
671856
543732
935907
762490
394196
30283
827522
153195
903862
967703
868574
701888
464282
557749
228435
640311
527430
462456
358495
689303
739871
872943
935282
318118
85449
416557
297832
351922
723397
649517
257292
423371
948384
740922
745703
872869
224269
807031
697694
350242
730397
208093
718423
322172
64296
874074
804010
761347
212175
363740
690389
747292
338421
246173
565652
672265
387656
89437
817561
842344
795778
475654
500495
646106
65157
176368
80336
763276
278603
497366
841705
117573
799889
449877
221397
135178
388161
282842
676612
660705
319137
301913
168721
905273
837276
817062
926281
18218
284400
85948
174428
566896
828119
256122
969509
15924
156752
333511
789761
505833
153191
720535
608969
589002
561803
461882
813721
784720
324856
917232
894268
899021
335253
493401
961950
588480
415820
535205
241342
669465
873050
640822
410883
539714
974378
368760
10126
500087
284783
84851
469143
731435
118948
429489
208878
553538
78857
265210
879255
580903
454444
394794
651691
866287
998430
183389
258275
67738
921846
473943
492337
443446
490126
97759
95137
287007
28628
487294
193618
404764
524108
642713
601294
163226
84076
583648
709186
8203
998188
3527
295129
633987
769440
807613
475014
329405
182599
474400
143748
748955
644983
623935
986087
187629
551256
106494
580992
603743
500401
389811
271642
576348
156040
3552
643627
543861
209662
22750
459135
262605
873932
69281
468271
589349
772850
722879
358182
30384
495684
864659
640576
700488
247804
894896
309757
371376
937566
52474
301845
345168
512414
145352
649557
246088
109528
928952
173156
749768
302772
93375
93670
689182
774563
884097
933815
979727
151757
459876
463252
900549
256277
768090
733615
582473
985071
76863
495659
662586
74190
308122
660510
216982
430568
196241
570478
956789
856535
896768
677830
827319
507844
14626
806912
813335
198104
883364
48496
814777
686581
173248
976113
327319
166345
88909
878053
579616
346500
944455
773446
457137
464109
542985
232476
799624
862779
4848
247070
304422
462758
562224
207687
660268
801318
818893
281241
928593
845016
38035
752159
126821
979978
35749
4412
774146
865334
667800
584622
813641
117500
351967
166861
223241
292113
365111
463333
49359
310840
271777
879244
364942
272918
606717
32767
19543
744604
863807
826054
675035
947016
209670
238756
829854
706171
273642
447705
831482
138892
999972
462417
140420
313295
3094
354853
270733
261990
318389
518649
918081
529010
485669
755838
618540
871247
716448
565641
666156
128379
344495
395080
12036
357468
672849
983079
457534
605068
954473
46565
353790
237844
313968
139293
400119
533090
65587
514999
546750
572871
122326
285849
794106
227176
225561
123799
643144
474606
556710
774969
797943
68780
59129
608914
661092
144143
919086
304550
272740
948532
675622
684121
101973
131175
857745
717033
622880
144261
347207
277250
255451
819342
738565
537519
943453
360784
202010
447696
976138
918753
770370
937083
672310
651965
100221
853275
562189
816554
386590
722202
325559
374030
852425
186393
382372
930440
385766
106477
14640
325493
55070
920255
432811
305562
763375
488414
852634
65362
570027
736246
620858
371709
127557
635399
13023
797153
259310
277730
903633
488221
85133
599461
750669
380677
599453
291886
866730
153440
207098
230835
899335
39631
28983
94957
881967
875608
615151
680838
400841
247833
501440
174600
238271
572056
892117
855342
958283
982980
244616
143579
780647
830023
531663
663388
371250
264342
217894
776018
291147
138364
758975
861235
715196
788854
350203
78391
185751
130503
487632
568728
891684
926498
189362
324681
65368
134440
829318
654973
888223
616776
624768
771665
252544
565157
466783
511718
314938
184233
673040
488780
999066
97432
354279
706515
311806
273093
912683
372402
627488
422065
295398
421621
762571
993687
433946
275222
337731
790264
868727
631733
736107
241054
943931
569339
560324
287235
790505
465576
287844
729042
150922
491786
488270
629415
571213
142240
58471
880448
456130
276651
333386
402398
157060
180063
385010
458229
137573
265031
177177
896421
146176
535482
235766
160802
693281
8626
305532
649131
146859
874777
345908
516922
695912
290114
649484
881403
788115
499425
177113
261394
416136
818642
408171
68856
511208
971994
709969
321296
477452
180333
418625
889876
2714
183391
293483
242233
578636
95502
830350
342421
92400
366958
876688
915585
308546
506732
998470
145621
895202
536968
171261
572613
187156
690756
416427
781631
900361
450537
491947
218277
85685
737790
409068
113831
370113
863181
337963
895993
749206
878769
726577
553543
280922
260114
220865
781032
821542
812956
827401
176603
989121
231374
501797
185720
54487
684625
978804
86288
694374
418384
718341
7151
460155
75083
403264
18154
941294
267842
843143
369343
498600
671106
807468
892307
731583
749811
953923
263549
400583
915073
380552
125038
186073
542005
309581
489424
960354
260429
850272
506603
833159
437873
333448
728656
907850
597523
541374
753777
613205
314148
580970
98056
759588
705282
422939
304373
836316
379716
820262
125372
245264
453635
99222
271510
532325
868674
545772
169210
384831
902714
379924
457002
664279
326316
916724
351581
933384
21136
910174
642052
432005
838547
186148
992474
666515
871917
17390
94095
91603
793426
516027
560608
726981
763937
871241
180022
432012
570083
724331
114979
936599
788033
584368
369528
980964
898827
913035
706302
830408
821726
551883
716369
364058
728141
225677
489515
73024
883922
627612
281945
924972
534584
392297
447569
613260
755463
208144
167684
554204
314073
890317
771609
263038
358460
264548
263851
909498
201907
333893
658739
134749
897836
918016
340259
243471
325537
878532
701445
701931
70679
873467
99875
823969
530475
851414
71764
31278
497649
438702
214529
463603
27504
899124
390355
10844
281599
892153
850731
117118
392062
140923
815276
668365
875923
178221
159695
924273
727486
486642
457847
822817
816556
883726
701963
348266
167379
67118
247112
759612
335904
53945
277220
77246
338172
207713
809371
801024
687907
979724
368897
615322
529872
70729
116149
496740
501103
540558
146325
238245
69883
677672
502345
907911
999090
255409
108793
837529
17805
255533
514073
959414
100856
27822
1268
733922
557174
173079
513481
220799
260220
742485
319160
832529
812434
748225
333182
413250
962449
393565
804245
907577
852147
882556
914702
373199
67722
498380
262344
818434
31258
988036
205970
476982
130970
581323
737504
146338
575787
784625
567001
344983
339930
548936
296591
131716
516220
553927
782804
979812
743704
157896
410334
815881
650969
593830
99233
683035
858817
447814
23554
357507
757115
414480
527955
196993
214277
19884
668901
595300
338756
545507
876378
591854
895937
532644
800561
347320
257536
274484
755115
616063
651069
806261
439409
447323
580877
953341
648199
565780
702865
343424
437413
189347
711677
383103
788341
346449
716333
870982
448093
368941
25409
928685
336308
716549
753982
839090
620267
430300
452
173152
963872
847305
384207
275706
374377
488507
698991
293836
882585
715488
114368
890925
724118
915911
671394
412977
477146
903040
340797
548945
29910
903031
479874
753552
209113
702768
183365
350221
451947
460762
329643
296253
680015
189334
711865
672724
454318
745373
778185
328991
732160
222604
569088
994945
591212
998997
140159
717584
188944
303820
2787
995039
217344
293894
520230
132982
354499
979856
676217
73427
750586
923374
275854
100680
962520
361005
318648
228031
740424
838620
683757
681873
277396
411173
234495
374578
252437
332114
404342
616682
200321
859072
860198
460415
856908
319654
45592
13535
756802
671342
111267
138193
852340
200203
136311
974118
969160
765878
521784
279755
780429
320904
523374
136004
235538
548013
705246
406813
714364
773719
347308
982885
958552
955806
576638
76125
522177
813147
901422
218689
57859
244491
958546
10892
398124
14982
512996
411276
531022
280651
764531
862079
134235
851272
543008
180393
622011
765985
624144
967978
146948
531334
107202
962464
226208
444705
74258
55189
431158
270172
864897
86584
191927
251920
869666
301479
745687
149642
273778
517595
888385
53946
726699
26251
212104
456052
748324
868451
863606
793806
39166
510967
230635
193024
825900
552308
128886
477892
550791
378195
23341
872537
749356
375526
535726
990667
346956
394824
129111
930026
677405
409214
384457
80728
248128
563941
968033
194422
914586
296446
674705
424929
164455
522200
871652
936257
343202
636348
545424
993715
845444
122458
895348
782295
282328
9701
866000
247152
634773
327963
124367
982933
909688
181726
248392
204499
224318
230110
468331
493311
148834
233730
437539
233070
511852
420256
861999
318571
895136
136472
98895
469823
907488
533442
788380
524831
856825
775786
3521
463423
419943
395690
466532
245452
401237
941299
810783
937024
832039
716161
18370
624497
80969
676922
720041
366480
289519
696949
774976
48523
746602
167789
583521
458414
855091
70288
224503
282911
431242
435153
42942
726165
486715
197642
293026
152159
779471
826479
555760
651983
364653
316516
545302
605719
773282
818119
407436
414981
824519
698417
564209
509492
556564
504864
466489
698425
671501
489958
79871
27479
951396
977552
68041
533668
218287
766945
511169
828649
170104
332883
9174
603902
823484
398500
195959
192937
734366
897189
718839
484056
697568
126213
802044
793980
97535
854899
358431
693278
364865
994640
899772
808559
232826
841123
395877
548842
331007
592320
859819
352609
837335
347275
413924
624510
365071
716315
562830
359903
615654
62676
821151
770488
210309
70328
492048
814016
18199
398592
814512
793877
107592
546032
971107
715441
151054
750646
641917
129731
27514
824606
778860
249617
3176
648036
701484
578965
407286
64680
180745
126937
77430
761442
699241
838866
219359
771465
380032
317702
597927
966627
644858
274962
454195
276064
867510
318710
160106
405938
865324
614275
974518
472961
646419
946422
363987
64289
220039
515368
32681
724355
676023
381179
806577
778240
809116
70366
55181
389135
123527
451419
459049
72389
980364
682427
249216
481247
825788
896792
539434
851077
817888
940797
841173
243604
616180
134245
493641
405995
979447
50433
286421
468841
978979
586756
327010
174469
82902
135725
122588
221707
110850
540421
757813
449158
882911
604734
297933
244712
694925
384790
391992
879229
135012
953763
492140
652584
670147
97111
783189
409176
9424
296332
862450
57306
226491
944222
279633
418741
165000
794555
977983
344885
664679
588724
117676
724479
943361
659247
297519
925853
85447
550015
847894
998866
423789
714810
32843
31121
155881
911648
158038
529173
825857
601750
751677
110316
39244
130714
898653
710715
721565
416820
121356
611029
463123
689896
619689
221567
918333
98218
768856
163132
105047
537278
642682
308817
96396
183825
133246
202941
461283
779096
494750
477628
338226
109731
234805
756731
9667
593198
645529
822652
573172
822441
5318
620042
969818
155181
563674
49131
576996
565008
306857
966520
40900
139585
384237
629420
484683
992664
957155
823909
52320
295078
181900
789816
478204
984026
386092
709927
235820
286988
466399
592273
499722
555445
229271
702650
331033
754829
923932
361544
599878
93752
690723
64600
256268
350685
992533
490889
822850
17195
917055
611091
964623
605897
36320
190685
65880
834854
193759
796030
806504
267015
790603
818989
214218
379860
916675
167922
797600
606264
89462
464005
126244
255177
671868
498154
933288
759510
668105
194017
589626
15294
775835
210207
615704
367502
348847
163610
342542
387084
576017
151689
994947
408265
231712
905099
296669
247207
985934
463386
666072
26210
462494
103475
554949
985671
416923
810978
807628
932540
253749
298997
853084
619328
551232
721344
302369
580640
66297
60922
679979
849872
494482
39234
34477
573727
254838
148654
8870
714992
593378
829456
828303
220850
780480
961463
14021
642195
381955
439498
186247
4255
995698
574222
141081
500728
138040
377783
156805
474960
636055
458005
692541
157673
935139
923314
292183
69560
69705
999674
99227
174908
805
252622
891118
283680
419067
252237
915389
909197
734274
993008
437433
785916
135475
442250
323621
593420
85477
129030
961522
101529
286705
498932
911499
406194
554722
373215
903849
81799
54865
573980
844376
904794
347405
617831
200148
4995
127567
588736
187254
33412
183527
367363
137012
346776
688478
2321
448477
244013
605743
940364
294421
130342
514927
592469
358423
726429
64364
660267
987450
83942
632815
995148
990541
313277
831694
800361
310776
661478
817799
547700
965513
264988
458629
210337
763171
38816
3107
101352
413628
778575
363959
894765
628124
937551
411522
334563
376597
72191
756427
595380
942846
772904
136186
327290
692238
752698
745361
582718
715702
481222
283356
41894
230895
699790
438677
990257
48114
468075
372146
179367
777775
126988
583359
389392
76515
574502
611604
787582
726226
409385
393923
513072
581716
760338
726639
624706
148131
540681
105960
256264
29202
876359
742307
601050
803533
832654
276063
115802
76564
42946
809583
352211
907667
934419
62470
402630
807241
367161
436295
509094
141411
619393
515954
425028
743755
70372
721714
932223
33884
35582
133933
934063
612073
973316
118096
312284
783817
800116
812671
85826
418430
982678
848811
811998
37805
693075
58689
865742
51376
874417
890228
412758
800663
372035
615599
79900
248176
232685
33774
323695
117444
812470
402165
809194
221138
104502
466740
904652
236216
886060
260444
824418
442041
436508
754620
121659
921708
715340
536056
389013
37040
187454
827927
261194
592626
493449
5539
789422
185828
476167
191385
908029
902345
94686
512209
298730
690183
441727
207112
142433
101567
287505
960554
788280
538508
180555
88680
137445
758128
360937
787377
987461
891528
559865
668595
819218
140798
772121
460901
477763
217377
217646
168439
787625
254555
515905
705336
849410
504341
20792
913999
836087
166603
814011
997101
773056
623597
572282
821896
977473
424919
33077
746488
586141
744453
36329
50020
126794
120160
38255
939080
725652
762573
825796
542346
35030
897997
622017
405778
460362
77891
984321
138034
988048
251330
779932
884840
244379
508124
113954
631238
351861
790673
553039
499525
497194
216352
336172
275435
152900
266629
610299
63838
667012
360255
21634
879637
215675
989263
138377
88697
490071
653636
832651
842402
881115
65758
627153
544099
115332
501781
996462
641077
496246
257609
319433
302141
158792
8136
343079
820310
241354
725685
469630
227155
418342
399109
550105
953247
617860
560315
467228
686433
828899
484314
435330
769581
5936
453099
878980
645000
35940
759387
564603
961968
8281
548887
369052
886728
783444
306457
178756
358223
718284
449859
928287
5743
712381
289750
268323
796123
17214
967242
69962
10647
653320
122200
772285
950985
812073
599405
143389
412678
911669
325854
694583
209866
492412
828814
133068
289271
783783
129173
97894
833373
773532
427572
773633
1546
647853
315744
871025
791525
595602
538294
418127
530119
668449
344149
855807
231932
677214
953467
917873
666738
608768
722924
640927
847316
110251
790807
676337
329942
606020
289461
162150
878641
477742
704937
147191
511375
710120
168267
101221
476681
98460
813172
261058
553018
321510
617637
381138
101079
229721
986757
409531
420715
988688
484234
121010
422330
242963
411072
836357
180275
340812
384946
941430
763951
75544
871821
361486
824373
558883
16559
373454
974657
937769
551137
870066
934957
616802
329408
634208
741284
912732
791868
265079
971320
919573
237865
493307
84268
775276
720292
719997
934929
552825
591427
620389
236028
709213
566888
655273
636201
127349
899648
23404
979083
266304
778833
121386
342509
678606
971518
52004
282229
994803
101518
439365
664303
601516
387607
421383
704650
117469
982359
436363
837827
173513
709882
389909
34357
489278
893270
161024
287134
520949
363722
35290
506870
383265
591112
849701
898816
802118
62582
551177
53304
576420
613836
141741
992547
551018
943436
389247
127877
476762
734671
135111
699157
625714
272659
695988
955652
334750
178409
237630
233162
42579
337744
3348
932038
54207
332414
546496
507330
781256
417120
675169
881142
161472
900065
934380
373371
286846
955734
815119
43350
610985
543604
603954
301283
194743
500458
509109
339708
322528
644981
101453
326988
952512
642779
365237
321957
716289
627669
595277
588837
158047
418855
998384
247892
31498
786995
533023
354862
200412
64846
836922
958840
230056
147251
93389
342268
851702
757698
602442
500518
436313
621623
69073
248257
238879
963474
578729
424849
890142
90113
735735
879599
402670
997272
595039
72746
584531
765393
485037
277516
224104
578152
436368
106231
200436
598257
142781
11559
691843
917276
36871
166308
494649
353853
397478
34892
737487
219480
6223
602944
25773
389841
814296
857613
54846
422764
898572
400592
327566
723552
155539
228837
228543
977195
668510
636995
863236
234582
118995
348781
560126
959599
328866
515395
526742
541079
218056
643207
209048
673340
600607
592368
212630
771758
831081
275351
509034
860497
829424
325991
628711
639110
794634
787873
803827
319782
199214
468888
37886
980903
355649
560148
451633
876054
764194
826655
368808
3830
735411
866275
310658
941473
802276
410247
515537
935076
399792
505055
785030
17253
381903
165681
214875
474185
860314
866735
962177
291806
186065
130059
23162
100604
836796
931989
812950
761809
566461
621705
754846
180214
469503
138666
272727
867870
608633
846944
10281
196851
534186
116007
275913
195327
569714
563405
168866
953976
618865
366887
930219
637750
362231
410971
196438
640600
749832
676682
326477
785558
321121
44788
221320
780897
918546
918508
420254
847610
170084
631594
417721
286447
368214
440258
420771
643873
853095
882870
4288
346021
322547
532210
939178
351652
448189
605769
547238
887279
585848
280933
390810
139261
156293
480781
411834
183714
687797
614714
107734
877288
807923
298711
554648
400236
710776
145672
711035
120749
464810
135834
206062
872533
765177
524999
656211
610973
391277
261417
999062
231335
99070
981730
675368
149324
973376
43082
515631
107573
460146
145547
890931
989803
205328
694452
672604
533122
512091
982564
10520
458538
379299
347231
448571
169224
401532
860936
452544
657925
105988
478995
719996
258994
7274
898770
797704
731585
387293
507148
150340
531514
969876
176963
441125
83716
837667
139004
825851
241681
125211
172285
426567
564353
585523
684609
50848
632439
906670
794567
8961
127967
73298
523045
837535
929534
274306
935827
290058
925938
386309
17002
618537
313253
241630
979301
586320
201878
405216
332896
250662
32332
797763
25859
980033
737208
375083
887518
473262
79768
865522
783214
831046
73079
872988
728341
318450
206027
17829
848571
586531
365653
445055
574063
917270
221537
358506
320467
798863
722465
380886
339663
725167
401993
93634
422448
786274
300232
75586
638420
860810
128609
437224
80387
889679
615243
582990
439434
908973
276991
424475
610758
770430
243448
983208
74537
484480
931117
691699
582358
994224
559658
947569
937023
379454
717182
639795
590861
554451
684637
583885
407975
908288
526167
843327
295052
421353
374466
867076
208871
551701
730953
742694
491270
156855
478313
919556
395747
596561
674677
478868
898170
379227
597104
574893
948316
900188
494661
667655
901076
150352
959272
176570
977602
612995
916335
938496
272565
33279
268221
942312
755458
52652
13396
316064
637249
578415
504859
277963
839139
220129
563887
416355
264213
73064
214500
65869
461272
302291
208958
859853
349831
105632
778816
198165
375334
985737
700917
786127
534939
806065
99317
8811
312669
142220
834610
31434
531397
56635
343586
484615
394795
899162
991242
241910
279956
21195
379636
546249
139129
561469
660305
962193
248782
953184
991623
220567
261224
498085
376949
215265
352070
534529
385153
752606
205434
724017
641310
524164
252695
584040
942684
482337
677980
962753
591555
990994
426485
767893
364220
493309
329293
253425
945143
547798
162302
70244
46880
565506
325499
525602
775536
1754
465842
266
928640
822722
405252
917664
867918
816456
703544
116982
895936
254793
631786
520318
300284
753603
693533
503905
576317
24667
900930
806617
197075
781500
305218
144602
597226
732146
40396
779516
579552
913258
506793
435983
885376
763239
270005
659769
357632
692574
394452
998968
783699
339916
67273
974911
694137
931927
975644
390379
541083
131514
938696
735916
449652
565413
104919
428285
443834
357559
725972
292767
432499
929032
254079
179660
266703
461064
974985
234551
90511
186819
874539
31503
182422
124163
661795
377412
113786
917561
499978
795557
134482
296911
520437
156676
426924
129024
817206
359102
532250
599568
849991
873921
646747
194714
449341
119285
820065
322849
10234
723156
25659
169014
618098
874627
505110
848313
551464
380125
541266
794287
908595
782339
975063
605710
352896
163850
66397
150281
248448
765147
789996
130409
854729
982316
409110
982687
697566
821095
591263
452057
502890
925937
590257
996579
645735
988241
819393
575637
715268
519551
252589
753654
186599
105592
583382
830718
888450
759595
281678
845728
484888
291653
508843
274444
617088
939317
221785
442464
356768
651181
485299
42149
810439
451149
48886
454879
436630
709394
898130
272955
930542
695869
571415
470233
374229
299393
143435
442652
649767
677705
986815
396678
797345
737099
905888
121298
385891
609187
210276
915437
43235
608150
88254
87615
226732
363588
122923
785817
744672
625183
738221
157719
279935
290458
578277
632460
691645
944491
931035
689690
566265
441434
591000
738819
99432
116788
406820
933969
142370
159664
744879
499543
318810
609842
736474
607459
367964
839858
79282
523034
883696
398168
738111
570887
775628
876546
866030
340813
903372
215984
531199
767488
439798
191384
648019
230771
254806
8292
720267
627057
817137
514070
504130
230204
970641
509554
536591
457975
999024
207457
532239
900562
882020
395588
533560
733223
453725
897718
590737
888734
268496
863855
817017
413986
558129
710410
621098
127408
508586
45829
651518
348260
533716
555802
391231
31881
651833
841633
560327
132181
464020
688047
74937
951213
423016
218579
404073
156750
220409
957065
532017
650925
619498
374579
736214
537850
536743
271671
391625
821648
632879
752838
898064
6580
446273
363214
468948
202439
53997
735088
435581
636354
636719
294275
63570
405392
492117
838062
647053
778245
851611
737676
427025
765870
270808
293996
964919
687921
153487
487300
191788
473023
553605
775920
692658
237317
543077
396097
356478
689536
768492
647105
178682
414344
995437
960004
78431
83792
26976
650019
90554
919408
55885
586798
127701
593638
403972
887909
339123
938965
409190
363351
444655
394472
292347
85859
258431
292280
852429
136853
756968
37559
473875
935107
479328
31592
318527
729415
437795
462057
684148
493908
411038
161965
654801
359535
551578
973477
828534
20484
454447
764043
294748
253513
64451
781079
194869
871484
637247
983834
188057
1492
457297
526015
843199
349535
622211
690911
222100
381386
987243
642624
32877
646066
235199
304639
469619
798361
174724
113254
405020
330703
103873
251535
545456
643162
214531
591419
796891
796161
160120
565593
969139
956421
613735
617891
147843
533665
640947
817795
70066
856681
14942
627733
515995
72533
796890
339803
526409
773216
558506
299918
910473
427434
670795
694070
295607
275959
237371
265492
558719
154231
235763
805773
50015
155931
330821
620244
25383
817283
895798
472737
790838
951152
112528
877114
929575
475185
482644
153135
498643
878669
972888
922186
932432
638718
386596
494764
61456
646575
421320
209812
98030
360747
381958
659768
132880
70871
966453
940221
867947
451564
208292
404368
389571
876894
718133
860897
736431
882836
535315
753371
892496
186382
684529
235340
343013
366420
925417
464327
302572
853394
699824
912394
23633
601348
845909
130396
453321
277974
749677
91416
799377
93949
274377
478240
173229
848209
113462
322723
871170
617342
768253
513140
272601
481944
321180
469693
866094
47689
801427
826292
480907
688289
385252
832945
255463
347303
4
629656
651076
476262
603481
106358
779652
677805
33788
235317
79298
227635
985863
495153
622563
603460
245667
289500
15288
665185
731006
884646
672252
511534
640885
478581
580576
179619
999204
509105
525166
92081
416499
48834
468673
734517
574185
81679
25748
277904
551112
93976
16284
968450
692775
68400
101630
613751
603519
251164
497628
420222
801417
369062
928961
796870
989731
610598
706624
754161
839668
566066
610803
939567
162990
370353
92863
232964
832019
592454
899228
991873
771409
670704
946834
808480
154277
113508
371783
261002
362918
936373
234300
254122
419855
456176
199167
954932
35208
496462
577076
333929
850461
379385
656397
36782
849706
894338
324510
879881
253800
921350
980709
799941
608792
265208
854775
289506
882398
717381
166257
752972
632892
548808
921061
221548
213553
203453
613225
72914
891683
746629
186381
393690
364969
589922
696469
587126
303052
611268
214148
243805
474061
56378
63649
407513
909116
858022
285081
908645
328477
17386
674971
770038
737542
883485
701906
273841
696036
799053
467706
735703
975107
806794
596027
424145
842463
419040
363594
531826
62194
535651
131750
631106
741863
844973
574947
280889
361641
528358
281248
519874
126903
248102
909635
89294
426331
109536
612807
2159
634126
335946
780917
789611
381602
934373
210405
926643
176360
522910
178573
181913
107081
179811
78700
617237
966434
766550
60552
619014
708434
471435
91127
897131
904749
524243
390919
226192
38977
927404
27353
879427
175305
128695
50957
458048
149606
343756
107322
156608
518272
959210
64064
550331
22800
204550
345704
519838
272976
758339
778227
885393
742916
877935
352202
54144
728203
314199
827708
953956
976779
8023
211449
30268
631542
661442
334431
285051
895412
193890
792765
618495
319860
859430
387021
996762
304800
979981
676925
554439
599240
645751
31357
41242
476425
95645
418519
391460
834011
118823
580131
273413
967518
503607
524134
602829
907055
31917
459161
841638
840800
888585
403747
490493
39692
497741
400326
47173
676540
726176
341130
712258
492479
707864
635606
954910
99883
310883
509835
291413
186826
313479
993588
921872
232143
484817
490985
913576
11904
851976
74667
422089
656375
415452
679094
404661
41220
238390
419842
506680
759600
600574
855424
782998
396545
79916
767510
502062
684497
977659
914570
757022
930779
789427
115098
525230
846948
336637
351266
492562
193146
673233
550386
9920
25717
552086
144309
738552
392572
324334
158591
493473
558064
474909
316498
319598
921453
141632
983709
606361
394422
99727
653106
448047
278250
596047
83495
931865
177043
847899
885233
731498
284094
269033
928005
981937
304212
887392
918172
760740
694234
992055
37814
213375
769076
762832
61460
506471
625768
802394
91364
832924
250271
469782
612882
390245
92278
953518
887025
405097
111322
392233
109811
535053
416153
913858
279717
609633
899961
180777
979203
935949
399304
841570
281396
414508
353169
790658
342297
565340
570501
635721
877796
771287
827854
969486
830565
724063
706535
922153
431180
938059
410681
484459
660856
435328
905074
52964
733792
286631
396889
40308
554673
428129
31178
868267
347214
237828
520625
114246
381318
99118
762448
164916
123864
951082
606297
820324
205100
697530
186795
69737
740411
609910
325515
365351
985284
480085
473741
676402
58457
523042
910465
737759
566781
772371
850023
245390
834618
803522
735253
548074
437667
689023
658074
599985
772613
636445
933748
422462
610918
139273
688623
154080
886972
138310
319131
671390
502663
275596
32733
946027
869278
546867
288214
829199
644666
975666
421010
388124
837293
4894
6385
329503
595036
858203
231081
100985
708696
188287
463534
232497
489614
131488
827421
329092
888883
839637
934768
708667
843403
966392
561017
93185
576021
414885
416158
313075
621052
575218
792756
613878
277603
632311
648826
854321
513314
924838
488909
264646
636041
331254
618224
978372
757626
96563
325459
453994
868782
23555
205187
202647
446680
451672
433510
182023
856838
956971
612341
945277
44030
428643
93947
261385
962778
904995
648814
693724
226593
816516
831217
177872
449718
937693
550089
117692
926591
37513
746774
918416
189328
842537
644188
625520
166466
903179
919900
389780
56729
577405
481147
546710
309563
948605
684660
487295
851646
334709
768001
450676
352858
344894
174742
504764
755968
497112
928143
215639
176481
800177
553415
865485
875278
34489
904875
107407
110208
507881
93603
985088
356567
196006
909519
755276
556779
454507
186461
47527
464158
278216
60761
822242
773169
549061
591221
280030
322082
715871
981134
614334
642106
288555
210046
93569
145513
943838
372798
76778
116364
807883
297182
787251
766966
875748
998602
531069
612256
111927
659717
921781
401723
201729
418853
490403
68472
656917
745368
180384
730806
194124
210414
35748
162172
399646
199370
260110
42364
941564
615418
280965
573273
279390
386444
537759
814954
395023
517632
553684
986210
199354
235271
619170
147742
164579
378089
836248
570272
57784
638952
916458
47023
180406
911566
581049
750203
837264
318031
116499
526551
479833
114179
766565
271752
158703
959221
611800
590806
950421
562287
845557
768904
773521
811724
537170
86516
338176
946647
29422
381449
474633
143262
252643
282240
747515
704233
164195
270075
874566
652896
411745
838894
241661
332146
830608
849549
178980
660808
588782
864184
330670
789394
843230
166742
813381
393114
250427
206160
83353
345990
528420
155475
307789
769609
853470
702155
579883
646566
956366
865013
291342
213818
140623
957924
59152
453183
992593
12525
359641
832976
350319
860684
486842
100131
290610
987995
778052
661120
805541
959091
489392
371628
262193
200927
772135
188303
839577
781258
606327
404617
706617
338914
3595
74697
109737
946513
440447
317443
604688
213244
634463
846199
799333
363070
145377
726725
457202
682064
17644
797584
200361
582357
536646
6101
705454
678615
64701
973681
669927
435260
530164
922989
782535
560376
165321
749603
529322
793088
469463
822456
739768
48656
530188
462816
270766
496323
772599
308352
434084
871596
772495
219564
582460
929218
210012
547929
775387
491307
940187
330662
884098
772409
567114
622369
925104
329814
548599
336435
808432
599680
960829
662836
906207
88642
753414
431164
524743
367953
457608
144296
221679
47425
363418
832746
428630
512314
83290
647749
658478
105129
479621
334424
637928
563529
108385
389755
629638
128413
880764
307864
136801
243775
695538
977226
697381
337402
927175
190553
89467
266065
84880
555976
418225
937928
430646
53662
272978
23125
619516
84767
871041
238007
713526
422371
808941
213170
384272
461123
183443
576828
968606
755154
113900
705905
167653
3923
684710
168440
21583
405669
75708
93436
688685
271239
57002
324408
289956
353331
510921
954671
174178
915171
818422
556780
782406
991443
53627
800777
278779
125886
48201
831241
723525
589513
224836
734384
771034
531759
773258
669722
694436
812977
312852
76258
952620
147588
262863
913573
219742
325445
62056
813875
804190
693624
33900
744473
515276
251892
82302
586005
922473
390155
932666
948871
280477
905534
349110
756387
470240
914526
227896
170218
300486
167514
694262
622408
127380
489916
736179
954358
285136
675355
627883
306707
943590
937886
813226
688957
367552
357193
948441
162453
942347
376532
511040
850296
143109
555084
407371
514997
9006
15374
765802
919946
192767
217920
440362
679727
617669
787857
919217
645384
137026
952679
556878
945430
367443
467559
614609
440116
925327
744501
987292
641851
456877
256438
938582
22906
51990
356268
759261
827978
752250
747679
331650
535285
71623
107603
878947
444917
543279
390423
231733
398479
961905
233999
946770
67939
50416
72048
673278
226036
240028
84334
474617
217272
126255
447788
851316
431531
262823
202951
570658
685514
797889
308595
592613
405050
815508
521094
938425
954303
193489
119343
118131
34157
820196
306700
434547
280958
863767
566954
173059
715278
758580
527810
599350
253657
507318
184924
536446
890767
885987
643678
969677
160316
985146
896147
482669
930720
715514
872203
262456
548704
322566
575481
645881
412249
803168
885773
907003
171749
393882
933123
27821
781795
253419
927806
937627
46190
39473
632160
680896
815344
134923
747765
312053
726563
641216
757812
973373
57606
419750
48848
452547
777845
206910
410316
893229
448856
240043
570961
123790
867084
369210
842274
394720
5888
760422
710635
366671
354725
983762
385034
262062
407861
397844
487282
918133
984490
556567
470946
534155
359035
755741
109235
126125
728607
728393
303047
357504
491642
276297
671659
185058
428306
31850
985352
771684
845829
303444
570817
727573
283759
282456
454400
14023
301420
250183
603981
640380
836576
905692
998009
645382
459523
302413
925790
668908
233209
394933
53260
561106
116056
945683
780527
921686
156953
747590
549179
703199
138731
521201
233954
413350
194284
162434
72951
199850
117329
237330
104041
999147
563909
351699
888301
233736
279656
398660
838859
16451
883296
818043
206018
17947
541704
308643
571225
748794
391869
635748
935319
684324
528061
778824
882012
109923
982389
173755
846242
298178
764574
564774
559524
800975
486738
117824
438722
808924
650876
701673
3971
265770
93134
554272
221367
732604
322694
399136
832511
920281
241581
440856
585765
319669
289152
995331
376097
678976
78132
77396
622781
735214
620964
462481
203781
770902
126740
945517
982032
311598
747109
462085
23635
769335
608255
541506
29449
929289
86224
586012
488335
723282
473727
301287
538898
358950
31705
198311
273905
260774
330205
314613
142870
360750
888975
731170
496337
578179
63766
612913
291400
931105
896190
499627
75821
624452
377685
470945
610214
369659
736920
320325
342732
366546
296970
803538
647926
604934
905813
463771
255814
657863
842768
755701
870626
294828
446660
150162
890832
826367
21922
206602
357573
120107
134550
589015
394799
626835
294560
9720
734606
557597
904486
222294
970121
887193
71678
74881
116842
34809
90168
198678
765207
222802
914129
173720
511982
982137
409052
664461
633790
115503
695063
528274
443577
100462
673419
968323
389838
189674
134258
665265
74778
993694
269736
511123
486031
679484
649334
524928
333304
475524
56512
219267
207226
321876
282543
12678
965268
43444
853279
432880
201854
423285
472005
21286
142001
453065
355675
413731
869861
720653
673910
758488
859915
99662
617037
174842
399288
58040
398932
914545
319416
840213
913232
564887
223366
589617
587287
785456
894148
136044
882450
843667
166769
963868
103537
713662
935924
263244
141098
88605
334216
535893
107789
851086
229564
406758
288642
445038
887757
340946
590992
271225
443526
717397
806482
929018
261416
402503
940977
991172
804710
710037
647264
265784
366439
74665
116692
981324
621071
400716
950168
454989
488099
710214
113258
277900
465246
828445
277753
643444
864858
492339
455392
898004
207958
229308
617517
48024
462953
523340
909532
833669
402273
41528
186807
803531
695132
383893
306360
537244
700279
15468
385166
269834
724096
116365
481092
939992
743462
441364
747569
979750
434409
951202
501398
259327
999025
52999
599652
821082
465352
339042
557645
723437
309997
989195
826683
65874
215189
288612
833201
679196
109327
686603
416468
255851
143392
133291
637755
969981
391478
22830
183382
278663
40915
44653
172890
676829
745464
944879
301967
770655
962962
618769
771972
184572
752100
