1: 134 64 5 148 97 163 43 192 116 159
2: 44 24 144 115 183 200 50 114 139 89
3: 22 13 56 188 106 131 104 69 39 49
4: 161 31 41 177 146 124 176 87 40 42
5: 74 152 95 79 193 102 187 191 103 154
6: 178 123 36 199 68 11 76 81 169 10
7: 173 66 84 120 155 197 143 14 141 26
8: 17 111 101 198 182 3 128 19 100 2
9: 174 99 117 86 85 107 62 145 48 47
10: 137 149 156 94 80 88 185 30 98 52
11: 28 32 58 77 1 82 46 12 6 168
12: 157 90 126 162 189 118 112 29 108 75
13: 83 121 37 138 51 91 195 7 147 151
14: 73 23 175 71 20 153 8 194 190 135
15: 4 136 132 93 18 110 186 25 54 171
16: 119 57 142 65 45 78 165 184 59 109
17: 67 133 150 16 15 35 158 180 33 105
18: 130 70 172 61 60 72 63 53 55 181
19: 160 34 167 113 9 170 21 179 125 166
20: 27 140 92 129 164 127 122 96 196 38
